##TITLE= Agar_Iz_70ms_26Hz
##JCAMP-DX= 5.00 Bruker JCAMP library
##DATA TYPE= Shape Data
##ORIGIN= Bruker BioSpin GmbH
##OWNER= <Alexej Jerschow>
##DATE= 2009/12/21
##TIME= 08:41:22
##$SHAPE_PARAMETERS= 
##MINX= 1.140206e-01
##MAXX= 1.000000e+02
##MINY= 9.000000e+01
##MAXY= 2.700000e+02
##$SHAPE_EXMODE= 
##$SHAPE_TOTROT= 
##$SHAPE_TYPE= 
##$SHAPE_USER_DEF= 
##$SHAPE_REPHFAC= 
##$SHAPE_BWFAC= 
##$SHAPE_BWFAC50= 
##$SHAPE_INTEGFAC= 
##$SHAPE_MODE= 
##NPOINTS= 1000
##XYPOINTS= (XY..XY)
6.430180e+01, 9.000000e+01
6.384292e+01, 9.000000e+01
6.338339e+01, 9.000000e+01
6.292323e+01, 9.000000e+01
6.246245e+01, 9.000000e+01
6.200108e+01, 9.000000e+01
6.153913e+01, 9.000000e+01
6.107663e+01, 9.000000e+01
6.061360e+01, 9.000000e+01
6.015005e+01, 9.000000e+01
5.968601e+01, 9.000000e+01
5.922150e+01, 9.000000e+01
5.875654e+01, 9.000000e+01
5.829114e+01, 9.000000e+01
5.782534e+01, 9.000000e+01
5.735915e+01, 9.000000e+01
5.689260e+01, 9.000000e+01
5.642570e+01, 9.000000e+01
5.595848e+01, 9.000000e+01
5.549097e+01, 9.000000e+01
5.502318e+01, 9.000000e+01
5.455513e+01, 9.000000e+01
5.408685e+01, 9.000000e+01
5.361837e+01, 9.000000e+01
5.314970e+01, 9.000000e+01
5.268087e+01, 9.000000e+01
5.221190e+01, 9.000000e+01
5.174282e+01, 9.000000e+01
5.127365e+01, 9.000000e+01
5.080441e+01, 9.000000e+01
5.033513e+01, 9.000000e+01
4.986583e+01, 9.000000e+01
4.939654e+01, 9.000000e+01
4.892728e+01, 9.000000e+01
4.845807e+01, 9.000000e+01
4.798894e+01, 9.000000e+01
4.751991e+01, 9.000000e+01
4.705101e+01, 9.000000e+01
4.658226e+01, 9.000000e+01
4.611370e+01, 9.000000e+01
4.564533e+01, 9.000000e+01
4.517719e+01, 9.000000e+01
4.470931e+01, 9.000000e+01
4.424170e+01, 9.000000e+01
4.377440e+01, 9.000000e+01
4.330743e+01, 9.000000e+01
4.284081e+01, 9.000000e+01
4.237457e+01, 9.000000e+01
4.190874e+01, 9.000000e+01
4.144333e+01, 9.000000e+01
4.097839e+01, 9.000000e+01
4.051393e+01, 9.000000e+01
4.004997e+01, 9.000000e+01
3.958655e+01, 9.000000e+01
3.912369e+01, 9.000000e+01
3.866141e+01, 9.000000e+01
3.819975e+01, 9.000000e+01
3.773873e+01, 9.000000e+01
3.727837e+01, 9.000000e+01
3.681870e+01, 9.000000e+01
3.635974e+01, 9.000000e+01
3.590153e+01, 9.000000e+01
3.544409e+01, 9.000000e+01
3.498744e+01, 9.000000e+01
3.453161e+01, 9.000000e+01
3.407664e+01, 9.000000e+01
3.362253e+01, 9.000000e+01
3.316933e+01, 9.000000e+01
3.271705e+01, 9.000000e+01
3.226572e+01, 9.000000e+01
3.181538e+01, 9.000000e+01
3.136604e+01, 9.000000e+01
3.091773e+01, 9.000000e+01
3.047048e+01, 9.000000e+01
3.002432e+01, 9.000000e+01
2.957926e+01, 9.000000e+01
2.913535e+01, 9.000000e+01
2.869260e+01, 9.000000e+01
2.825104e+01, 9.000000e+01
2.781070e+01, 9.000000e+01
2.737160e+01, 9.000000e+01
2.693377e+01, 9.000000e+01
2.649724e+01, 9.000000e+01
2.606203e+01, 9.000000e+01
2.562818e+01, 9.000000e+01
2.519570e+01, 9.000000e+01
2.476462e+01, 9.000000e+01
2.433497e+01, 9.000000e+01
2.390677e+01, 9.000000e+01
2.348006e+01, 9.000000e+01
2.305485e+01, 9.000000e+01
2.263118e+01, 9.000000e+01
2.220907e+01, 9.000000e+01
2.178855e+01, 9.000000e+01
2.136964e+01, 9.000000e+01
2.095237e+01, 9.000000e+01
2.053677e+01, 9.000000e+01
2.012286e+01, 9.000000e+01
1.971067e+01, 9.000000e+01
1.930022e+01, 9.000000e+01
1.889154e+01, 9.000000e+01
1.848466e+01, 9.000000e+01
1.807960e+01, 9.000000e+01
1.767639e+01, 9.000000e+01
1.727506e+01, 9.000000e+01
1.687562e+01, 9.000000e+01
1.647812e+01, 9.000000e+01
1.608256e+01, 9.000000e+01
1.568899e+01, 9.000000e+01
1.529742e+01, 9.000000e+01
1.490788e+01, 9.000000e+01
1.452039e+01, 9.000000e+01
1.413499e+01, 9.000000e+01
1.375169e+01, 9.000000e+01
1.337052e+01, 9.000000e+01
1.299152e+01, 9.000000e+01
1.261469e+01, 9.000000e+01
1.224008e+01, 9.000000e+01
1.186770e+01, 9.000000e+01
1.149758e+01, 9.000000e+01
1.112974e+01, 9.000000e+01
1.076422e+01, 9.000000e+01
1.040103e+01, 9.000000e+01
1.004020e+01, 9.000000e+01
9.681754e+00, 9.000000e+01
9.325719e+00, 9.000000e+01
8.972119e+00, 9.000000e+01
8.620979e+00, 9.000000e+01
8.272324e+00, 9.000000e+01
7.926177e+00, 9.000000e+01
7.582565e+00, 9.000000e+01
7.241510e+00, 9.000000e+01
6.903039e+00, 9.000000e+01
6.567174e+00, 9.000000e+01
6.233941e+00, 9.000000e+01
5.903363e+00, 9.000000e+01
5.575465e+00, 9.000000e+01
5.250270e+00, 9.000000e+01
4.927804e+00, 9.000000e+01
4.608089e+00, 9.000000e+01
4.291149e+00, 9.000000e+01
3.977008e+00, 9.000000e+01
3.665690e+00, 9.000000e+01
3.357217e+00, 9.000000e+01
3.051615e+00, 9.000000e+01
2.748905e+00, 9.000000e+01
2.449112e+00, 9.000000e+01
2.152258e+00, 9.000000e+01
1.858366e+00, 9.000000e+01
1.567459e+00, 9.000000e+01
1.279560e+00, 9.000000e+01
9.946923e-01, 9.000000e+01
7.128779e-01, 9.000000e+01
4.341393e-01, 9.000000e+01
1.584990e-01, 9.000000e+01
1.140206e-01, 2.700000e+02
3.833976e-01, 2.700000e+02
6.496096e-01, 2.700000e+02
9.126349e-01, 2.700000e+02
1.172452e+00, 2.700000e+02
1.429038e+00, 2.700000e+02
1.682373e+00, 2.700000e+02
1.932434e+00, 2.700000e+02
2.179201e+00, 2.700000e+02
2.422651e+00, 2.700000e+02
2.662765e+00, 2.700000e+02
2.899521e+00, 2.700000e+02
3.132899e+00, 2.700000e+02
3.362877e+00, 2.700000e+02
3.589435e+00, 2.700000e+02
3.812553e+00, 2.700000e+02
4.032211e+00, 2.700000e+02
4.248387e+00, 2.700000e+02
4.461064e+00, 2.700000e+02
4.670220e+00, 2.700000e+02
4.875836e+00, 2.700000e+02
5.077893e+00, 2.700000e+02
5.276371e+00, 2.700000e+02
5.471251e+00, 2.700000e+02
5.662513e+00, 2.700000e+02
5.850140e+00, 2.700000e+02
6.034112e+00, 2.700000e+02
6.214411e+00, 2.700000e+02
6.391018e+00, 2.700000e+02
6.563915e+00, 2.700000e+02
6.733085e+00, 2.700000e+02
6.898509e+00, 2.700000e+02
7.060169e+00, 2.700000e+02
7.218048e+00, 2.700000e+02
7.372129e+00, 2.700000e+02
7.522394e+00, 2.700000e+02
7.668827e+00, 2.700000e+02
7.811411e+00, 2.700000e+02
7.950128e+00, 2.700000e+02
8.084963e+00, 2.700000e+02
8.215900e+00, 2.700000e+02
8.342922e+00, 2.700000e+02
8.466013e+00, 2.700000e+02
8.585158e+00, 2.700000e+02
8.700342e+00, 2.700000e+02
8.811548e+00, 2.700000e+02
8.918762e+00, 2.700000e+02
9.021970e+00, 2.700000e+02
9.121156e+00, 2.700000e+02
9.216306e+00, 2.700000e+02
9.307406e+00, 2.700000e+02
9.394441e+00, 2.700000e+02
9.477399e+00, 2.700000e+02
9.556265e+00, 2.700000e+02
9.631025e+00, 2.700000e+02
9.701668e+00, 2.700000e+02
9.768179e+00, 2.700000e+02
9.830546e+00, 2.700000e+02
9.888757e+00, 2.700000e+02
9.942800e+00, 2.700000e+02
9.992661e+00, 2.700000e+02
1.003833e+01, 2.700000e+02
1.007980e+01, 2.700000e+02
1.011705e+01, 2.700000e+02
1.015007e+01, 2.700000e+02
1.017885e+01, 2.700000e+02
1.020339e+01, 2.700000e+02
1.022367e+01, 2.700000e+02
1.023968e+01, 2.700000e+02
1.025141e+01, 2.700000e+02
1.025886e+01, 2.700000e+02
1.026201e+01, 2.700000e+02
1.026085e+01, 2.700000e+02
1.025537e+01, 2.700000e+02
1.024557e+01, 2.700000e+02
1.023144e+01, 2.700000e+02
1.021297e+01, 2.700000e+02
1.019015e+01, 2.700000e+02
1.016298e+01, 2.700000e+02
1.013144e+01, 2.700000e+02
1.009553e+01, 2.700000e+02
1.005525e+01, 2.700000e+02
1.001058e+01, 2.700000e+02
9.961520e+00, 2.700000e+02
9.908068e+00, 2.700000e+02
9.850215e+00, 2.700000e+02
9.787956e+00, 2.700000e+02
9.721286e+00, 2.700000e+02
9.650200e+00, 2.700000e+02
9.574694e+00, 2.700000e+02
9.494764e+00, 2.700000e+02
9.410406e+00, 2.700000e+02
9.321617e+00, 2.700000e+02
9.228393e+00, 2.700000e+02
9.130732e+00, 2.700000e+02
9.028630e+00, 2.700000e+02
8.922087e+00, 2.700000e+02
8.811099e+00, 2.700000e+02
8.695665e+00, 2.700000e+02
8.575785e+00, 2.700000e+02
8.451457e+00, 2.700000e+02
8.322681e+00, 2.700000e+02
8.189456e+00, 2.700000e+02
8.051783e+00, 2.700000e+02
7.909661e+00, 2.700000e+02
7.763093e+00, 2.700000e+02
7.612079e+00, 2.700000e+02
7.456621e+00, 2.700000e+02
7.296720e+00, 2.700000e+02
7.132380e+00, 2.700000e+02
6.963602e+00, 2.700000e+02
6.790389e+00, 2.700000e+02
6.612746e+00, 2.700000e+02
6.430676e+00, 2.700000e+02
6.244183e+00, 2.700000e+02
6.053273e+00, 2.700000e+02
5.857948e+00, 2.700000e+02
5.658217e+00, 2.700000e+02
5.454083e+00, 2.700000e+02
5.245554e+00, 2.700000e+02
5.032636e+00, 2.700000e+02
4.815336e+00, 2.700000e+02
4.593662e+00, 2.700000e+02
4.367621e+00, 2.700000e+02
4.137223e+00, 2.700000e+02
3.902476e+00, 2.700000e+02
3.663389e+00, 2.700000e+02
3.419972e+00, 2.700000e+02
3.172236e+00, 2.700000e+02
2.920190e+00, 2.700000e+02
2.663847e+00, 2.700000e+02
2.403217e+00, 2.700000e+02
2.138313e+00, 2.700000e+02
1.869148e+00, 2.700000e+02
1.595734e+00, 2.700000e+02
1.318086e+00, 2.700000e+02
1.036217e+00, 2.700000e+02
7.501412e-01, 2.700000e+02
4.598748e-01, 2.700000e+02
1.654329e-01, 2.700000e+02
1.331683e-01, 9.000000e+01
4.359121e-01, 9.000000e+01
7.427813e-01, 9.000000e+01
1.053758e+00, 9.000000e+01
1.368825e+00, 9.000000e+01
1.687962e+00, 9.000000e+01
2.011150e+00, 9.000000e+01
2.338370e+00, 9.000000e+01
2.669600e+00, 9.000000e+01
3.004821e+00, 9.000000e+01
3.344009e+00, 9.000000e+01
3.687144e+00, 9.000000e+01
4.034202e+00, 9.000000e+01
4.385160e+00, 9.000000e+01
4.739994e+00, 9.000000e+01
5.098679e+00, 9.000000e+01
5.461191e+00, 9.000000e+01
5.827504e+00, 9.000000e+01
6.197592e+00, 9.000000e+01
6.571427e+00, 9.000000e+01
6.948982e+00, 9.000000e+01
7.330229e+00, 9.000000e+01
7.715140e+00, 9.000000e+01
8.103685e+00, 9.000000e+01
8.495834e+00, 9.000000e+01
8.891557e+00, 9.000000e+01
9.290822e+00, 9.000000e+01
9.693597e+00, 9.000000e+01
1.009985e+01, 9.000000e+01
1.050955e+01, 9.000000e+01
1.092266e+01, 9.000000e+01
1.133915e+01, 9.000000e+01
1.175898e+01, 9.000000e+01
1.218212e+01, 9.000000e+01
1.260853e+01, 9.000000e+01
1.303817e+01, 9.000000e+01
1.347101e+01, 9.000000e+01
1.390701e+01, 9.000000e+01
1.434613e+01, 9.000000e+01
1.478832e+01, 9.000000e+01
1.523356e+01, 9.000000e+01
1.568181e+01, 9.000000e+01
1.613300e+01, 9.000000e+01
1.658712e+01, 9.000000e+01
1.704411e+01, 9.000000e+01
1.750394e+01, 9.000000e+01
1.796655e+01, 9.000000e+01
1.843191e+01, 9.000000e+01
1.889997e+01, 9.000000e+01
1.937068e+01, 9.000000e+01
1.984401e+01, 9.000000e+01
2.031989e+01, 9.000000e+01
2.079829e+01, 9.000000e+01
2.127916e+01, 9.000000e+01
2.176244e+01, 9.000000e+01
2.224810e+01, 9.000000e+01
2.273608e+01, 9.000000e+01
2.322632e+01, 9.000000e+01
2.371879e+01, 9.000000e+01
2.421343e+01, 9.000000e+01
2.471019e+01, 9.000000e+01
2.520902e+01, 9.000000e+01
2.570986e+01, 9.000000e+01
2.621266e+01, 9.000000e+01
2.671737e+01, 9.000000e+01
2.722393e+01, 9.000000e+01
2.773229e+01, 9.000000e+01
2.824240e+01, 9.000000e+01
2.875420e+01, 9.000000e+01
2.926763e+01, 9.000000e+01
2.978264e+01, 9.000000e+01
3.029916e+01, 9.000000e+01
3.081716e+01, 9.000000e+01
3.133656e+01, 9.000000e+01
3.185731e+01, 9.000000e+01
3.237935e+01, 9.000000e+01
3.290262e+01, 9.000000e+01
3.342707e+01, 9.000000e+01
3.395264e+01, 9.000000e+01
3.447926e+01, 9.000000e+01
3.500687e+01, 9.000000e+01
3.553543e+01, 9.000000e+01
3.606486e+01, 9.000000e+01
3.659510e+01, 9.000000e+01
3.712610e+01, 9.000000e+01
3.765780e+01, 9.000000e+01
3.819013e+01, 9.000000e+01
3.872304e+01, 9.000000e+01
3.925645e+01, 9.000000e+01
3.979032e+01, 9.000000e+01
4.032458e+01, 9.000000e+01
4.085916e+01, 9.000000e+01
4.139401e+01, 9.000000e+01
4.192907e+01, 9.000000e+01
4.246426e+01, 9.000000e+01
4.299954e+01, 9.000000e+01
4.353484e+01, 9.000000e+01
4.407010e+01, 9.000000e+01
4.460525e+01, 9.000000e+01
4.514024e+01, 9.000000e+01
4.567500e+01, 9.000000e+01
4.620947e+01, 9.000000e+01
4.674359e+01, 9.000000e+01
4.727730e+01, 9.000000e+01
4.781054e+01, 9.000000e+01
4.834325e+01, 9.000000e+01
4.887536e+01, 9.000000e+01
4.940683e+01, 9.000000e+01
4.993758e+01, 9.000000e+01
5.046755e+01, 9.000000e+01
5.099670e+01, 9.000000e+01
5.152495e+01, 9.000000e+01
5.205226e+01, 9.000000e+01
5.257855e+01, 9.000000e+01
5.310378e+01, 9.000000e+01
5.362789e+01, 9.000000e+01
5.415082e+01, 9.000000e+01
5.467250e+01, 9.000000e+01
5.519290e+01, 9.000000e+01
5.571194e+01, 9.000000e+01
5.622958e+01, 9.000000e+01
5.674576e+01, 9.000000e+01
5.726042e+01, 9.000000e+01
5.777352e+01, 9.000000e+01
5.828500e+01, 9.000000e+01
5.879481e+01, 9.000000e+01
5.930289e+01, 9.000000e+01
5.980920e+01, 9.000000e+01
6.031368e+01, 9.000000e+01
6.081628e+01, 9.000000e+01
6.131697e+01, 9.000000e+01
6.181568e+01, 9.000000e+01
6.231237e+01, 9.000000e+01
6.280699e+01, 9.000000e+01
6.329950e+01, 9.000000e+01
6.378986e+01, 9.000000e+01
6.427801e+01, 9.000000e+01
6.476392e+01, 9.000000e+01
6.524754e+01, 9.000000e+01
6.572884e+01, 9.000000e+01
6.620776e+01, 9.000000e+01
6.668427e+01, 9.000000e+01
6.715834e+01, 9.000000e+01
6.762992e+01, 9.000000e+01
6.809897e+01, 9.000000e+01
6.856547e+01, 9.000000e+01
6.902937e+01, 9.000000e+01
6.949064e+01, 9.000000e+01
6.994924e+01, 9.000000e+01
7.040515e+01, 9.000000e+01
7.085834e+01, 9.000000e+01
7.130876e+01, 9.000000e+01
7.175640e+01, 9.000000e+01
7.220123e+01, 9.000000e+01
7.264321e+01, 9.000000e+01
7.308232e+01, 9.000000e+01
7.351854e+01, 9.000000e+01
7.395184e+01, 9.000000e+01
7.438219e+01, 9.000000e+01
7.480958e+01, 9.000000e+01
7.523398e+01, 9.000000e+01
7.565537e+01, 9.000000e+01
7.607373e+01, 9.000000e+01
7.648904e+01, 9.000000e+01
7.690129e+01, 9.000000e+01
7.731046e+01, 9.000000e+01
7.771652e+01, 9.000000e+01
7.811948e+01, 9.000000e+01
7.851930e+01, 9.000000e+01
7.891597e+01, 9.000000e+01
7.930949e+01, 9.000000e+01
7.969985e+01, 9.000000e+01
8.008702e+01, 9.000000e+01
8.047099e+01, 9.000000e+01
8.085177e+01, 9.000000e+01
8.122933e+01, 9.000000e+01
8.160368e+01, 9.000000e+01
8.197479e+01, 9.000000e+01
8.234266e+01, 9.000000e+01
8.270729e+01, 9.000000e+01
8.306867e+01, 9.000000e+01
8.342679e+01, 9.000000e+01
8.378164e+01, 9.000000e+01
8.413322e+01, 9.000000e+01
8.448152e+01, 9.000000e+01
8.482653e+01, 9.000000e+01
8.516826e+01, 9.000000e+01
8.550670e+01, 9.000000e+01
8.584183e+01, 9.000000e+01
8.617366e+01, 9.000000e+01
8.650217e+01, 9.000000e+01
8.682737e+01, 9.000000e+01
8.714925e+01, 9.000000e+01
8.746780e+01, 9.000000e+01
8.778301e+01, 9.000000e+01
8.809488e+01, 9.000000e+01
8.840340e+01, 9.000000e+01
8.870856e+01, 9.000000e+01
8.901036e+01, 9.000000e+01
8.930879e+01, 9.000000e+01
8.960383e+01, 9.000000e+01
8.989547e+01, 9.000000e+01
9.018372e+01, 9.000000e+01
9.046854e+01, 9.000000e+01
9.074993e+01, 9.000000e+01
9.102788e+01, 9.000000e+01
9.130237e+01, 9.000000e+01
9.157339e+01, 9.000000e+01
9.184091e+01, 9.000000e+01
9.210492e+01, 9.000000e+01
9.236540e+01, 9.000000e+01
9.262233e+01, 9.000000e+01
9.287568e+01, 9.000000e+01
9.312543e+01, 9.000000e+01
9.337156e+01, 9.000000e+01
9.361403e+01, 9.000000e+01
9.385283e+01, 9.000000e+01
9.408792e+01, 9.000000e+01
9.431926e+01, 9.000000e+01
9.454682e+01, 9.000000e+01
9.477058e+01, 9.000000e+01
9.499048e+01, 9.000000e+01
9.520650e+01, 9.000000e+01
9.541859e+01, 9.000000e+01
9.562670e+01, 9.000000e+01
9.583081e+01, 9.000000e+01
9.603084e+01, 9.000000e+01
9.622677e+01, 9.000000e+01
9.641854e+01, 9.000000e+01
9.660609e+01, 9.000000e+01
9.678938e+01, 9.000000e+01
9.696835e+01, 9.000000e+01
9.714294e+01, 9.000000e+01
9.731309e+01, 9.000000e+01
9.747874e+01, 9.000000e+01
9.763983e+01, 9.000000e+01
9.779629e+01, 9.000000e+01
9.794805e+01, 9.000000e+01
9.809506e+01, 9.000000e+01
9.823724e+01, 9.000000e+01
9.837452e+01, 9.000000e+01
9.850682e+01, 9.000000e+01
9.863408e+01, 9.000000e+01
9.875622e+01, 9.000000e+01
9.887316e+01, 9.000000e+01
9.898482e+01, 9.000000e+01
9.909113e+01, 9.000000e+01
9.919201e+01, 9.000000e+01
9.928737e+01, 9.000000e+01
9.937714e+01, 9.000000e+01
9.946124e+01, 9.000000e+01
9.953957e+01, 9.000000e+01
9.961206e+01, 9.000000e+01
9.967863e+01, 9.000000e+01
9.973919e+01, 9.000000e+01
9.979365e+01, 9.000000e+01
9.984194e+01, 9.000000e+01
9.988396e+01, 9.000000e+01
9.991965e+01, 9.000000e+01
9.994890e+01, 9.000000e+01
9.997165e+01, 9.000000e+01
9.998780e+01, 9.000000e+01
9.999728e+01, 9.000000e+01
1.000000e+02, 9.000000e+01
9.999589e+01, 9.000000e+01
9.998486e+01, 9.000000e+01
9.996684e+01, 9.000000e+01
9.994176e+01, 9.000000e+01
9.990953e+01, 9.000000e+01
9.987008e+01, 9.000000e+01
9.982335e+01, 9.000000e+01
9.976926e+01, 9.000000e+01
9.970774e+01, 9.000000e+01
9.963873e+01, 9.000000e+01
9.956216e+01, 9.000000e+01
9.947798e+01, 9.000000e+01
9.938612e+01, 9.000000e+01
9.928653e+01, 9.000000e+01
9.917915e+01, 9.000000e+01
9.906393e+01, 9.000000e+01
9.894082e+01, 9.000000e+01
9.880978e+01, 9.000000e+01
9.867076e+01, 9.000000e+01
9.852372e+01, 9.000000e+01
9.836863e+01, 9.000000e+01
9.820544e+01, 9.000000e+01
9.803413e+01, 9.000000e+01
9.785467e+01, 9.000000e+01
9.766704e+01, 9.000000e+01
9.747121e+01, 9.000000e+01
9.726717e+01, 9.000000e+01
9.705489e+01, 9.000000e+01
9.683437e+01, 9.000000e+01
9.660560e+01, 9.000000e+01
9.636858e+01, 9.000000e+01
9.612330e+01, 9.000000e+01
9.586976e+01, 9.000000e+01
9.560796e+01, 9.000000e+01
9.533793e+01, 9.000000e+01
9.505966e+01, 9.000000e+01
9.477317e+01, 9.000000e+01
9.447849e+01, 9.000000e+01
9.417562e+01, 9.000000e+01
9.386460e+01, 9.000000e+01
9.354545e+01, 9.000000e+01
9.321821e+01, 9.000000e+01
9.288290e+01, 9.000000e+01
9.253956e+01, 9.000000e+01
9.218823e+01, 9.000000e+01
9.182896e+01, 9.000000e+01
9.146178e+01, 9.000000e+01
9.108675e+01, 9.000000e+01
9.070392e+01, 9.000000e+01
9.031333e+01, 9.000000e+01
8.991504e+01, 9.000000e+01
8.950912e+01, 9.000000e+01
8.909561e+01, 9.000000e+01
8.867459e+01, 9.000000e+01
8.824611e+01, 9.000000e+01
8.781025e+01, 9.000000e+01
8.736706e+01, 9.000000e+01
8.691662e+01, 9.000000e+01
8.645900e+01, 9.000000e+01
8.599428e+01, 9.000000e+01
8.552253e+01, 9.000000e+01
8.504382e+01, 9.000000e+01
8.455823e+01, 9.000000e+01
8.406585e+01, 9.000000e+01
8.356675e+01, 9.000000e+01
8.306101e+01, 9.000000e+01
8.254872e+01, 9.000000e+01
8.202996e+01, 9.000000e+01
8.150481e+01, 9.000000e+01
8.097336e+01, 9.000000e+01
8.043570e+01, 9.000000e+01
7.989192e+01, 9.000000e+01
7.934209e+01, 9.000000e+01
7.878631e+01, 9.000000e+01
7.822467e+01, 9.000000e+01
7.765726e+01, 9.000000e+01
7.708416e+01, 9.000000e+01
7.650547e+01, 9.000000e+01
7.592127e+01, 9.000000e+01
7.533166e+01, 9.000000e+01
7.473672e+01, 9.000000e+01
7.413656e+01, 9.000000e+01
7.353125e+01, 9.000000e+01
7.292088e+01, 9.000000e+01
7.230556e+01, 9.000000e+01
7.168537e+01, 9.000000e+01
7.106040e+01, 9.000000e+01
7.043074e+01, 9.000000e+01
6.979648e+01, 9.000000e+01
6.915771e+01, 9.000000e+01
6.851453e+01, 9.000000e+01
6.786702e+01, 9.000000e+01
6.721527e+01, 9.000000e+01
6.655937e+01, 9.000000e+01
6.589942e+01, 9.000000e+01
6.523549e+01, 9.000000e+01
6.456769e+01, 9.000000e+01
6.389610e+01, 9.000000e+01
6.322080e+01, 9.000000e+01
6.254189e+01, 9.000000e+01
6.185946e+01, 9.000000e+01
6.117358e+01, 9.000000e+01
6.048436e+01, 9.000000e+01
5.979188e+01, 9.000000e+01
5.909623e+01, 9.000000e+01
5.839748e+01, 9.000000e+01
5.769574e+01, 9.000000e+01
5.699109e+01, 9.000000e+01
5.628361e+01, 9.000000e+01
5.557339e+01, 9.000000e+01
5.486051e+01, 9.000000e+01
5.414508e+01, 9.000000e+01
5.342716e+01, 9.000000e+01
5.270685e+01, 9.000000e+01
5.198423e+01, 9.000000e+01
5.125940e+01, 9.000000e+01
5.053243e+01, 9.000000e+01
4.980341e+01, 9.000000e+01
4.907243e+01, 9.000000e+01
4.833957e+01, 9.000000e+01
4.760493e+01, 9.000000e+01
4.686858e+01, 9.000000e+01
4.613061e+01, 9.000000e+01
4.539112e+01, 9.000000e+01
4.465018e+01, 9.000000e+01
4.390789e+01, 9.000000e+01
4.316432e+01, 9.000000e+01
4.241958e+01, 9.000000e+01
4.167373e+01, 9.000000e+01
4.092688e+01, 9.000000e+01
4.017911e+01, 9.000000e+01
3.943050e+01, 9.000000e+01
3.868115e+01, 9.000000e+01
3.793114e+01, 9.000000e+01
3.718056e+01, 9.000000e+01
3.642949e+01, 9.000000e+01
3.567804e+01, 9.000000e+01
3.492628e+01, 9.000000e+01
3.417431e+01, 9.000000e+01
3.342221e+01, 9.000000e+01
3.267007e+01, 9.000000e+01
3.191799e+01, 9.000000e+01
3.116605e+01, 9.000000e+01
3.041434e+01, 9.000000e+01
2.966295e+01, 9.000000e+01
2.891198e+01, 9.000000e+01
2.816151e+01, 9.000000e+01
2.741164e+01, 9.000000e+01
2.666246e+01, 9.000000e+01
2.591405e+01, 9.000000e+01
2.516650e+01, 9.000000e+01
2.441992e+01, 9.000000e+01
2.367439e+01, 9.000000e+01
2.293000e+01, 9.000000e+01
2.218685e+01, 9.000000e+01
2.144502e+01, 9.000000e+01
2.070461e+01, 9.000000e+01
1.996572e+01, 9.000000e+01
1.922842e+01, 9.000000e+01
1.849282e+01, 9.000000e+01
1.775900e+01, 9.000000e+01
1.702706e+01, 9.000000e+01
1.629710e+01, 9.000000e+01
1.556919e+01, 9.000000e+01
1.484344e+01, 9.000000e+01
1.411993e+01, 9.000000e+01
1.339876e+01, 9.000000e+01
1.268002e+01, 9.000000e+01
1.196380e+01, 9.000000e+01
1.125019e+01, 9.000000e+01
1.053928e+01, 9.000000e+01
9.831160e+00, 9.000000e+01
9.125923e+00, 9.000000e+01
8.423657e+00, 9.000000e+01
7.724452e+00, 9.000000e+01
7.028398e+00, 9.000000e+01
6.335582e+00, 9.000000e+01
5.646094e+00, 9.000000e+01
4.960020e+00, 9.000000e+01
4.277449e+00, 9.000000e+01
3.598467e+00, 9.000000e+01
2.923161e+00, 9.000000e+01
2.251616e+00, 9.000000e+01
1.583917e+00, 9.000000e+01
9.201500e-01, 9.000000e+01
2.603975e-01, 9.000000e+01
3.952568e-01, 2.700000e+02
1.046730e+00, 2.700000e+02
1.693941e+00, 2.700000e+02
2.336809e+00, 2.700000e+02
2.975252e+00, 2.700000e+02
3.609192e+00, 2.700000e+02
4.238550e+00, 2.700000e+02
4.863248e+00, 2.700000e+02
5.483210e+00, 2.700000e+02
6.098358e+00, 2.700000e+02
6.708619e+00, 2.700000e+02
7.313917e+00, 2.700000e+02
7.914180e+00, 2.700000e+02
8.509336e+00, 2.700000e+02
9.099313e+00, 2.700000e+02
9.684041e+00, 2.700000e+02
1.026345e+01, 2.700000e+02
1.083747e+01, 2.700000e+02
1.140604e+01, 2.700000e+02
1.196909e+01, 2.700000e+02
1.252656e+01, 2.700000e+02
1.307838e+01, 2.700000e+02
1.362449e+01, 2.700000e+02
1.416483e+01, 2.700000e+02
1.469933e+01, 2.700000e+02
1.522795e+01, 2.700000e+02
1.575062e+01, 2.700000e+02
1.626728e+01, 2.700000e+02
1.677788e+01, 2.700000e+02
1.728236e+01, 2.700000e+02
1.778068e+01, 2.700000e+02
1.827278e+01, 2.700000e+02
1.875861e+01, 2.700000e+02
1.923812e+01, 2.700000e+02
1.971126e+01, 2.700000e+02
2.017798e+01, 2.700000e+02
2.063825e+01, 2.700000e+02
2.109201e+01, 2.700000e+02
2.153923e+01, 2.700000e+02
2.197986e+01, 2.700000e+02
2.241386e+01, 2.700000e+02
2.284119e+01, 2.700000e+02
2.326182e+01, 2.700000e+02
2.367570e+01, 2.700000e+02
2.408281e+01, 2.700000e+02
2.448310e+01, 2.700000e+02
2.487655e+01, 2.700000e+02
2.526313e+01, 2.700000e+02
2.564280e+01, 2.700000e+02
2.601553e+01, 2.700000e+02
2.638130e+01, 2.700000e+02
2.674008e+01, 2.700000e+02
2.709184e+01, 2.700000e+02
2.743657e+01, 2.700000e+02
2.777424e+01, 2.700000e+02
2.810482e+01, 2.700000e+02
2.842830e+01, 2.700000e+02
2.874465e+01, 2.700000e+02
2.905387e+01, 2.700000e+02
2.935592e+01, 2.700000e+02
2.965081e+01, 2.700000e+02
2.993851e+01, 2.700000e+02
3.021901e+01, 2.700000e+02
3.049229e+01, 2.700000e+02
3.075836e+01, 2.700000e+02
3.101719e+01, 2.700000e+02
3.126878e+01, 2.700000e+02
3.151312e+01, 2.700000e+02
3.175021e+01, 2.700000e+02
3.198004e+01, 2.700000e+02
3.220261e+01, 2.700000e+02
3.241791e+01, 2.700000e+02
3.262595e+01, 2.700000e+02
3.282671e+01, 2.700000e+02
3.302022e+01, 2.700000e+02
3.320646e+01, 2.700000e+02
3.338543e+01, 2.700000e+02
3.355715e+01, 2.700000e+02
3.372162e+01, 2.700000e+02
3.387885e+01, 2.700000e+02
3.402884e+01, 2.700000e+02
3.417160e+01, 2.700000e+02
3.430714e+01, 2.700000e+02
3.443547e+01, 2.700000e+02
3.455661e+01, 2.700000e+02
3.467056e+01, 2.700000e+02
3.477735e+01, 2.700000e+02
3.487699e+01, 2.700000e+02
3.496949e+01, 2.700000e+02
3.505488e+01, 2.700000e+02
3.513316e+01, 2.700000e+02
3.520437e+01, 2.700000e+02
3.526852e+01, 2.700000e+02
3.532564e+01, 2.700000e+02
3.537575e+01, 2.700000e+02
3.541887e+01, 2.700000e+02
3.545503e+01, 2.700000e+02
3.548425e+01, 2.700000e+02
3.550658e+01, 2.700000e+02
3.552202e+01, 2.700000e+02
3.553063e+01, 2.700000e+02
3.553242e+01, 2.700000e+02
3.552743e+01, 2.700000e+02
3.551569e+01, 2.700000e+02
3.549725e+01, 2.700000e+02
3.547213e+01, 2.700000e+02
3.544038e+01, 2.700000e+02
3.540203e+01, 2.700000e+02
3.535712e+01, 2.700000e+02
3.530570e+01, 2.700000e+02
3.524780e+01, 2.700000e+02
3.518348e+01, 2.700000e+02
3.511278e+01, 2.700000e+02
3.503573e+01, 2.700000e+02
3.495240e+01, 2.700000e+02
3.486283e+01, 2.700000e+02
3.476707e+01, 2.700000e+02
3.466517e+01, 2.700000e+02
3.455719e+01, 2.700000e+02
3.444317e+01, 2.700000e+02
3.432317e+01, 2.700000e+02
3.419726e+01, 2.700000e+02
3.406548e+01, 2.700000e+02
3.392790e+01, 2.700000e+02
3.378457e+01, 2.700000e+02
3.363556e+01, 2.700000e+02
3.348094e+01, 2.700000e+02
3.332076e+01, 2.700000e+02
3.315508e+01, 2.700000e+02
3.298399e+01, 2.700000e+02
3.280754e+01, 2.700000e+02
3.262580e+01, 2.700000e+02
3.243885e+01, 2.700000e+02
3.224675e+01, 2.700000e+02
3.204959e+01, 2.700000e+02
3.184743e+01, 2.700000e+02
3.164035e+01, 2.700000e+02
3.142843e+01, 2.700000e+02
3.121174e+01, 2.700000e+02
3.099038e+01, 2.700000e+02
3.076441e+01, 2.700000e+02
3.053392e+01, 2.700000e+02
3.029900e+01, 2.700000e+02
3.005973e+01, 2.700000e+02
2.981621e+01, 2.700000e+02
2.956851e+01, 2.700000e+02
2.931674e+01, 2.700000e+02
2.906097e+01, 2.700000e+02
2.880132e+01, 2.700000e+02
2.853787e+01, 2.700000e+02
2.827071e+01, 2.700000e+02
2.799997e+01, 2.700000e+02
2.772572e+01, 2.700000e+02
2.744808e+01, 2.700000e+02
2.716715e+01, 2.700000e+02
2.688305e+01, 2.700000e+02
2.659587e+01, 2.700000e+02
2.630574e+01, 2.700000e+02
2.601276e+01, 2.700000e+02
2.571706e+01, 2.700000e+02
2.541876e+01, 2.700000e+02
2.511797e+01, 2.700000e+02
2.481483e+01, 2.700000e+02
2.450947e+01, 2.700000e+02
2.420200e+01, 2.700000e+02
2.389258e+01, 2.700000e+02
2.358134e+01, 2.700000e+02
2.326842e+01, 2.700000e+02
2.295397e+01, 2.700000e+02
2.263814e+01, 2.700000e+02
2.232108e+01, 2.700000e+02
2.200295e+01, 2.700000e+02
2.168392e+01, 2.700000e+02
2.136415e+01, 2.700000e+02
2.104382e+01, 2.700000e+02
2.072310e+01, 2.700000e+02
2.040218e+01, 2.700000e+02
2.008125e+01, 2.700000e+02
1.976051e+01, 2.700000e+02
1.944015e+01, 2.700000e+02
1.912039e+01, 2.700000e+02
1.880144e+01, 2.700000e+02
1.848353e+01, 2.700000e+02
1.816687e+01, 2.700000e+02
1.785172e+01, 2.700000e+02
1.753831e+01, 2.700000e+02
1.722690e+01, 2.700000e+02
1.691776e+01, 2.700000e+02
1.661114e+01, 2.700000e+02
1.630734e+01, 2.700000e+02
1.600665e+01, 2.700000e+02
1.570936e+01, 2.700000e+02
1.541578e+01, 2.700000e+02
1.512623e+01, 2.700000e+02
1.484105e+01, 2.700000e+02
1.456058e+01, 2.700000e+02
1.428517e+01, 2.700000e+02
1.401518e+01, 2.700000e+02
1.375100e+01, 2.700000e+02
1.349301e+01, 2.700000e+02
1.324161e+01, 2.700000e+02
1.299723e+01, 2.700000e+02
1.276028e+01, 2.700000e+02
1.253122e+01, 2.700000e+02
1.231049e+01, 2.700000e+02
1.209857e+01, 2.700000e+02
1.189593e+01, 2.700000e+02
1.170308e+01, 2.700000e+02
1.152052e+01, 2.700000e+02
1.134878e+01, 2.700000e+02
1.118841e+01, 2.700000e+02
1.103995e+01, 2.700000e+02
1.090399e+01, 2.700000e+02
1.078109e+01, 2.700000e+02
1.067187e+01, 2.700000e+02
1.057694e+01, 2.700000e+02
1.049692e+01, 2.700000e+02
1.043247e+01, 2.700000e+02
1.038424e+01, 2.700000e+02
1.035290e+01, 2.700000e+02
1.033915e+01, 2.700000e+02
1.034369e+01, 2.700000e+02
1.036723e+01, 2.700000e+02
1.041051e+01, 2.700000e+02
1.047428e+01, 2.700000e+02
1.055928e+01, 2.700000e+02
1.066631e+01, 2.700000e+02
1.079613e+01, 2.700000e+02
1.094955e+01, 2.700000e+02
1.112738e+01, 2.700000e+02
1.133044e+01, 2.700000e+02
1.155957e+01, 2.700000e+02
1.181561e+01, 2.700000e+02
1.209941e+01, 2.700000e+02
1.241186e+01, 2.700000e+02
1.275381e+01, 2.700000e+02
1.312615e+01, 2.700000e+02
1.352979e+01, 2.700000e+02
1.396562e+01, 2.700000e+02
1.443456e+01, 2.700000e+02
1.493753e+01, 2.700000e+02
1.547544e+01, 2.700000e+02
1.604924e+01, 2.700000e+02
1.665987e+01, 2.700000e+02
1.730826e+01, 2.700000e+02
1.799537e+01, 2.700000e+02
1.872215e+01, 2.700000e+02
1.948957e+01, 2.700000e+02
2.029858e+01, 2.700000e+02
2.115016e+01, 2.700000e+02
2.204528e+01, 2.700000e+02
2.298490e+01, 2.700000e+02
2.397002e+01, 2.700000e+02
2.500159e+01, 2.700000e+02
2.608062e+01, 2.700000e+02
##END
