##TITLE= Agar_Iz_70ms_79Hz
##JCAMP-DX= 5.00 Bruker JCAMP library
##DATA TYPE= Shape Data
##ORIGIN= Bruker BioSpin GmbH
##OWNER= <Alexej Jerschow>
##DATE= 2009/12/21
##TIME= 08:39:51
##$SHAPE_PARAMETERS= 
##MINX= 2.264647e-04
##MAXX= 1.000000e+02
##MINY= 9.000000e+01
##MAXY= 2.700000e+02
##$SHAPE_EXMODE= 
##$SHAPE_TOTROT= 
##$SHAPE_TYPE= 
##$SHAPE_USER_DEF= 
##$SHAPE_REPHFAC= 
##$SHAPE_BWFAC= 
##$SHAPE_BWFAC50= 
##$SHAPE_INTEGFAC= 
##$SHAPE_MODE= 
##NPOINTS= 1000
##XYPOINTS= (XY..XY)
1.620249e+01, 9.000000e+01
1.611004e+01, 9.000000e+01
1.601514e+01, 9.000000e+01
1.591785e+01, 9.000000e+01
1.581820e+01, 9.000000e+01
1.571625e+01, 9.000000e+01
1.561204e+01, 9.000000e+01
1.550562e+01, 9.000000e+01
1.539705e+01, 9.000000e+01
1.528638e+01, 9.000000e+01
1.517366e+01, 9.000000e+01
1.505894e+01, 9.000000e+01
1.494229e+01, 9.000000e+01
1.482376e+01, 9.000000e+01
1.470341e+01, 9.000000e+01
1.458128e+01, 9.000000e+01
1.445746e+01, 9.000000e+01
1.433198e+01, 9.000000e+01
1.420491e+01, 9.000000e+01
1.407632e+01, 9.000000e+01
1.394625e+01, 9.000000e+01
1.381478e+01, 9.000000e+01
1.368196e+01, 9.000000e+01
1.354786e+01, 9.000000e+01
1.341253e+01, 9.000000e+01
1.327604e+01, 9.000000e+01
1.313844e+01, 9.000000e+01
1.299980e+01, 9.000000e+01
1.286018e+01, 9.000000e+01
1.271965e+01, 9.000000e+01
1.257825e+01, 9.000000e+01
1.243606e+01, 9.000000e+01
1.229312e+01, 9.000000e+01
1.214951e+01, 9.000000e+01
1.200528e+01, 9.000000e+01
1.186050e+01, 9.000000e+01
1.171521e+01, 9.000000e+01
1.156948e+01, 9.000000e+01
1.142337e+01, 9.000000e+01
1.127693e+01, 9.000000e+01
1.113022e+01, 9.000000e+01
1.098330e+01, 9.000000e+01
1.083623e+01, 9.000000e+01
1.068905e+01, 9.000000e+01
1.054183e+01, 9.000000e+01
1.039461e+01, 9.000000e+01
1.024745e+01, 9.000000e+01
1.010041e+01, 9.000000e+01
9.953526e+00, 9.000000e+01
9.806863e+00, 9.000000e+01
9.660465e+00, 9.000000e+01
9.514385e+00, 9.000000e+01
9.368669e+00, 9.000000e+01
9.223367e+00, 9.000000e+01
9.078526e+00, 9.000000e+01
8.934192e+00, 9.000000e+01
8.790412e+00, 9.000000e+01
8.647230e+00, 9.000000e+01
8.504692e+00, 9.000000e+01
8.362839e+00, 9.000000e+01
8.221716e+00, 9.000000e+01
8.081363e+00, 9.000000e+01
7.941822e+00, 9.000000e+01
7.803134e+00, 9.000000e+01
7.665337e+00, 9.000000e+01
7.528470e+00, 9.000000e+01
7.392572e+00, 9.000000e+01
7.257678e+00, 9.000000e+01
7.123827e+00, 9.000000e+01
6.991052e+00, 9.000000e+01
6.859388e+00, 9.000000e+01
6.728871e+00, 9.000000e+01
6.599531e+00, 9.000000e+01
6.471403e+00, 9.000000e+01
6.344517e+00, 9.000000e+01
6.218905e+00, 9.000000e+01
6.094596e+00, 9.000000e+01
5.971621e+00, 9.000000e+01
5.850006e+00, 9.000000e+01
5.729782e+00, 9.000000e+01
5.610974e+00, 9.000000e+01
5.493609e+00, 9.000000e+01
5.377714e+00, 9.000000e+01
5.263313e+00, 9.000000e+01
5.150432e+00, 9.000000e+01
5.039093e+00, 9.000000e+01
4.929321e+00, 9.000000e+01
4.821138e+00, 9.000000e+01
4.714566e+00, 9.000000e+01
4.609627e+00, 9.000000e+01
4.506341e+00, 9.000000e+01
4.404730e+00, 9.000000e+01
4.304812e+00, 9.000000e+01
4.206608e+00, 9.000000e+01
4.110137e+00, 9.000000e+01
4.015416e+00, 9.000000e+01
3.922463e+00, 9.000000e+01
3.831297e+00, 9.000000e+01
3.741933e+00, 9.000000e+01
3.654389e+00, 9.000000e+01
3.568681e+00, 9.000000e+01
3.484825e+00, 9.000000e+01
3.402836e+00, 9.000000e+01
3.322728e+00, 9.000000e+01
3.244518e+00, 9.000000e+01
3.168219e+00, 9.000000e+01
3.093845e+00, 9.000000e+01
3.021410e+00, 9.000000e+01
2.950928e+00, 9.000000e+01
2.882412e+00, 9.000000e+01
2.815875e+00, 9.000000e+01
2.751330e+00, 9.000000e+01
2.688790e+00, 9.000000e+01
2.628267e+00, 9.000000e+01
2.569773e+00, 9.000000e+01
2.513320e+00, 9.000000e+01
2.458921e+00, 9.000000e+01
2.406587e+00, 9.000000e+01
2.356330e+00, 9.000000e+01
2.308162e+00, 9.000000e+01
2.262094e+00, 9.000000e+01
2.218138e+00, 9.000000e+01
2.176305e+00, 9.000000e+01
2.136607e+00, 9.000000e+01
2.099055e+00, 9.000000e+01
2.063660e+00, 9.000000e+01
2.030434e+00, 9.000000e+01
1.999389e+00, 9.000000e+01
1.970535e+00, 9.000000e+01
1.943884e+00, 9.000000e+01
1.919448e+00, 9.000000e+01
1.897239e+00, 9.000000e+01
1.877267e+00, 9.000000e+01
1.859545e+00, 9.000000e+01
1.844085e+00, 9.000000e+01
1.830898e+00, 9.000000e+01
1.819996e+00, 9.000000e+01
1.811391e+00, 9.000000e+01
1.805097e+00, 9.000000e+01
1.801124e+00, 9.000000e+01
1.799486e+00, 9.000000e+01
1.800194e+00, 9.000000e+01
1.803263e+00, 9.000000e+01
1.808703e+00, 9.000000e+01
1.816530e+00, 9.000000e+01
1.826755e+00, 9.000000e+01
1.839391e+00, 9.000000e+01
1.854453e+00, 9.000000e+01
1.871953e+00, 9.000000e+01
1.891905e+00, 9.000000e+01
1.914322e+00, 9.000000e+01
1.939220e+00, 9.000000e+01
1.966610e+00, 9.000000e+01
1.996508e+00, 9.000000e+01
2.028928e+00, 9.000000e+01
2.063883e+00, 9.000000e+01
2.101388e+00, 9.000000e+01
2.141457e+00, 9.000000e+01
2.184105e+00, 9.000000e+01
2.229346e+00, 9.000000e+01
2.277194e+00, 9.000000e+01
2.327664e+00, 9.000000e+01
2.380771e+00, 9.000000e+01
2.436528e+00, 9.000000e+01
2.494950e+00, 9.000000e+01
2.556051e+00, 9.000000e+01
2.619846e+00, 9.000000e+01
2.686349e+00, 9.000000e+01
2.755573e+00, 9.000000e+01
2.827534e+00, 9.000000e+01
2.902244e+00, 9.000000e+01
2.979718e+00, 9.000000e+01
3.059968e+00, 9.000000e+01
3.143009e+00, 9.000000e+01
3.228852e+00, 9.000000e+01
3.317511e+00, 9.000000e+01
3.408999e+00, 9.000000e+01
3.503327e+00, 9.000000e+01
3.600508e+00, 9.000000e+01
3.700553e+00, 9.000000e+01
3.803473e+00, 9.000000e+01
3.909279e+00, 9.000000e+01
4.017981e+00, 9.000000e+01
4.129591e+00, 9.000000e+01
4.244116e+00, 9.000000e+01
4.361566e+00, 9.000000e+01
4.481950e+00, 9.000000e+01
4.605275e+00, 9.000000e+01
4.731550e+00, 9.000000e+01
4.860781e+00, 9.000000e+01
4.992975e+00, 9.000000e+01
5.128138e+00, 9.000000e+01
5.266274e+00, 9.000000e+01
5.407389e+00, 9.000000e+01
5.551486e+00, 9.000000e+01
5.698569e+00, 9.000000e+01
5.848641e+00, 9.000000e+01
6.001704e+00, 9.000000e+01
6.157759e+00, 9.000000e+01
6.316807e+00, 9.000000e+01
6.478848e+00, 9.000000e+01
6.643882e+00, 9.000000e+01
6.811907e+00, 9.000000e+01
6.982921e+00, 9.000000e+01
7.156922e+00, 9.000000e+01
7.333907e+00, 9.000000e+01
7.513871e+00, 9.000000e+01
7.696810e+00, 9.000000e+01
7.882720e+00, 9.000000e+01
8.071593e+00, 9.000000e+01
8.263424e+00, 9.000000e+01
8.458206e+00, 9.000000e+01
8.655932e+00, 9.000000e+01
8.856592e+00, 9.000000e+01
9.060179e+00, 9.000000e+01
9.266683e+00, 9.000000e+01
9.476095e+00, 9.000000e+01
9.688405e+00, 9.000000e+01
9.903602e+00, 9.000000e+01
1.012168e+01, 9.000000e+01
1.034261e+01, 9.000000e+01
1.056641e+01, 9.000000e+01
1.079304e+01, 9.000000e+01
1.102251e+01, 9.000000e+01
1.125479e+01, 9.000000e+01
1.148988e+01, 9.000000e+01
1.172777e+01, 9.000000e+01
1.196843e+01, 9.000000e+01
1.221187e+01, 9.000000e+01
1.245806e+01, 9.000000e+01
1.270700e+01, 9.000000e+01
1.295867e+01, 9.000000e+01
1.321307e+01, 9.000000e+01
1.347017e+01, 9.000000e+01
1.372997e+01, 9.000000e+01
1.399246e+01, 9.000000e+01
1.425764e+01, 9.000000e+01
1.452548e+01, 9.000000e+01
1.479598e+01, 9.000000e+01
1.506913e+01, 9.000000e+01
1.534492e+01, 9.000000e+01
1.562336e+01, 9.000000e+01
1.590442e+01, 9.000000e+01
1.618811e+01, 9.000000e+01
1.647443e+01, 9.000000e+01
1.676336e+01, 9.000000e+01
1.705491e+01, 9.000000e+01
1.734907e+01, 9.000000e+01
1.764585e+01, 9.000000e+01
1.794524e+01, 9.000000e+01
1.824726e+01, 9.000000e+01
1.855190e+01, 9.000000e+01
1.885917e+01, 9.000000e+01
1.916908e+01, 9.000000e+01
1.948163e+01, 9.000000e+01
1.979683e+01, 9.000000e+01
2.011471e+01, 9.000000e+01
2.043526e+01, 9.000000e+01
2.075851e+01, 9.000000e+01
2.108448e+01, 9.000000e+01
2.141317e+01, 9.000000e+01
2.174462e+01, 9.000000e+01
2.207884e+01, 9.000000e+01
2.241586e+01, 9.000000e+01
2.275571e+01, 9.000000e+01
2.309842e+01, 9.000000e+01
2.344400e+01, 9.000000e+01
2.379251e+01, 9.000000e+01
2.414397e+01, 9.000000e+01
2.449842e+01, 9.000000e+01
2.485589e+01, 9.000000e+01
2.521643e+01, 9.000000e+01
2.558009e+01, 9.000000e+01
2.594690e+01, 9.000000e+01
2.631691e+01, 9.000000e+01
2.669016e+01, 9.000000e+01
2.706672e+01, 9.000000e+01
2.744663e+01, 9.000000e+01
2.782993e+01, 9.000000e+01
2.821670e+01, 9.000000e+01
2.860697e+01, 9.000000e+01
2.900081e+01, 9.000000e+01
2.939827e+01, 9.000000e+01
2.979941e+01, 9.000000e+01
3.020429e+01, 9.000000e+01
3.061296e+01, 9.000000e+01
3.102547e+01, 9.000000e+01
3.144188e+01, 9.000000e+01
3.186224e+01, 9.000000e+01
3.228661e+01, 9.000000e+01
3.271502e+01, 9.000000e+01
3.314753e+01, 9.000000e+01
3.358417e+01, 9.000000e+01
3.402497e+01, 9.000000e+01
3.446996e+01, 9.000000e+01
3.491917e+01, 9.000000e+01
3.537260e+01, 9.000000e+01
3.583026e+01, 9.000000e+01
3.629214e+01, 9.000000e+01
3.675823e+01, 9.000000e+01
3.722848e+01, 9.000000e+01
3.770287e+01, 9.000000e+01
3.818131e+01, 9.000000e+01
3.866374e+01, 9.000000e+01
3.915006e+01, 9.000000e+01
3.964014e+01, 9.000000e+01
4.013385e+01, 9.000000e+01
4.063102e+01, 9.000000e+01
4.113145e+01, 9.000000e+01
4.163493e+01, 9.000000e+01
4.214121e+01, 9.000000e+01
4.265000e+01, 9.000000e+01
4.316099e+01, 9.000000e+01
4.367384e+01, 9.000000e+01
4.418814e+01, 9.000000e+01
4.470350e+01, 9.000000e+01
4.521943e+01, 9.000000e+01
4.573544e+01, 9.000000e+01
4.625099e+01, 9.000000e+01
4.676550e+01, 9.000000e+01
4.727834e+01, 9.000000e+01
4.778886e+01, 9.000000e+01
4.829635e+01, 9.000000e+01
4.880008e+01, 9.000000e+01
4.929927e+01, 9.000000e+01
4.979312e+01, 9.000000e+01
5.028080e+01, 9.000000e+01
5.076144e+01, 9.000000e+01
5.123417e+01, 9.000000e+01
5.169809e+01, 9.000000e+01
5.215230e+01, 9.000000e+01
5.259590e+01, 9.000000e+01
5.302799e+01, 9.000000e+01
5.344769e+01, 9.000000e+01
5.385413e+01, 9.000000e+01
5.424649e+01, 9.000000e+01
5.462399e+01, 9.000000e+01
5.498591e+01, 9.000000e+01
5.533157e+01, 9.000000e+01
5.566041e+01, 9.000000e+01
5.597191e+01, 9.000000e+01
5.626570e+01, 9.000000e+01
5.654148e+01, 9.000000e+01
5.679911e+01, 9.000000e+01
5.703855e+01, 9.000000e+01
5.725994e+01, 9.000000e+01
5.746354e+01, 9.000000e+01
5.764979e+01, 9.000000e+01
5.781929e+01, 9.000000e+01
5.797284e+01, 9.000000e+01
5.811138e+01, 9.000000e+01
5.823605e+01, 9.000000e+01
5.834818e+01, 9.000000e+01
5.844926e+01, 9.000000e+01
5.854097e+01, 9.000000e+01
5.862516e+01, 9.000000e+01
5.870384e+01, 9.000000e+01
5.877918e+01, 9.000000e+01
5.885347e+01, 9.000000e+01
5.892915e+01, 9.000000e+01
5.900876e+01, 9.000000e+01
5.909494e+01, 9.000000e+01
5.919041e+01, 9.000000e+01
5.929792e+01, 9.000000e+01
5.942027e+01, 9.000000e+01
5.956025e+01, 9.000000e+01
5.972066e+01, 9.000000e+01
5.990423e+01, 9.000000e+01
6.011363e+01, 9.000000e+01
6.035144e+01, 9.000000e+01
6.062011e+01, 9.000000e+01
6.092197e+01, 9.000000e+01
6.125915e+01, 9.000000e+01
6.163361e+01, 9.000000e+01
6.204710e+01, 9.000000e+01
6.250113e+01, 9.000000e+01
6.299697e+01, 9.000000e+01
6.353561e+01, 9.000000e+01
6.411779e+01, 9.000000e+01
6.474394e+01, 9.000000e+01
6.541420e+01, 9.000000e+01
6.612841e+01, 9.000000e+01
6.688611e+01, 9.000000e+01
6.768652e+01, 9.000000e+01
6.852858e+01, 9.000000e+01
6.941090e+01, 9.000000e+01
7.033182e+01, 9.000000e+01
7.128938e+01, 9.000000e+01
7.228134e+01, 9.000000e+01
7.330519e+01, 9.000000e+01
7.435816e+01, 9.000000e+01
7.543725e+01, 9.000000e+01
7.653921e+01, 9.000000e+01
7.766058e+01, 9.000000e+01
7.879768e+01, 9.000000e+01
7.994665e+01, 9.000000e+01
8.110345e+01, 9.000000e+01
8.226389e+01, 9.000000e+01
8.342363e+01, 9.000000e+01
8.457820e+01, 9.000000e+01
8.572306e+01, 9.000000e+01
8.685355e+01, 9.000000e+01
8.796500e+01, 9.000000e+01
8.905269e+01, 9.000000e+01
9.011193e+01, 9.000000e+01
9.113806e+01, 9.000000e+01
9.212649e+01, 9.000000e+01
9.307276e+01, 9.000000e+01
9.397256e+01, 9.000000e+01
9.482178e+01, 9.000000e+01
9.561655e+01, 9.000000e+01
9.635328e+01, 9.000000e+01
9.702867e+01, 9.000000e+01
9.763980e+01, 9.000000e+01
9.818412e+01, 9.000000e+01
9.865950e+01, 9.000000e+01
9.906423e+01, 9.000000e+01
9.939705e+01, 9.000000e+01
9.965716e+01, 9.000000e+01
9.984421e+01, 9.000000e+01
9.995831e+01, 9.000000e+01
1.000000e+02, 9.000000e+01
9.997023e+01, 9.000000e+01
9.987036e+01, 9.000000e+01
9.970208e+01, 9.000000e+01
9.946741e+01, 9.000000e+01
9.916865e+01, 9.000000e+01
9.880832e+01, 9.000000e+01
9.838912e+01, 9.000000e+01
9.791390e+01, 9.000000e+01
9.738558e+01, 9.000000e+01
9.680710e+01, 9.000000e+01
9.618142e+01, 9.000000e+01
9.551142e+01, 9.000000e+01
9.479989e+01, 9.000000e+01
9.404951e+01, 9.000000e+01
9.326276e+01, 9.000000e+01
9.244197e+01, 9.000000e+01
9.158923e+01, 9.000000e+01
9.070642e+01, 9.000000e+01
8.979519e+01, 9.000000e+01
8.885692e+01, 9.000000e+01
8.789278e+01, 9.000000e+01
8.690368e+01, 9.000000e+01
8.589031e+01, 9.000000e+01
8.485312e+01, 9.000000e+01
8.379237e+01, 9.000000e+01
8.270815e+01, 9.000000e+01
8.160036e+01, 9.000000e+01
8.046877e+01, 9.000000e+01
7.931302e+01, 9.000000e+01
7.813265e+01, 9.000000e+01
7.692715e+01, 9.000000e+01
7.569595e+01, 9.000000e+01
7.443846e+01, 9.000000e+01
7.315408e+01, 9.000000e+01
7.184224e+01, 9.000000e+01
7.050241e+01, 9.000000e+01
6.913413e+01, 9.000000e+01
6.773698e+01, 9.000000e+01
6.631066e+01, 9.000000e+01
6.485497e+01, 9.000000e+01
6.336978e+01, 9.000000e+01
6.185513e+01, 9.000000e+01
6.031113e+01, 9.000000e+01
5.873805e+01, 9.000000e+01
5.713625e+01, 9.000000e+01
5.550623e+01, 9.000000e+01
5.384861e+01, 9.000000e+01
5.216412e+01, 9.000000e+01
5.045358e+01, 9.000000e+01
4.871794e+01, 9.000000e+01
4.695823e+01, 9.000000e+01
4.517555e+01, 9.000000e+01
4.337111e+01, 9.000000e+01
4.154617e+01, 9.000000e+01
3.970203e+01, 9.000000e+01
3.784008e+01, 9.000000e+01
3.596172e+01, 9.000000e+01
3.406839e+01, 9.000000e+01
3.216158e+01, 9.000000e+01
3.024276e+01, 9.000000e+01
2.831343e+01, 9.000000e+01
2.637511e+01, 9.000000e+01
2.442929e+01, 9.000000e+01
2.247748e+01, 9.000000e+01
2.052116e+01, 9.000000e+01
1.856182e+01, 9.000000e+01
1.660091e+01, 9.000000e+01
1.463988e+01, 9.000000e+01
1.268015e+01, 9.000000e+01
1.072313e+01, 9.000000e+01
8.770199e+00, 9.000000e+01
6.822714e+00, 9.000000e+01
4.882016e+00, 9.000000e+01
2.949424e+00, 9.000000e+01
1.026238e+00, 9.000000e+01
8.862610e-01, 2.700000e+02
2.786807e+00, 2.700000e+02
4.674149e+00, 2.700000e+02
6.547046e+00, 2.700000e+02
8.404271e+00, 2.700000e+02
1.024460e+01, 2.700000e+02
1.206682e+01, 2.700000e+02
1.386971e+01, 2.700000e+02
1.565205e+01, 2.700000e+02
1.741265e+01, 2.700000e+02
1.915026e+01, 2.700000e+02
2.086367e+01, 2.700000e+02
2.255164e+01, 2.700000e+02
2.421292e+01, 2.700000e+02
2.584627e+01, 2.700000e+02
2.745042e+01, 2.700000e+02
2.902409e+01, 2.700000e+02
3.056598e+01, 2.700000e+02
3.207481e+01, 2.700000e+02
3.354927e+01, 2.700000e+02
3.498802e+01, 2.700000e+02
3.638976e+01, 2.700000e+02
3.775316e+01, 2.700000e+02
3.907689e+01, 2.700000e+02
4.035963e+01, 2.700000e+02
4.160009e+01, 2.700000e+02
4.279697e+01, 2.700000e+02
4.394900e+01, 2.700000e+02
4.505494e+01, 2.700000e+02
4.611361e+01, 2.700000e+02
4.712384e+01, 2.700000e+02
4.808455e+01, 2.700000e+02
4.899470e+01, 2.700000e+02
4.985333e+01, 2.700000e+02
5.065958e+01, 2.700000e+02
5.141264e+01, 2.700000e+02
5.211186e+01, 2.700000e+02
5.275665e+01, 2.700000e+02
5.334658e+01, 2.700000e+02
5.388131e+01, 2.700000e+02
5.436066e+01, 2.700000e+02
5.478459e+01, 2.700000e+02
5.515319e+01, 2.700000e+02
5.546673e+01, 2.700000e+02
5.572561e+01, 2.700000e+02
5.593040e+01, 2.700000e+02
5.608181e+01, 2.700000e+02
5.618072e+01, 2.700000e+02
5.622816e+01, 2.700000e+02
5.622530e+01, 2.700000e+02
5.617346e+01, 2.700000e+02
5.607410e+01, 2.700000e+02
5.592878e+01, 2.700000e+02
5.573920e+01, 2.700000e+02
5.550718e+01, 2.700000e+02
5.523459e+01, 2.700000e+02
5.492342e+01, 2.700000e+02
5.457571e+01, 2.700000e+02
5.419355e+01, 2.700000e+02
5.377911e+01, 2.700000e+02
5.333452e+01, 2.700000e+02
5.286199e+01, 2.700000e+02
5.236369e+01, 2.700000e+02
5.184180e+01, 2.700000e+02
5.129845e+01, 2.700000e+02
5.073575e+01, 2.700000e+02
5.015578e+01, 2.700000e+02
4.956053e+01, 2.700000e+02
4.895195e+01, 2.700000e+02
4.833191e+01, 2.700000e+02
4.770221e+01, 2.700000e+02
4.706456e+01, 2.700000e+02
4.642059e+01, 2.700000e+02
4.577184e+01, 2.700000e+02
4.511975e+01, 2.700000e+02
4.446568e+01, 2.700000e+02
4.381090e+01, 2.700000e+02
4.315658e+01, 2.700000e+02
4.250381e+01, 2.700000e+02
4.185360e+01, 2.700000e+02
4.120687e+01, 2.700000e+02
4.056445e+01, 2.700000e+02
3.992711e+01, 2.700000e+02
3.929554e+01, 2.700000e+02
3.867038e+01, 2.700000e+02
3.805219e+01, 2.700000e+02
3.744146e+01, 2.700000e+02
3.683866e+01, 2.700000e+02
3.624417e+01, 2.700000e+02
3.565836e+01, 2.700000e+02
3.508153e+01, 2.700000e+02
3.451396e+01, 2.700000e+02
3.395587e+01, 2.700000e+02
3.340748e+01, 2.700000e+02
3.286896e+01, 2.700000e+02
3.234045e+01, 2.700000e+02
3.182208e+01, 2.700000e+02
3.131395e+01, 2.700000e+02
3.081612e+01, 2.700000e+02
3.032867e+01, 2.700000e+02
2.985163e+01, 2.700000e+02
2.938502e+01, 2.700000e+02
2.892886e+01, 2.700000e+02
2.848314e+01, 2.700000e+02
2.804784e+01, 2.700000e+02
2.762292e+01, 2.700000e+02
2.720833e+01, 2.700000e+02
2.680402e+01, 2.700000e+02
2.640992e+01, 2.700000e+02
2.602593e+01, 2.700000e+02
2.565196e+01, 2.700000e+02
2.528791e+01, 2.700000e+02
2.493365e+01, 2.700000e+02
2.458905e+01, 2.700000e+02
2.425397e+01, 2.700000e+02
2.392827e+01, 2.700000e+02
2.361177e+01, 2.700000e+02
2.330430e+01, 2.700000e+02
2.300569e+01, 2.700000e+02
2.271574e+01, 2.700000e+02
2.243424e+01, 2.700000e+02
2.216100e+01, 2.700000e+02
2.189579e+01, 2.700000e+02
2.163839e+01, 2.700000e+02
2.138857e+01, 2.700000e+02
2.114609e+01, 2.700000e+02
2.091071e+01, 2.700000e+02
2.068217e+01, 2.700000e+02
2.046024e+01, 2.700000e+02
2.024464e+01, 2.700000e+02
2.003512e+01, 2.700000e+02
1.983143e+01, 2.700000e+02
1.963329e+01, 2.700000e+02
1.944044e+01, 2.700000e+02
1.925262e+01, 2.700000e+02
1.906956e+01, 2.700000e+02
1.889100e+01, 2.700000e+02
1.871668e+01, 2.700000e+02
1.854634e+01, 2.700000e+02
1.837972e+01, 2.700000e+02
1.821657e+01, 2.700000e+02
1.805663e+01, 2.700000e+02
1.789968e+01, 2.700000e+02
1.774547e+01, 2.700000e+02
1.759375e+01, 2.700000e+02
1.744432e+01, 2.700000e+02
1.729694e+01, 2.700000e+02
1.715141e+01, 2.700000e+02
1.700750e+01, 2.700000e+02
1.686504e+01, 2.700000e+02
1.672381e+01, 2.700000e+02
1.658365e+01, 2.700000e+02
1.644437e+01, 2.700000e+02
1.630580e+01, 2.700000e+02
1.616778e+01, 2.700000e+02
1.603017e+01, 2.700000e+02
1.589282e+01, 2.700000e+02
1.575559e+01, 2.700000e+02
1.561836e+01, 2.700000e+02
1.548101e+01, 2.700000e+02
1.534342e+01, 2.700000e+02
1.520551e+01, 2.700000e+02
1.506717e+01, 2.700000e+02
1.492831e+01, 2.700000e+02
1.478886e+01, 2.700000e+02
1.464875e+01, 2.700000e+02
1.450792e+01, 2.700000e+02
1.436630e+01, 2.700000e+02
1.422385e+01, 2.700000e+02
1.408051e+01, 2.700000e+02
1.393627e+01, 2.700000e+02
1.379108e+01, 2.700000e+02
1.364491e+01, 2.700000e+02
1.349776e+01, 2.700000e+02
1.334960e+01, 2.700000e+02
1.320042e+01, 2.700000e+02
1.305022e+01, 2.700000e+02
1.289901e+01, 2.700000e+02
1.274677e+01, 2.700000e+02
1.259352e+01, 2.700000e+02
1.243927e+01, 2.700000e+02
1.228404e+01, 2.700000e+02
1.212784e+01, 2.700000e+02
1.197069e+01, 2.700000e+02
1.181262e+01, 2.700000e+02
1.165366e+01, 2.700000e+02
1.149382e+01, 2.700000e+02
1.133314e+01, 2.700000e+02
1.117166e+01, 2.700000e+02
1.100941e+01, 2.700000e+02
1.084642e+01, 2.700000e+02
1.068273e+01, 2.700000e+02
1.051838e+01, 2.700000e+02
1.035341e+01, 2.700000e+02
1.018786e+01, 2.700000e+02
1.002178e+01, 2.700000e+02
9.855195e+00, 2.700000e+02
9.688164e+00, 2.700000e+02
9.520728e+00, 2.700000e+02
9.352932e+00, 2.700000e+02
9.184821e+00, 2.700000e+02
9.016442e+00, 2.700000e+02
8.847844e+00, 2.700000e+02
8.679072e+00, 2.700000e+02
8.510176e+00, 2.700000e+02
8.341204e+00, 2.700000e+02
8.172206e+00, 2.700000e+02
8.003230e+00, 2.700000e+02
7.834328e+00, 2.700000e+02
7.665549e+00, 2.700000e+02
7.496944e+00, 2.700000e+02
7.328565e+00, 2.700000e+02
7.160463e+00, 2.700000e+02
6.992690e+00, 2.700000e+02
6.825298e+00, 2.700000e+02
6.658342e+00, 2.700000e+02
6.491873e+00, 2.700000e+02
6.325946e+00, 2.700000e+02
6.160614e+00, 2.700000e+02
5.995932e+00, 2.700000e+02
5.831955e+00, 2.700000e+02
5.668738e+00, 2.700000e+02
5.506336e+00, 2.700000e+02
5.344805e+00, 2.700000e+02
5.184201e+00, 2.700000e+02
5.024580e+00, 2.700000e+02
4.866000e+00, 2.700000e+02
4.708516e+00, 2.700000e+02
4.552186e+00, 2.700000e+02
4.397066e+00, 2.700000e+02
4.243214e+00, 2.700000e+02
4.090687e+00, 2.700000e+02
3.939542e+00, 2.700000e+02
3.789836e+00, 2.700000e+02
3.641626e+00, 2.700000e+02
3.494968e+00, 2.700000e+02
3.349919e+00, 2.700000e+02
3.206535e+00, 2.700000e+02
3.064871e+00, 2.700000e+02
2.924983e+00, 2.700000e+02
2.786924e+00, 2.700000e+02
2.650749e+00, 2.700000e+02
2.516511e+00, 2.700000e+02
2.384261e+00, 2.700000e+02
2.254051e+00, 2.700000e+02
2.125931e+00, 2.700000e+02
1.999951e+00, 2.700000e+02
1.876157e+00, 2.700000e+02
1.754596e+00, 2.700000e+02
1.635315e+00, 2.700000e+02
1.518355e+00, 2.700000e+02
1.403760e+00, 2.700000e+02
1.291569e+00, 2.700000e+02
1.181821e+00, 2.700000e+02
1.074553e+00, 2.700000e+02
9.697996e-01, 2.700000e+02
8.675936e-01, 2.700000e+02
7.679657e-01, 2.700000e+02
6.709444e-01, 2.700000e+02
5.765558e-01, 2.700000e+02
4.848240e-01, 2.700000e+02
3.957703e-01, 2.700000e+02
3.094138e-01, 2.700000e+02
2.257711e-01, 2.700000e+02
1.448561e-01, 2.700000e+02
6.668021e-02, 2.700000e+02
8.747981e-03, 9.000000e+01
8.142249e-02, 9.000000e+01
1.513401e-01, 9.000000e+01
2.185004e-01, 9.000000e+01
2.829057e-01, 9.000000e+01
3.445613e-01, 9.000000e+01
4.034752e-01, 9.000000e+01
4.596582e-01, 9.000000e+01
5.131241e-01, 9.000000e+01
5.638894e-01, 9.000000e+01
6.119735e-01, 9.000000e+01
6.573988e-01, 9.000000e+01
7.001902e-01, 9.000000e+01
7.403755e-01, 9.000000e+01
7.779854e-01, 9.000000e+01
8.130531e-01, 9.000000e+01
8.456145e-01, 9.000000e+01
8.757083e-01, 9.000000e+01
9.033755e-01, 9.000000e+01
9.286599e-01, 9.000000e+01
9.516075e-01, 9.000000e+01
9.722667e-01, 9.000000e+01
9.906885e-01, 9.000000e+01
1.006926e+00, 9.000000e+01
1.021034e+00, 9.000000e+01
1.033069e+00, 9.000000e+01
1.043092e+00, 9.000000e+01
1.051162e+00, 9.000000e+01
1.057344e+00, 9.000000e+01
1.061700e+00, 9.000000e+01
1.064298e+00, 9.000000e+01
1.065204e+00, 9.000000e+01
1.064488e+00, 9.000000e+01
1.062218e+00, 9.000000e+01
1.058467e+00, 9.000000e+01
1.053306e+00, 9.000000e+01
1.046808e+00, 9.000000e+01
1.039046e+00, 9.000000e+01
1.030095e+00, 9.000000e+01
1.020028e+00, 9.000000e+01
1.008921e+00, 9.000000e+01
9.968483e-01, 9.000000e+01
9.838850e-01, 9.000000e+01
9.701058e-01, 9.000000e+01
9.555852e-01, 9.000000e+01
9.403973e-01, 9.000000e+01
9.246158e-01, 9.000000e+01
9.083135e-01, 9.000000e+01
8.915625e-01, 9.000000e+01
8.744338e-01, 9.000000e+01
8.569975e-01, 9.000000e+01
8.393224e-01, 9.000000e+01
8.214757e-01, 9.000000e+01
8.035234e-01, 9.000000e+01
7.855296e-01, 9.000000e+01
7.675569e-01, 9.000000e+01
7.496656e-01, 9.000000e+01
7.319143e-01, 9.000000e+01
7.143593e-01, 9.000000e+01
6.970545e-01, 9.000000e+01
6.800517e-01, 9.000000e+01
6.633998e-01, 9.000000e+01
6.471454e-01, 9.000000e+01
6.313321e-01, 9.000000e+01
6.160007e-01, 9.000000e+01
6.011891e-01, 9.000000e+01
5.869322e-01, 9.000000e+01
5.732616e-01, 9.000000e+01
5.602058e-01, 9.000000e+01
5.477898e-01, 9.000000e+01
5.360354e-01, 9.000000e+01
5.249608e-01, 9.000000e+01
5.145806e-01, 9.000000e+01
5.049060e-01, 9.000000e+01
4.959443e-01, 9.000000e+01
4.876993e-01, 9.000000e+01
4.801708e-01, 9.000000e+01
4.733549e-01, 9.000000e+01
4.672440e-01, 9.000000e+01
4.618265e-01, 9.000000e+01
4.570868e-01, 9.000000e+01
4.530058e-01, 9.000000e+01
4.495600e-01, 9.000000e+01
4.467224e-01, 9.000000e+01
4.444620e-01, 9.000000e+01
4.427439e-01, 9.000000e+01
4.415293e-01, 9.000000e+01
4.407759e-01, 9.000000e+01
4.404373e-01, 9.000000e+01
4.404637e-01, 9.000000e+01
4.408014e-01, 9.000000e+01
4.413934e-01, 9.000000e+01
4.421791e-01, 9.000000e+01
4.430944e-01, 9.000000e+01
4.440723e-01, 9.000000e+01
4.450422e-01, 9.000000e+01
4.459308e-01, 9.000000e+01
4.466617e-01, 9.000000e+01
4.471559e-01, 9.000000e+01
4.473318e-01, 9.000000e+01
4.471051e-01, 9.000000e+01
4.463897e-01, 9.000000e+01
4.450970e-01, 9.000000e+01
4.431370e-01, 9.000000e+01
4.404177e-01, 9.000000e+01
4.368459e-01, 9.000000e+01
4.323272e-01, 9.000000e+01
4.267663e-01, 9.000000e+01
4.200672e-01, 9.000000e+01
4.121336e-01, 9.000000e+01
4.028691e-01, 9.000000e+01
3.921776e-01, 9.000000e+01
3.799633e-01, 9.000000e+01
3.661315e-01, 9.000000e+01
3.505887e-01, 9.000000e+01
3.332428e-01, 9.000000e+01
3.140036e-01, 9.000000e+01
2.927833e-01, 9.000000e+01
2.694967e-01, 9.000000e+01
2.440616e-01, 9.000000e+01
2.163991e-01, 9.000000e+01
1.864344e-01, 9.000000e+01
1.540966e-01, 9.000000e+01
1.193199e-01, 9.000000e+01
8.204312e-02, 9.000000e+01
4.221085e-02, 9.000000e+01
2.264647e-04, 2.700000e+02
4.531200e-02, 2.700000e+02
9.308213e-02, 2.700000e+02
1.435660e-01, 2.700000e+02
1.967850e-01, 2.700000e+02
2.527527e-01, 2.700000e+02
3.114737e-01, 2.700000e+02
3.729440e-01, 2.700000e+02
4.371501e-01, 2.700000e+02
5.040689e-01, 2.700000e+02
5.736668e-01, 2.700000e+02
6.459000e-01, 2.700000e+02
7.207138e-01, 2.700000e+02
7.980420e-01, 2.700000e+02
8.778071e-01, 2.700000e+02
9.599197e-01, 2.700000e+02
1.044278e+00, 2.700000e+02
1.130769e+00, 2.700000e+02
1.219265e+00, 2.700000e+02
1.309627e+00, 2.700000e+02
1.401703e+00, 2.700000e+02
1.495328e+00, 2.700000e+02
1.590324e+00, 2.700000e+02
1.686500e+00, 2.700000e+02
1.783650e+00, 2.700000e+02
1.881559e+00, 2.700000e+02
1.979996e+00, 2.700000e+02
2.078719e+00, 2.700000e+02
2.177472e+00, 2.700000e+02
2.275990e+00, 2.700000e+02
2.373993e+00, 2.700000e+02
2.471193e+00, 2.700000e+02
2.567290e+00, 2.700000e+02
2.661974e+00, 2.700000e+02
2.754926e+00, 2.700000e+02
2.845821e+00, 2.700000e+02
2.934323e+00, 2.700000e+02
3.020092e+00, 2.700000e+02
3.102783e+00, 2.700000e+02
3.182046e+00, 2.700000e+02
3.257527e+00, 2.700000e+02
3.328875e+00, 2.700000e+02
3.395734e+00, 2.700000e+02
3.457755e+00, 2.700000e+02
3.514588e+00, 2.700000e+02
3.565891e+00, 2.700000e+02
3.611329e+00, 2.700000e+02
3.650576e+00, 2.700000e+02
3.683320e+00, 2.700000e+02
3.709258e+00, 2.700000e+02
3.728108e+00, 2.700000e+02
3.739605e+00, 2.700000e+02
3.743504e+00, 2.700000e+02
3.739586e+00, 2.700000e+02
3.727657e+00, 2.700000e+02
3.707553e+00, 2.700000e+02
3.679143e+00, 2.700000e+02
3.642329e+00, 2.700000e+02
3.597053e+00, 2.700000e+02
3.543296e+00, 2.700000e+02
3.481085e+00, 2.700000e+02
3.410491e+00, 2.700000e+02
3.331637e+00, 2.700000e+02
3.244696e+00, 2.700000e+02
3.149898e+00, 2.700000e+02
3.047529e+00, 2.700000e+02
2.937935e+00, 2.700000e+02
2.821527e+00, 2.700000e+02
2.698777e+00, 2.700000e+02
2.570226e+00, 2.700000e+02
2.436483e+00, 2.700000e+02
2.298224e+00, 2.700000e+02
2.156199e+00, 2.700000e+02
2.011229e+00, 2.700000e+02
1.864206e+00, 2.700000e+02
1.716095e+00, 2.700000e+02
1.567931e+00, 2.700000e+02
1.420824e+00, 2.700000e+02
1.275951e+00, 2.700000e+02
1.134558e+00, 2.700000e+02
9.979562e-01, 2.700000e+02
8.675228e-01, 2.700000e+02
7.446937e-01, 2.700000e+02
6.309618e-01, 2.700000e+02
5.278728e-01, 2.700000e+02
4.370208e-01, 2.700000e+02
3.600425e-01, 2.700000e+02
2.986128e-01, 2.700000e+02
2.544383e-01, 2.700000e+02
2.292517e-01, 2.700000e+02
2.248057e-01, 2.700000e+02
2.428669e-01, 2.700000e+02
2.852097e-01, 2.700000e+02
3.536111e-01, 2.700000e+02
4.498452e-01, 2.700000e+02
5.756797e-01, 2.700000e+02
7.328726e-01, 2.700000e+02
9.231712e-01, 2.700000e+02
1.148313e+00, 2.700000e+02
1.410029e+00, 2.700000e+02
1.710051e+00, 2.700000e+02
2.050122e+00, 2.700000e+02
2.432014e+00, 2.700000e+02
2.857546e+00, 2.700000e+02
3.328617e+00, 2.700000e+02
3.847241e+00, 2.700000e+02
4.415592e+00, 2.700000e+02
5.036067e+00, 2.700000e+02
5.711352e+00, 2.700000e+02
6.444513e+00, 2.700000e+02
7.239094e+00, 2.700000e+02
##END
