##TITLE= Agar_Iz_50ms_24Hz
##JCAMP-DX= 5.00 Bruker JCAMP library
##DATA TYPE= Shape Data
##ORIGIN= Bruker BioSpin GmbH
##OWNER= <Alexej Jerschow>
##DATE= 2009/12/21
##TIME= 08:43:11
##$SHAPE_PARAMETERS= 
##MINX= 4.647234e+00
##MAXX= 1.000000e+02
##MINY= 9.000000e+01
##MAXY= 9.000000e+01
##$SHAPE_EXMODE= 
##$SHAPE_TOTROT= 
##$SHAPE_TYPE= 
##$SHAPE_USER_DEF= 
##$SHAPE_REPHFAC= 
##$SHAPE_BWFAC= 
##$SHAPE_BWFAC50= 
##$SHAPE_INTEGFAC= 
##$SHAPE_MODE= 
##NPOINTS= 1000
##XYPOINTS= (XY..XY)
9.992522e+01, 9.000000e+01
9.993681e+01, 9.000000e+01
9.994743e+01, 9.000000e+01
9.995709e+01, 9.000000e+01
9.996577e+01, 9.000000e+01
9.997348e+01, 9.000000e+01
9.998021e+01, 9.000000e+01
9.998596e+01, 9.000000e+01
9.999073e+01, 9.000000e+01
9.999453e+01, 9.000000e+01
9.999734e+01, 9.000000e+01
9.999916e+01, 9.000000e+01
1.000000e+02, 9.000000e+01
9.999985e+01, 9.000000e+01
9.999871e+01, 9.000000e+01
9.999658e+01, 9.000000e+01
9.999345e+01, 9.000000e+01
9.998933e+01, 9.000000e+01
9.998421e+01, 9.000000e+01
9.997808e+01, 9.000000e+01
9.997096e+01, 9.000000e+01
9.996284e+01, 9.000000e+01
9.995371e+01, 9.000000e+01
9.994357e+01, 9.000000e+01
9.993243e+01, 9.000000e+01
9.992027e+01, 9.000000e+01
9.990710e+01, 9.000000e+01
9.989292e+01, 9.000000e+01
9.987772e+01, 9.000000e+01
9.986150e+01, 9.000000e+01
9.984426e+01, 9.000000e+01
9.982601e+01, 9.000000e+01
9.980672e+01, 9.000000e+01
9.978642e+01, 9.000000e+01
9.976508e+01, 9.000000e+01
9.974272e+01, 9.000000e+01
9.971932e+01, 9.000000e+01
9.969489e+01, 9.000000e+01
9.966943e+01, 9.000000e+01
9.964293e+01, 9.000000e+01
9.961540e+01, 9.000000e+01
9.958682e+01, 9.000000e+01
9.955720e+01, 9.000000e+01
9.952654e+01, 9.000000e+01
9.949483e+01, 9.000000e+01
9.946208e+01, 9.000000e+01
9.942828e+01, 9.000000e+01
9.939343e+01, 9.000000e+01
9.935752e+01, 9.000000e+01
9.932056e+01, 9.000000e+01
9.928254e+01, 9.000000e+01
9.924347e+01, 9.000000e+01
9.920334e+01, 9.000000e+01
9.916215e+01, 9.000000e+01
9.911989e+01, 9.000000e+01
9.907657e+01, 9.000000e+01
9.903218e+01, 9.000000e+01
9.898673e+01, 9.000000e+01
9.894021e+01, 9.000000e+01
9.889262e+01, 9.000000e+01
9.884395e+01, 9.000000e+01
9.879421e+01, 9.000000e+01
9.874340e+01, 9.000000e+01
9.869150e+01, 9.000000e+01
9.863853e+01, 9.000000e+01
9.858448e+01, 9.000000e+01
9.852935e+01, 9.000000e+01
9.847314e+01, 9.000000e+01
9.841584e+01, 9.000000e+01
9.835746e+01, 9.000000e+01
9.829799e+01, 9.000000e+01
9.823743e+01, 9.000000e+01
9.817578e+01, 9.000000e+01
9.811304e+01, 9.000000e+01
9.804921e+01, 9.000000e+01
9.798428e+01, 9.000000e+01
9.791826e+01, 9.000000e+01
9.785115e+01, 9.000000e+01
9.778294e+01, 9.000000e+01
9.771363e+01, 9.000000e+01
9.764322e+01, 9.000000e+01
9.757171e+01, 9.000000e+01
9.749910e+01, 9.000000e+01
9.742539e+01, 9.000000e+01
9.735057e+01, 9.000000e+01
9.727466e+01, 9.000000e+01
9.719763e+01, 9.000000e+01
9.711950e+01, 9.000000e+01
9.704027e+01, 9.000000e+01
9.695993e+01, 9.000000e+01
9.687848e+01, 9.000000e+01
9.679592e+01, 9.000000e+01
9.671226e+01, 9.000000e+01
9.662748e+01, 9.000000e+01
9.654160e+01, 9.000000e+01
9.645460e+01, 9.000000e+01
9.636650e+01, 9.000000e+01
9.627728e+01, 9.000000e+01
9.618695e+01, 9.000000e+01
9.609551e+01, 9.000000e+01
9.600296e+01, 9.000000e+01
9.590929e+01, 9.000000e+01
9.581452e+01, 9.000000e+01
9.571863e+01, 9.000000e+01
9.562163e+01, 9.000000e+01
9.552352e+01, 9.000000e+01
9.542429e+01, 9.000000e+01
9.532395e+01, 9.000000e+01
9.522250e+01, 9.000000e+01
9.511994e+01, 9.000000e+01
9.501627e+01, 9.000000e+01
9.491149e+01, 9.000000e+01
9.480560e+01, 9.000000e+01
9.469860e+01, 9.000000e+01
9.459049e+01, 9.000000e+01
9.448127e+01, 9.000000e+01
9.437094e+01, 9.000000e+01
9.425950e+01, 9.000000e+01
9.414696e+01, 9.000000e+01
9.403331e+01, 9.000000e+01
9.391856e+01, 9.000000e+01
9.380271e+01, 9.000000e+01
9.368575e+01, 9.000000e+01
9.356769e+01, 9.000000e+01
9.344853e+01, 9.000000e+01
9.332827e+01, 9.000000e+01
9.320692e+01, 9.000000e+01
9.308447e+01, 9.000000e+01
9.296092e+01, 9.000000e+01
9.283628e+01, 9.000000e+01
9.271055e+01, 9.000000e+01
9.258373e+01, 9.000000e+01
9.245582e+01, 9.000000e+01
9.232683e+01, 9.000000e+01
9.219675e+01, 9.000000e+01
9.206558e+01, 9.000000e+01
9.193334e+01, 9.000000e+01
9.180002e+01, 9.000000e+01
9.166563e+01, 9.000000e+01
9.153016e+01, 9.000000e+01
9.139362e+01, 9.000000e+01
9.125601e+01, 9.000000e+01
9.111733e+01, 9.000000e+01
9.097759e+01, 9.000000e+01
9.083679e+01, 9.000000e+01
9.069493e+01, 9.000000e+01
9.055202e+01, 9.000000e+01
9.040805e+01, 9.000000e+01
9.026303e+01, 9.000000e+01
9.011696e+01, 9.000000e+01
8.996986e+01, 9.000000e+01
8.982171e+01, 9.000000e+01
8.967252e+01, 9.000000e+01
8.952230e+01, 9.000000e+01
8.937105e+01, 9.000000e+01
8.921877e+01, 9.000000e+01
8.906547e+01, 9.000000e+01
8.891115e+01, 9.000000e+01
8.875582e+01, 9.000000e+01
8.859947e+01, 9.000000e+01
8.844211e+01, 9.000000e+01
8.828375e+01, 9.000000e+01
8.812439e+01, 9.000000e+01
8.796403e+01, 9.000000e+01
8.780268e+01, 9.000000e+01
8.764035e+01, 9.000000e+01
8.747703e+01, 9.000000e+01
8.731273e+01, 9.000000e+01
8.714745e+01, 9.000000e+01
8.698121e+01, 9.000000e+01
8.681400e+01, 9.000000e+01
8.664583e+01, 9.000000e+01
8.647671e+01, 9.000000e+01
8.630664e+01, 9.000000e+01
8.613562e+01, 9.000000e+01
8.596366e+01, 9.000000e+01
8.579076e+01, 9.000000e+01
8.561694e+01, 9.000000e+01
8.544219e+01, 9.000000e+01
8.526652e+01, 9.000000e+01
8.508994e+01, 9.000000e+01
8.491245e+01, 9.000000e+01
8.473406e+01, 9.000000e+01
8.455477e+01, 9.000000e+01
8.437458e+01, 9.000000e+01
8.419352e+01, 9.000000e+01
8.401157e+01, 9.000000e+01
8.382875e+01, 9.000000e+01
8.364506e+01, 9.000000e+01
8.346051e+01, 9.000000e+01
8.327511e+01, 9.000000e+01
8.308886e+01, 9.000000e+01
8.290176e+01, 9.000000e+01
8.271383e+01, 9.000000e+01
8.252507e+01, 9.000000e+01
8.233549e+01, 9.000000e+01
8.214509e+01, 9.000000e+01
8.195388e+01, 9.000000e+01
8.176187e+01, 9.000000e+01
8.156906e+01, 9.000000e+01
8.137546e+01, 9.000000e+01
8.118108e+01, 9.000000e+01
8.098593e+01, 9.000000e+01
8.079001e+01, 9.000000e+01
8.059332e+01, 9.000000e+01
8.039588e+01, 9.000000e+01
8.019770e+01, 9.000000e+01
7.999878e+01, 9.000000e+01
7.979913e+01, 9.000000e+01
7.959875e+01, 9.000000e+01
7.939765e+01, 9.000000e+01
7.919585e+01, 9.000000e+01
7.899335e+01, 9.000000e+01
7.879015e+01, 9.000000e+01
7.858627e+01, 9.000000e+01
7.838171e+01, 9.000000e+01
7.817648e+01, 9.000000e+01
7.797058e+01, 9.000000e+01
7.776404e+01, 9.000000e+01
7.755685e+01, 9.000000e+01
7.734901e+01, 9.000000e+01
7.714056e+01, 9.000000e+01
7.693147e+01, 9.000000e+01
7.672178e+01, 9.000000e+01
7.651148e+01, 9.000000e+01
7.630059e+01, 9.000000e+01
7.608910e+01, 9.000000e+01
7.587704e+01, 9.000000e+01
7.566441e+01, 9.000000e+01
7.545121e+01, 9.000000e+01
7.523746e+01, 9.000000e+01
7.502316e+01, 9.000000e+01
7.480833e+01, 9.000000e+01
7.459297e+01, 9.000000e+01
7.437709e+01, 9.000000e+01
7.416071e+01, 9.000000e+01
7.394381e+01, 9.000000e+01
7.372643e+01, 9.000000e+01
7.350857e+01, 9.000000e+01
7.329022e+01, 9.000000e+01
7.307142e+01, 9.000000e+01
7.285215e+01, 9.000000e+01
7.263244e+01, 9.000000e+01
7.241229e+01, 9.000000e+01
7.219172e+01, 9.000000e+01
7.197072e+01, 9.000000e+01
7.174931e+01, 9.000000e+01
7.152750e+01, 9.000000e+01
7.130529e+01, 9.000000e+01
7.108270e+01, 9.000000e+01
7.085974e+01, 9.000000e+01
7.063641e+01, 9.000000e+01
7.041273e+01, 9.000000e+01
7.018870e+01, 9.000000e+01
6.996434e+01, 9.000000e+01
6.973965e+01, 9.000000e+01
6.951464e+01, 9.000000e+01
6.928932e+01, 9.000000e+01
6.906370e+01, 9.000000e+01
6.883779e+01, 9.000000e+01
6.861160e+01, 9.000000e+01
6.838514e+01, 9.000000e+01
6.815842e+01, 9.000000e+01
6.793145e+01, 9.000000e+01
6.770423e+01, 9.000000e+01
6.747678e+01, 9.000000e+01
6.724911e+01, 9.000000e+01
6.702123e+01, 9.000000e+01
6.679314e+01, 9.000000e+01
6.656485e+01, 9.000000e+01
6.633638e+01, 9.000000e+01
6.610774e+01, 9.000000e+01
6.587893e+01, 9.000000e+01
6.564996e+01, 9.000000e+01
6.542084e+01, 9.000000e+01
6.519159e+01, 9.000000e+01
6.496220e+01, 9.000000e+01
6.473270e+01, 9.000000e+01
6.450309e+01, 9.000000e+01
6.427338e+01, 9.000000e+01
6.404358e+01, 9.000000e+01
6.381370e+01, 9.000000e+01
6.358374e+01, 9.000000e+01
6.335373e+01, 9.000000e+01
6.312366e+01, 9.000000e+01
6.289355e+01, 9.000000e+01
6.266340e+01, 9.000000e+01
6.243323e+01, 9.000000e+01
6.220305e+01, 9.000000e+01
6.197286e+01, 9.000000e+01
6.174267e+01, 9.000000e+01
6.151250e+01, 9.000000e+01
6.128234e+01, 9.000000e+01
6.105222e+01, 9.000000e+01
6.082214e+01, 9.000000e+01
6.059211e+01, 9.000000e+01
6.036214e+01, 9.000000e+01
6.013223e+01, 9.000000e+01
5.990240e+01, 9.000000e+01
5.967266e+01, 9.000000e+01
5.944302e+01, 9.000000e+01
5.921347e+01, 9.000000e+01
5.898404e+01, 9.000000e+01
5.875474e+01, 9.000000e+01
5.852556e+01, 9.000000e+01
5.829652e+01, 9.000000e+01
5.806764e+01, 9.000000e+01
5.783891e+01, 9.000000e+01
5.761034e+01, 9.000000e+01
5.738195e+01, 9.000000e+01
5.715374e+01, 9.000000e+01
5.692573e+01, 9.000000e+01
5.669792e+01, 9.000000e+01
5.647031e+01, 9.000000e+01
5.624292e+01, 9.000000e+01
5.601576e+01, 9.000000e+01
5.578884e+01, 9.000000e+01
5.556215e+01, 9.000000e+01
5.533572e+01, 9.000000e+01
5.510955e+01, 9.000000e+01
5.488364e+01, 9.000000e+01
5.465801e+01, 9.000000e+01
5.443266e+01, 9.000000e+01
5.420761e+01, 9.000000e+01
5.398285e+01, 9.000000e+01
5.375840e+01, 9.000000e+01
5.353427e+01, 9.000000e+01
5.331046e+01, 9.000000e+01
5.308698e+01, 9.000000e+01
5.286384e+01, 9.000000e+01
5.264105e+01, 9.000000e+01
5.241861e+01, 9.000000e+01
5.219653e+01, 9.000000e+01
5.197481e+01, 9.000000e+01
5.175348e+01, 9.000000e+01
5.153253e+01, 9.000000e+01
5.131197e+01, 9.000000e+01
5.109180e+01, 9.000000e+01
5.087204e+01, 9.000000e+01
5.065269e+01, 9.000000e+01
5.043377e+01, 9.000000e+01
5.021526e+01, 9.000000e+01
4.999719e+01, 9.000000e+01
4.977956e+01, 9.000000e+01
4.956237e+01, 9.000000e+01
4.934564e+01, 9.000000e+01
4.912936e+01, 9.000000e+01
4.891355e+01, 9.000000e+01
4.869821e+01, 9.000000e+01
4.848335e+01, 9.000000e+01
4.826898e+01, 9.000000e+01
4.805509e+01, 9.000000e+01
4.784170e+01, 9.000000e+01
4.762881e+01, 9.000000e+01
4.741644e+01, 9.000000e+01
4.720457e+01, 9.000000e+01
4.699323e+01, 9.000000e+01
4.678241e+01, 9.000000e+01
4.657212e+01, 9.000000e+01
4.636237e+01, 9.000000e+01
4.615316e+01, 9.000000e+01
4.594450e+01, 9.000000e+01
4.573639e+01, 9.000000e+01
4.552884e+01, 9.000000e+01
4.532185e+01, 9.000000e+01
4.511543e+01, 9.000000e+01
4.490959e+01, 9.000000e+01
4.470432e+01, 9.000000e+01
4.449963e+01, 9.000000e+01
4.429554e+01, 9.000000e+01
4.409203e+01, 9.000000e+01
4.388912e+01, 9.000000e+01
4.368681e+01, 9.000000e+01
4.348511e+01, 9.000000e+01
4.328402e+01, 9.000000e+01
4.308354e+01, 9.000000e+01
4.288367e+01, 9.000000e+01
4.268443e+01, 9.000000e+01
4.248582e+01, 9.000000e+01
4.228784e+01, 9.000000e+01
4.209049e+01, 9.000000e+01
4.189377e+01, 9.000000e+01
4.169770e+01, 9.000000e+01
4.150227e+01, 9.000000e+01
4.130749e+01, 9.000000e+01
4.111336e+01, 9.000000e+01
4.091988e+01, 9.000000e+01
4.072706e+01, 9.000000e+01
4.053490e+01, 9.000000e+01
4.034341e+01, 9.000000e+01
4.015258e+01, 9.000000e+01
3.996242e+01, 9.000000e+01
3.977293e+01, 9.000000e+01
3.958411e+01, 9.000000e+01
3.939597e+01, 9.000000e+01
3.920851e+01, 9.000000e+01
3.902173e+01, 9.000000e+01
3.883564e+01, 9.000000e+01
3.865023e+01, 9.000000e+01
3.846551e+01, 9.000000e+01
3.828148e+01, 9.000000e+01
3.809814e+01, 9.000000e+01
3.791549e+01, 9.000000e+01
3.773354e+01, 9.000000e+01
3.755229e+01, 9.000000e+01
3.737174e+01, 9.000000e+01
3.719188e+01, 9.000000e+01
3.701273e+01, 9.000000e+01
3.683428e+01, 9.000000e+01
3.665653e+01, 9.000000e+01
3.647949e+01, 9.000000e+01
3.630315e+01, 9.000000e+01
3.612752e+01, 9.000000e+01
3.595260e+01, 9.000000e+01
3.577839e+01, 9.000000e+01
3.560489e+01, 9.000000e+01
3.543209e+01, 9.000000e+01
3.526001e+01, 9.000000e+01
3.508864e+01, 9.000000e+01
3.491798e+01, 9.000000e+01
3.474803e+01, 9.000000e+01
3.457879e+01, 9.000000e+01
3.441027e+01, 9.000000e+01
3.424245e+01, 9.000000e+01
3.407535e+01, 9.000000e+01
3.390896e+01, 9.000000e+01
3.374329e+01, 9.000000e+01
3.357832e+01, 9.000000e+01
3.341406e+01, 9.000000e+01
3.325052e+01, 9.000000e+01
3.308768e+01, 9.000000e+01
3.292556e+01, 9.000000e+01
3.276414e+01, 9.000000e+01
3.260343e+01, 9.000000e+01
3.244343e+01, 9.000000e+01
3.228414e+01, 9.000000e+01
3.212555e+01, 9.000000e+01
3.196767e+01, 9.000000e+01
3.181049e+01, 9.000000e+01
3.165401e+01, 9.000000e+01
3.149823e+01, 9.000000e+01
3.134315e+01, 9.000000e+01
3.118877e+01, 9.000000e+01
3.103509e+01, 9.000000e+01
3.088210e+01, 9.000000e+01
3.072981e+01, 9.000000e+01
3.057821e+01, 9.000000e+01
3.042730e+01, 9.000000e+01
3.027708e+01, 9.000000e+01
3.012754e+01, 9.000000e+01
2.997869e+01, 9.000000e+01
2.983053e+01, 9.000000e+01
2.968304e+01, 9.000000e+01
2.953624e+01, 9.000000e+01
2.939011e+01, 9.000000e+01
2.924465e+01, 9.000000e+01
2.909987e+01, 9.000000e+01
2.895576e+01, 9.000000e+01
2.881232e+01, 9.000000e+01
2.866954e+01, 9.000000e+01
2.852743e+01, 9.000000e+01
2.838597e+01, 9.000000e+01
2.824518e+01, 9.000000e+01
2.810504e+01, 9.000000e+01
2.796555e+01, 9.000000e+01
2.782671e+01, 9.000000e+01
2.768852e+01, 9.000000e+01
2.755098e+01, 9.000000e+01
2.741407e+01, 9.000000e+01
2.727781e+01, 9.000000e+01
2.714218e+01, 9.000000e+01
2.700718e+01, 9.000000e+01
2.687282e+01, 9.000000e+01
2.673908e+01, 9.000000e+01
2.660596e+01, 9.000000e+01
2.647347e+01, 9.000000e+01
2.634159e+01, 9.000000e+01
2.621033e+01, 9.000000e+01
2.607968e+01, 9.000000e+01
2.594964e+01, 9.000000e+01
2.582020e+01, 9.000000e+01
2.569136e+01, 9.000000e+01
2.556313e+01, 9.000000e+01
2.543548e+01, 9.000000e+01
2.530843e+01, 9.000000e+01
2.518197e+01, 9.000000e+01
2.505609e+01, 9.000000e+01
2.493079e+01, 9.000000e+01
2.480606e+01, 9.000000e+01
2.468192e+01, 9.000000e+01
2.455834e+01, 9.000000e+01
2.443533e+01, 9.000000e+01
2.431288e+01, 9.000000e+01
2.419100e+01, 9.000000e+01
2.406966e+01, 9.000000e+01
2.394889e+01, 9.000000e+01
2.382866e+01, 9.000000e+01
2.370897e+01, 9.000000e+01
2.358983e+01, 9.000000e+01
2.347122e+01, 9.000000e+01
2.335315e+01, 9.000000e+01
2.323561e+01, 9.000000e+01
2.311860e+01, 9.000000e+01
2.300211e+01, 9.000000e+01
2.288614e+01, 9.000000e+01
2.277069e+01, 9.000000e+01
2.265574e+01, 9.000000e+01
2.254131e+01, 9.000000e+01
2.242738e+01, 9.000000e+01
2.231395e+01, 9.000000e+01
2.220102e+01, 9.000000e+01
2.208859e+01, 9.000000e+01
2.197664e+01, 9.000000e+01
2.186518e+01, 9.000000e+01
2.175420e+01, 9.000000e+01
2.164370e+01, 9.000000e+01
2.153368e+01, 9.000000e+01
2.142413e+01, 9.000000e+01
2.131504e+01, 9.000000e+01
2.120643e+01, 9.000000e+01
2.109827e+01, 9.000000e+01
2.099057e+01, 9.000000e+01
2.088332e+01, 9.000000e+01
2.077652e+01, 9.000000e+01
2.067018e+01, 9.000000e+01
2.056427e+01, 9.000000e+01
2.045880e+01, 9.000000e+01
2.035377e+01, 9.000000e+01
2.024917e+01, 9.000000e+01
2.014501e+01, 9.000000e+01
2.004126e+01, 9.000000e+01
1.993795e+01, 9.000000e+01
1.983505e+01, 9.000000e+01
1.973256e+01, 9.000000e+01
1.963049e+01, 9.000000e+01
1.952883e+01, 9.000000e+01
1.942758e+01, 9.000000e+01
1.932672e+01, 9.000000e+01
1.922627e+01, 9.000000e+01
1.912622e+01, 9.000000e+01
1.902656e+01, 9.000000e+01
1.892729e+01, 9.000000e+01
1.882840e+01, 9.000000e+01
1.872991e+01, 9.000000e+01
1.863179e+01, 9.000000e+01
1.853405e+01, 9.000000e+01
1.843669e+01, 9.000000e+01
1.833971e+01, 9.000000e+01
1.824309e+01, 9.000000e+01
1.814684e+01, 9.000000e+01
1.805096e+01, 9.000000e+01
1.795544e+01, 9.000000e+01
1.786027e+01, 9.000000e+01
1.776547e+01, 9.000000e+01
1.767102e+01, 9.000000e+01
1.757693e+01, 9.000000e+01
1.748318e+01, 9.000000e+01
1.738978e+01, 9.000000e+01
1.729673e+01, 9.000000e+01
1.720402e+01, 9.000000e+01
1.711165e+01, 9.000000e+01
1.701962e+01, 9.000000e+01
1.692793e+01, 9.000000e+01
1.683657e+01, 9.000000e+01
1.674554e+01, 9.000000e+01
1.665485e+01, 9.000000e+01
1.656448e+01, 9.000000e+01
1.647444e+01, 9.000000e+01
1.638473e+01, 9.000000e+01
1.629533e+01, 9.000000e+01
1.620627e+01, 9.000000e+01
1.611752e+01, 9.000000e+01
1.602909e+01, 9.000000e+01
1.594097e+01, 9.000000e+01
1.585318e+01, 9.000000e+01
1.576569e+01, 9.000000e+01
1.567852e+01, 9.000000e+01
1.559166e+01, 9.000000e+01
1.550512e+01, 9.000000e+01
1.541888e+01, 9.000000e+01
1.533295e+01, 9.000000e+01
1.524733e+01, 9.000000e+01
1.516201e+01, 9.000000e+01
1.507700e+01, 9.000000e+01
1.499229e+01, 9.000000e+01
1.490789e+01, 9.000000e+01
1.482379e+01, 9.000000e+01
1.473999e+01, 9.000000e+01
1.465650e+01, 9.000000e+01
1.457330e+01, 9.000000e+01
1.449041e+01, 9.000000e+01
1.440781e+01, 9.000000e+01
1.432552e+01, 9.000000e+01
1.424353e+01, 9.000000e+01
1.416183e+01, 9.000000e+01
1.408044e+01, 9.000000e+01
1.399934e+01, 9.000000e+01
1.391854e+01, 9.000000e+01
1.383804e+01, 9.000000e+01
1.375784e+01, 9.000000e+01
1.367794e+01, 9.000000e+01
1.359834e+01, 9.000000e+01
1.351903e+01, 9.000000e+01
1.344003e+01, 9.000000e+01
1.336133e+01, 9.000000e+01
1.328292e+01, 9.000000e+01
1.320482e+01, 9.000000e+01
1.312702e+01, 9.000000e+01
1.304952e+01, 9.000000e+01
1.297232e+01, 9.000000e+01
1.289543e+01, 9.000000e+01
1.281884e+01, 9.000000e+01
1.274255e+01, 9.000000e+01
1.266657e+01, 9.000000e+01
1.259090e+01, 9.000000e+01
1.251553e+01, 9.000000e+01
1.244047e+01, 9.000000e+01
1.236572e+01, 9.000000e+01
1.229128e+01, 9.000000e+01
1.221715e+01, 9.000000e+01
1.214333e+01, 9.000000e+01
1.206983e+01, 9.000000e+01
1.199664e+01, 9.000000e+01
1.192377e+01, 9.000000e+01
1.185122e+01, 9.000000e+01
1.177898e+01, 9.000000e+01
1.170707e+01, 9.000000e+01
1.163547e+01, 9.000000e+01
1.156420e+01, 9.000000e+01
1.149326e+01, 9.000000e+01
1.142264e+01, 9.000000e+01
1.135235e+01, 9.000000e+01
1.128239e+01, 9.000000e+01
1.121276e+01, 9.000000e+01
1.114346e+01, 9.000000e+01
1.107450e+01, 9.000000e+01
1.100587e+01, 9.000000e+01
1.093759e+01, 9.000000e+01
1.086964e+01, 9.000000e+01
1.080203e+01, 9.000000e+01
1.073477e+01, 9.000000e+01
1.066786e+01, 9.000000e+01
1.060129e+01, 9.000000e+01
1.053508e+01, 9.000000e+01
1.046921e+01, 9.000000e+01
1.040370e+01, 9.000000e+01
1.033855e+01, 9.000000e+01
1.027375e+01, 9.000000e+01
1.020932e+01, 9.000000e+01
1.014525e+01, 9.000000e+01
1.008154e+01, 9.000000e+01
1.001819e+01, 9.000000e+01
9.955220e+00, 9.000000e+01
9.892617e+00, 9.000000e+01
9.830387e+00, 9.000000e+01
9.768531e+00, 9.000000e+01
9.707053e+00, 9.000000e+01
9.645954e+00, 9.000000e+01
9.585237e+00, 9.000000e+01
9.524903e+00, 9.000000e+01
9.464955e+00, 9.000000e+01
9.405395e+00, 9.000000e+01
9.346225e+00, 9.000000e+01
9.287447e+00, 9.000000e+01
9.229064e+00, 9.000000e+01
9.171077e+00, 9.000000e+01
9.113488e+00, 9.000000e+01
9.056301e+00, 9.000000e+01
8.999515e+00, 9.000000e+01
8.943135e+00, 9.000000e+01
8.887162e+00, 9.000000e+01
8.831597e+00, 9.000000e+01
8.776443e+00, 9.000000e+01
8.721702e+00, 9.000000e+01
8.667376e+00, 9.000000e+01
8.613466e+00, 9.000000e+01
8.559975e+00, 9.000000e+01
8.506904e+00, 9.000000e+01
8.454256e+00, 9.000000e+01
8.402032e+00, 9.000000e+01
8.350233e+00, 9.000000e+01
8.298863e+00, 9.000000e+01
8.247921e+00, 9.000000e+01
8.197411e+00, 9.000000e+01
8.147332e+00, 9.000000e+01
8.097688e+00, 9.000000e+01
8.048480e+00, 9.000000e+01
7.999709e+00, 9.000000e+01
7.951376e+00, 9.000000e+01
7.903483e+00, 9.000000e+01
7.856031e+00, 9.000000e+01
7.809021e+00, 9.000000e+01
7.762456e+00, 9.000000e+01
7.716335e+00, 9.000000e+01
7.670660e+00, 9.000000e+01
7.625431e+00, 9.000000e+01
7.580651e+00, 9.000000e+01
7.536320e+00, 9.000000e+01
7.492438e+00, 9.000000e+01
7.449006e+00, 9.000000e+01
7.406026e+00, 9.000000e+01
7.363497e+00, 9.000000e+01
7.321421e+00, 9.000000e+01
7.279798e+00, 9.000000e+01
7.238627e+00, 9.000000e+01
7.197911e+00, 9.000000e+01
7.157648e+00, 9.000000e+01
7.117839e+00, 9.000000e+01
7.078485e+00, 9.000000e+01
7.039584e+00, 9.000000e+01
7.001138e+00, 9.000000e+01
6.963145e+00, 9.000000e+01
6.925607e+00, 9.000000e+01
6.888522e+00, 9.000000e+01
6.851890e+00, 9.000000e+01
6.815710e+00, 9.000000e+01
6.779983e+00, 9.000000e+01
6.744706e+00, 9.000000e+01
6.709881e+00, 9.000000e+01
6.675505e+00, 9.000000e+01
6.641578e+00, 9.000000e+01
6.608099e+00, 9.000000e+01
6.575066e+00, 9.000000e+01
6.542479e+00, 9.000000e+01
6.510336e+00, 9.000000e+01
6.478636e+00, 9.000000e+01
6.447377e+00, 9.000000e+01
6.416558e+00, 9.000000e+01
6.386176e+00, 9.000000e+01
6.356231e+00, 9.000000e+01
6.326720e+00, 9.000000e+01
6.297640e+00, 9.000000e+01
6.268992e+00, 9.000000e+01
6.240770e+00, 9.000000e+01
6.212975e+00, 9.000000e+01
6.185603e+00, 9.000000e+01
6.158651e+00, 9.000000e+01
6.132117e+00, 9.000000e+01
6.105999e+00, 9.000000e+01
6.080293e+00, 9.000000e+01
6.054997e+00, 9.000000e+01
6.030108e+00, 9.000000e+01
6.005622e+00, 9.000000e+01
5.981536e+00, 9.000000e+01
5.957847e+00, 9.000000e+01
5.934552e+00, 9.000000e+01
5.911647e+00, 9.000000e+01
5.889128e+00, 9.000000e+01
5.866992e+00, 9.000000e+01
5.845236e+00, 9.000000e+01
5.823854e+00, 9.000000e+01
5.802843e+00, 9.000000e+01
5.782199e+00, 9.000000e+01
5.761919e+00, 9.000000e+01
5.741996e+00, 9.000000e+01
5.722429e+00, 9.000000e+01
5.703210e+00, 9.000000e+01
5.684338e+00, 9.000000e+01
5.665805e+00, 9.000000e+01
5.647609e+00, 9.000000e+01
5.629744e+00, 9.000000e+01
5.612206e+00, 9.000000e+01
5.594989e+00, 9.000000e+01
5.578088e+00, 9.000000e+01
5.561499e+00, 9.000000e+01
5.545216e+00, 9.000000e+01
5.529234e+00, 9.000000e+01
5.513547e+00, 9.000000e+01
5.498151e+00, 9.000000e+01
5.483040e+00, 9.000000e+01
5.468209e+00, 9.000000e+01
5.453652e+00, 9.000000e+01
5.439362e+00, 9.000000e+01
5.425336e+00, 9.000000e+01
5.411567e+00, 9.000000e+01
5.398050e+00, 9.000000e+01
5.384778e+00, 9.000000e+01
5.371745e+00, 9.000000e+01
5.358947e+00, 9.000000e+01
5.346378e+00, 9.000000e+01
5.334030e+00, 9.000000e+01
5.321899e+00, 9.000000e+01
5.309979e+00, 9.000000e+01
5.298263e+00, 9.000000e+01
5.286746e+00, 9.000000e+01
5.275422e+00, 9.000000e+01
5.264285e+00, 9.000000e+01
5.253328e+00, 9.000000e+01
5.242547e+00, 9.000000e+01
5.231935e+00, 9.000000e+01
5.221486e+00, 9.000000e+01
5.211194e+00, 9.000000e+01
5.201054e+00, 9.000000e+01
5.191060e+00, 9.000000e+01
5.181206e+00, 9.000000e+01
5.171487e+00, 9.000000e+01
5.161896e+00, 9.000000e+01
5.152428e+00, 9.000000e+01
5.143078e+00, 9.000000e+01
5.133841e+00, 9.000000e+01
5.124710e+00, 9.000000e+01
5.115680e+00, 9.000000e+01
5.106748e+00, 9.000000e+01
5.097906e+00, 9.000000e+01
5.089151e+00, 9.000000e+01
5.080478e+00, 9.000000e+01
5.071881e+00, 9.000000e+01
5.063356e+00, 9.000000e+01
5.054899e+00, 9.000000e+01
5.046506e+00, 9.000000e+01
5.038171e+00, 9.000000e+01
5.029892e+00, 9.000000e+01
5.021664e+00, 9.000000e+01
5.013483e+00, 9.000000e+01
5.005347e+00, 9.000000e+01
4.997251e+00, 9.000000e+01
4.989193e+00, 9.000000e+01
4.981169e+00, 9.000000e+01
4.973178e+00, 9.000000e+01
4.965216e+00, 9.000000e+01
4.957281e+00, 9.000000e+01
4.949372e+00, 9.000000e+01
4.941486e+00, 9.000000e+01
4.933623e+00, 9.000000e+01
4.925780e+00, 9.000000e+01
4.917958e+00, 9.000000e+01
4.910155e+00, 9.000000e+01
4.902371e+00, 9.000000e+01
4.894606e+00, 9.000000e+01
4.886861e+00, 9.000000e+01
4.879135e+00, 9.000000e+01
4.871431e+00, 9.000000e+01
4.863749e+00, 9.000000e+01
4.856091e+00, 9.000000e+01
4.848460e+00, 9.000000e+01
4.840857e+00, 9.000000e+01
4.833286e+00, 9.000000e+01
4.825750e+00, 9.000000e+01
4.818252e+00, 9.000000e+01
4.810798e+00, 9.000000e+01
4.803391e+00, 9.000000e+01
4.796036e+00, 9.000000e+01
4.788740e+00, 9.000000e+01
4.781507e+00, 9.000000e+01
4.774345e+00, 9.000000e+01
4.767261e+00, 9.000000e+01
4.760262e+00, 9.000000e+01
4.753356e+00, 9.000000e+01
4.746553e+00, 9.000000e+01
4.739860e+00, 9.000000e+01
4.733288e+00, 9.000000e+01
4.726848e+00, 9.000000e+01
4.720550e+00, 9.000000e+01
4.714405e+00, 9.000000e+01
4.708427e+00, 9.000000e+01
4.702627e+00, 9.000000e+01
4.697020e+00, 9.000000e+01
4.691619e+00, 9.000000e+01
4.686439e+00, 9.000000e+01
4.681497e+00, 9.000000e+01
4.676807e+00, 9.000000e+01
4.672388e+00, 9.000000e+01
4.668256e+00, 9.000000e+01
4.664431e+00, 9.000000e+01
4.660932e+00, 9.000000e+01
4.657778e+00, 9.000000e+01
4.654991e+00, 9.000000e+01
4.652591e+00, 9.000000e+01
4.650603e+00, 9.000000e+01
4.649048e+00, 9.000000e+01
4.647952e+00, 9.000000e+01
4.647338e+00, 9.000000e+01
4.647234e+00, 9.000000e+01
4.647666e+00, 9.000000e+01
4.648662e+00, 9.000000e+01
4.650251e+00, 9.000000e+01
4.652462e+00, 9.000000e+01
4.655326e+00, 9.000000e+01
4.658874e+00, 9.000000e+01
4.663140e+00, 9.000000e+01
4.668157e+00, 9.000000e+01
4.673959e+00, 9.000000e+01
4.680583e+00, 9.000000e+01
4.688065e+00, 9.000000e+01
4.696444e+00, 9.000000e+01
4.705757e+00, 9.000000e+01
4.716046e+00, 9.000000e+01
4.727352e+00, 9.000000e+01
4.739717e+00, 9.000000e+01
4.753185e+00, 9.000000e+01
4.767800e+00, 9.000000e+01
4.783608e+00, 9.000000e+01
4.800657e+00, 9.000000e+01
4.818996e+00, 9.000000e+01
4.838673e+00, 9.000000e+01
4.859740e+00, 9.000000e+01
4.882248e+00, 9.000000e+01
4.906253e+00, 9.000000e+01
4.931808e+00, 9.000000e+01
4.958969e+00, 9.000000e+01
4.987795e+00, 9.000000e+01
5.018344e+00, 9.000000e+01
5.050676e+00, 9.000000e+01
5.084854e+00, 9.000000e+01
5.120940e+00, 9.000000e+01
5.158999e+00, 9.000000e+01
5.199097e+00, 9.000000e+01
5.241301e+00, 9.000000e+01
5.285681e+00, 9.000000e+01
5.332307e+00, 9.000000e+01
5.381251e+00, 9.000000e+01
5.432587e+00, 9.000000e+01
5.486390e+00, 9.000000e+01
5.542736e+00, 9.000000e+01
5.601704e+00, 9.000000e+01
5.663374e+00, 9.000000e+01
5.727827e+00, 9.000000e+01
5.795146e+00, 9.000000e+01
5.865417e+00, 9.000000e+01
5.938726e+00, 9.000000e+01
6.015161e+00, 9.000000e+01
6.094811e+00, 9.000000e+01
6.177770e+00, 9.000000e+01
6.264129e+00, 9.000000e+01
6.353984e+00, 9.000000e+01
6.447433e+00, 9.000000e+01
6.544573e+00, 9.000000e+01
6.645505e+00, 9.000000e+01
6.750332e+00, 9.000000e+01
6.859158e+00, 9.000000e+01
6.972088e+00, 9.000000e+01
7.089231e+00, 9.000000e+01
7.210696e+00, 9.000000e+01
7.336596e+00, 9.000000e+01
7.467042e+00, 9.000000e+01
7.602152e+00, 9.000000e+01
7.742043e+00, 9.000000e+01
7.886833e+00, 9.000000e+01
8.036645e+00, 9.000000e+01
8.191601e+00, 9.000000e+01
8.351827e+00, 9.000000e+01
8.517451e+00, 9.000000e+01
8.688601e+00, 9.000000e+01
8.865410e+00, 9.000000e+01
9.048010e+00, 9.000000e+01
9.236538e+00, 9.000000e+01
9.431130e+00, 9.000000e+01
9.631927e+00, 9.000000e+01
9.839071e+00, 9.000000e+01
1.005271e+01, 9.000000e+01
1.027298e+01, 9.000000e+01
1.050003e+01, 9.000000e+01
1.073402e+01, 9.000000e+01
1.097510e+01, 9.000000e+01
1.122342e+01, 9.000000e+01
1.147914e+01, 9.000000e+01
1.174242e+01, 9.000000e+01
1.201342e+01, 9.000000e+01
1.229231e+01, 9.000000e+01
1.257924e+01, 9.000000e+01
1.287439e+01, 9.000000e+01
1.317793e+01, 9.000000e+01
1.349003e+01, 9.000000e+01
1.381087e+01, 9.000000e+01
1.414061e+01, 9.000000e+01
1.447945e+01, 9.000000e+01
1.482757e+01, 9.000000e+01
1.518514e+01, 9.000000e+01
1.555235e+01, 9.000000e+01
1.592940e+01, 9.000000e+01
1.631647e+01, 9.000000e+01
1.671376e+01, 9.000000e+01
1.712146e+01, 9.000000e+01
1.753978e+01, 9.000000e+01
1.796890e+01, 9.000000e+01
1.840904e+01, 9.000000e+01
1.886039e+01, 9.000000e+01
1.932318e+01, 9.000000e+01
1.979760e+01, 9.000000e+01
2.028386e+01, 9.000000e+01
2.078219e+01, 9.000000e+01
2.129280e+01, 9.000000e+01
2.181591e+01, 9.000000e+01
2.235174e+01, 9.000000e+01
2.290051e+01, 9.000000e+01
2.346246e+01, 9.000000e+01
2.403780e+01, 9.000000e+01
2.462678e+01, 9.000000e+01
2.522961e+01, 9.000000e+01
2.584655e+01, 9.000000e+01
2.647783e+01, 9.000000e+01
2.712369e+01, 9.000000e+01
2.778436e+01, 9.000000e+01
2.846011e+01, 9.000000e+01
2.915116e+01, 9.000000e+01
2.985779e+01, 9.000000e+01
3.058023e+01, 9.000000e+01
3.131874e+01, 9.000000e+01
3.207357e+01, 9.000000e+01
3.284500e+01, 9.000000e+01
##END
