##TITLE= Pf1-t45-h1070-205R4
##JCAMP-DX= 5.00 Bruker JCAMP library
##DATA TYPE= Shape Data
##ORIGIN= Bruker BioSpin GmbH
##OWNER= <Alexej Jerschow>
##DATE= 2009/02/26
##TIME= 15:19:53
##$SHAPE_PARAMETERS= 
##MINX= 8.630582e-04
##MAXX= 1.000000e+02
##MINY= 8.485906e+01
##MAXY= 2.715109e+02
##$SHAPE_EXMODE= 
##$SHAPE_TOTROT= 
##$SHAPE_TYPE= 
##$SHAPE_USER_DEF= 
##$SHAPE_REPHFAC= 
##$SHAPE_BWFAC= 
##$SHAPE_BWFAC50= 
##$SHAPE_INTEGFAC= 
##$SHAPE_MODE= 
##NPOINTS= 1000
##XYPOINTS= (XY..XY)
1.731448e-02, 9.002040e+01
1.729858e-02, 9.002010e+01
1.728068e-02, 9.001976e+01
1.726078e-02, 9.001937e+01
1.723890e-02, 9.001894e+01
1.721503e-02, 9.001847e+01
1.718919e-02, 9.001795e+01
1.716139e-02, 9.001739e+01
1.713163e-02, 9.001679e+01
1.709992e-02, 9.001619e+01
1.706630e-02, 9.001555e+01
1.703078e-02, 9.001487e+01
1.699337e-02, 9.001415e+01
1.695409e-02, 9.001339e+01
1.691296e-02, 9.001259e+01
1.686999e-02, 9.001175e+01
1.682521e-02, 9.001087e+01
1.677870e-02, 9.000999e+01
1.673043e-02, 9.000908e+01
1.668042e-02, 9.000814e+01
1.662871e-02, 9.000715e+01
1.657532e-02, 9.000613e+01
1.652027e-02, 9.000508e+01
1.646359e-02, 9.000400e+01
1.640532e-02, 9.000288e+01
1.634560e-02, 9.000177e+01
1.628437e-02, 9.000063e+01
1.622165e-02, 8.999946e+01
1.615747e-02, 8.999827e+01
1.609188e-02, 8.999705e+01
1.602490e-02, 8.999580e+01
1.595659e-02, 8.999453e+01
1.588697e-02, 8.999323e+01
1.581627e-02, 8.999195e+01
1.574436e-02, 8.999065e+01
1.567129e-02, 8.998934e+01
1.559709e-02, 8.998800e+01
1.552181e-02, 8.998665e+01
1.544550e-02, 8.998529e+01
1.536820e-02, 8.998391e+01
1.528996e-02, 8.998253e+01
1.521108e-02, 8.998116e+01
1.513136e-02, 8.997979e+01
1.505087e-02, 8.997841e+01
1.496965e-02, 8.997703e+01
1.488775e-02, 8.997565e+01
1.480524e-02, 8.997427e+01
1.472215e-02, 8.997290e+01
1.463856e-02, 8.997154e+01
1.455480e-02, 8.997019e+01
1.447065e-02, 8.996886e+01
1.438616e-02, 8.996754e+01
1.430141e-02, 8.996624e+01
1.421644e-02, 8.996495e+01
1.413132e-02, 8.996369e+01
1.404611e-02, 8.996245e+01
1.396086e-02, 8.996123e+01
1.387596e-02, 8.996004e+01
1.379116e-02, 8.995889e+01
1.370652e-02, 8.995777e+01
1.362210e-02, 8.995668e+01
1.353798e-02, 8.995563e+01
1.345420e-02, 8.995462e+01
1.337085e-02, 8.995366e+01
1.328797e-02, 8.995274e+01
1.320598e-02, 8.995186e+01
1.312459e-02, 8.995103e+01
1.304389e-02, 8.995026e+01
1.296394e-02, 8.994954e+01
1.288479e-02, 8.994888e+01
1.280653e-02, 8.994828e+01
1.272921e-02, 8.994775e+01
1.265290e-02, 8.994729e+01
1.257800e-02, 8.994687e+01
1.250423e-02, 8.994652e+01
1.243167e-02, 8.994624e+01
1.236038e-02, 8.994603e+01
1.229042e-02, 8.994591e+01
1.222186e-02, 8.994587e+01
1.215477e-02, 8.994591e+01
1.208921e-02, 8.994604e+01
1.202554e-02, 8.994620e+01
1.196352e-02, 8.994645e+01
1.190321e-02, 8.994679e+01
1.184468e-02, 8.994721e+01
1.178797e-02, 8.994773e+01
1.173316e-02, 8.994833e+01
1.168030e-02, 8.994903e+01
1.162944e-02, 8.994983e+01
1.158092e-02, 8.995065e+01
1.153452e-02, 8.995156e+01
1.149028e-02, 8.995256e+01
1.144827e-02, 8.995365e+01
1.140852e-02, 8.995483e+01
1.137111e-02, 8.995609e+01
1.133607e-02, 8.995745e+01
1.130346e-02, 8.995889e+01
1.127354e-02, 8.996034e+01
1.124613e-02, 8.996186e+01
1.122126e-02, 8.996347e+01
1.119900e-02, 8.996514e+01
1.117936e-02, 8.996690e+01
1.116241e-02, 8.996872e+01
1.114817e-02, 8.997060e+01
1.113668e-02, 8.997255e+01
1.112813e-02, 8.997447e+01
1.112238e-02, 8.997644e+01
1.111947e-02, 8.997845e+01
1.111942e-02, 8.998052e+01
1.112226e-02, 8.998262e+01
1.112802e-02, 8.998476e+01
1.988560e-02, 8.983763e+01
2.149814e-02, 8.983107e+01
2.191606e-02, 8.983619e+01
2.234506e-02, 8.984136e+01
2.278493e-02, 8.984655e+01
2.323543e-02, 8.985176e+01
2.369632e-02, 8.985698e+01
2.416744e-02, 8.986215e+01
2.464845e-02, 8.986731e+01
2.513898e-02, 8.987243e+01
2.563928e-02, 8.987750e+01
2.614846e-02, 8.988253e+01
2.666618e-02, 8.988752e+01
2.719210e-02, 8.989243e+01
2.772584e-02, 8.989727e+01
2.826706e-02, 8.990205e+01
2.881541e-02, 8.990677e+01
2.937052e-02, 8.991141e+01
2.993219e-02, 8.991596e+01
3.049970e-02, 8.992043e+01
3.107247e-02, 8.992480e+01
3.165028e-02, 8.992909e+01
3.223271e-02, 8.993330e+01
3.281935e-02, 8.993743e+01
3.340974e-02, 8.994148e+01
3.400345e-02, 8.994545e+01
3.459925e-02, 8.994928e+01
3.519731e-02, 8.995304e+01
3.579715e-02, 8.995671e+01
3.639829e-02, 8.996030e+01
3.700025e-02, 8.996381e+01
3.760252e-02, 8.996724e+01
3.820403e-02, 8.997056e+01
3.880467e-02, 8.997380e+01
3.940340e-02, 8.997695e+01
4.000027e-02, 8.998002e+01
4.059478e-02, 8.998301e+01
4.118637e-02, 8.998592e+01
4.177399e-02, 8.998874e+01
4.235721e-02, 8.999148e+01
4.293587e-02, 8.999415e+01
4.350944e-02, 8.999674e+01
4.407630e-02, 8.999925e+01
4.463688e-02, 9.000169e+01
4.519024e-02, 9.000406e+01
4.573549e-02, 9.000634e+01
4.627278e-02, 9.000856e+01
4.680158e-02, 9.001072e+01
4.732133e-02, 9.001280e+01
4.783150e-02, 9.001482e+01
4.832984e-02, 9.001677e+01
4.881632e-02, 9.001865e+01
4.929147e-02, 9.002047e+01
4.975474e-02, 9.002222e+01
5.020562e-02, 9.002392e+01
5.064358e-02, 9.002555e+01
5.106801e-02, 9.002713e+01
5.147727e-02, 9.002865e+01
5.187004e-02, 9.003011e+01
5.224774e-02, 9.003151e+01
5.260986e-02, 9.003286e+01
5.295591e-02, 9.003415e+01
5.328535e-02, 9.003539e+01
5.359679e-02, 9.003657e+01
5.389028e-02, 9.003771e+01
5.416580e-02, 9.003879e+01
5.442082e-02, 9.003982e+01
5.465695e-02, 9.004080e+01
5.487373e-02, 9.004174e+01
5.507008e-02, 9.004262e+01
5.524554e-02, 9.004346e+01
5.540049e-02, 9.004425e+01
5.553457e-02, 9.004500e+01
5.564741e-02, 9.004569e+01
5.573637e-02, 9.004634e+01
5.580298e-02, 9.004695e+01
5.584627e-02, 9.004752e+01
5.586702e-02, 9.004804e+01
5.586495e-02, 9.004852e+01
5.583980e-02, 9.004894e+01
5.579132e-02, 9.004933e+01
5.571917e-02, 9.004966e+01
5.561956e-02, 9.004998e+01
5.549600e-02, 9.005024e+01
5.534832e-02, 9.005047e+01
5.517636e-02, 9.005064e+01
5.497998e-02, 9.005077e+01
5.475898e-02, 9.005086e+01
5.451237e-02, 9.005091e+01
5.424081e-02, 9.005092e+01
5.394222e-02, 9.005089e+01
5.361889e-02, 9.005082e+01
5.327080e-02, 9.005070e+01
5.289791e-02, 9.005054e+01
5.249963e-02, 9.005034e+01
5.207624e-02, 9.005009e+01
5.162829e-02, 9.004980e+01
5.115587e-02, 9.004946e+01
5.065700e-02, 9.004908e+01
5.013395e-02, 9.004866e+01
4.958653e-02, 9.004819e+01
4.901474e-02, 9.004768e+01
4.841939e-02, 9.004712e+01
4.780072e-02, 9.004650e+01
4.715898e-02, 9.004582e+01
4.649444e-02, 9.004509e+01
4.580545e-02, 9.004432e+01
4.509379e-02, 9.004351e+01
4.436045e-02, 9.004264e+01
4.360577e-02, 9.004170e+01
4.283015e-02, 9.004070e+01
9.601298e-02, 9.009004e+01
1.224458e-01, 9.009892e+01
1.232897e-01, 9.009956e+01
1.228672e-01, 9.009983e+01
1.224581e-01, 9.010003e+01
1.220638e-01, 9.010017e+01
1.216857e-01, 9.010024e+01
1.213233e-01, 9.010024e+01
1.209778e-01, 9.010017e+01
1.206488e-01, 9.010003e+01
1.203373e-01, 9.009982e+01
1.200463e-01, 9.009954e+01
1.197727e-01, 9.009918e+01
1.195167e-01, 9.009874e+01
1.192801e-01, 9.009823e+01
1.190643e-01, 9.009763e+01
1.188679e-01, 9.009696e+01
1.186905e-01, 9.009620e+01
1.185322e-01, 9.009536e+01
1.183959e-01, 9.009443e+01
1.182817e-01, 9.009343e+01
1.181889e-01, 9.009233e+01
1.181161e-01, 9.009115e+01
1.180634e-01, 9.008988e+01
1.180317e-01, 9.008853e+01
1.180209e-01, 9.008709e+01
1.180309e-01, 9.008556e+01
1.180655e-01, 9.008395e+01
1.181205e-01, 9.008224e+01
1.181965e-01, 9.008045e+01
1.182931e-01, 9.007857e+01
1.184097e-01, 9.007661e+01
1.185465e-01, 9.007456e+01
1.187048e-01, 9.007242e+01
1.188838e-01, 9.007020e+01
1.190844e-01, 9.006790e+01
1.193042e-01, 9.006551e+01
1.195429e-01, 9.006304e+01
1.198005e-01, 9.006049e+01
1.200775e-01, 9.005786e+01
1.203730e-01, 9.005515e+01
1.206860e-01, 9.005237e+01
1.210162e-01, 9.004952e+01
1.213649e-01, 9.004659e+01
1.217298e-01, 9.004358e+01
1.221108e-01, 9.004051e+01
1.225078e-01, 9.003737e+01
1.229191e-01, 9.003417e+01
1.233439e-01, 9.003090e+01
1.237820e-01, 9.002758e+01
1.242327e-01, 9.002419e+01
1.246973e-01, 9.002075e+01
1.251734e-01, 9.001724e+01
1.256592e-01, 9.001368e+01
1.261547e-01, 9.001007e+01
1.266592e-01, 9.000642e+01
1.271718e-01, 9.000272e+01
1.276907e-01, 8.999898e+01
1.282158e-01, 8.999518e+01
1.287474e-01, 8.999134e+01
1.292835e-01, 8.998747e+01
1.298226e-01, 8.998356e+01
1.303631e-01, 8.997961e+01
1.309049e-01, 8.997564e+01
1.314473e-01, 8.997163e+01
1.319891e-01, 8.996759e+01
1.325284e-01, 8.996352e+01
1.330636e-01, 8.995942e+01
1.335951e-01, 8.995529e+01
1.341218e-01, 8.995115e+01
1.346417e-01, 8.994698e+01
1.351523e-01, 8.994278e+01
1.356534e-01, 8.993857e+01
1.361452e-01, 8.993434e+01
1.366264e-01, 8.993010e+01
1.370940e-01, 8.992583e+01
1.375451e-01, 8.992154e+01
1.379804e-01, 8.991724e+01
1.384000e-01, 8.991292e+01
1.388025e-01, 8.990860e+01
1.391849e-01, 8.990426e+01
1.395462e-01, 8.989991e+01
1.398861e-01, 8.989555e+01
1.402000e-01, 8.989116e+01
1.404897e-01, 8.988677e+01
1.407523e-01, 8.988236e+01
1.409874e-01, 8.987794e+01
1.411955e-01, 8.987352e+01
1.413747e-01, 8.986909e+01
1.415207e-01, 8.986464e+01
1.416319e-01, 8.986017e+01
1.417074e-01, 8.985569e+01
1.417493e-01, 8.985120e+01
1.417560e-01, 8.984670e+01
1.417241e-01, 8.984219e+01
1.416505e-01, 8.983765e+01
1.415371e-01, 8.983310e+01
1.413842e-01, 8.982853e+01
1.411901e-01, 8.982396e+01
1.409467e-01, 8.981935e+01
1.406589e-01, 8.981473e+01
1.403253e-01, 8.981008e+01
1.399443e-01, 8.980542e+01
1.395157e-01, 8.980073e+01
1.390375e-01, 8.979601e+01
1.385108e-01, 8.979128e+01
1.379356e-01, 8.978652e+01
1.373042e-01, 8.978172e+01
1.366167e-01, 8.977688e+01
1.358756e-01, 8.977201e+01
1.350828e-01, 8.976711e+01
1.568370e-01, 8.996103e+01
1.827084e-01, 9.013173e+01
1.864476e-01, 9.015603e+01
1.851070e-01, 9.015331e+01
1.836174e-01, 9.015007e+01
1.820716e-01, 9.014679e+01
1.804671e-01, 9.014345e+01
1.788023e-01, 9.014006e+01
1.770777e-01, 9.013661e+01
1.752903e-01, 9.013309e+01
1.734418e-01, 9.012952e+01
1.715309e-01, 9.012588e+01
1.695511e-01, 9.012217e+01
1.675106e-01, 9.011841e+01
1.654086e-01, 9.011459e+01
1.632411e-01, 9.011070e+01
1.610063e-01, 9.010670e+01
1.587081e-01, 9.010262e+01
1.563480e-01, 9.009845e+01
1.539259e-01, 9.009420e+01
1.514336e-01, 9.008984e+01
1.488741e-01, 9.008536e+01
1.462495e-01, 9.008075e+01
1.435630e-01, 9.007600e+01
1.408145e-01, 9.007110e+01
1.380032e-01, 9.006602e+01
1.351300e-01, 9.006076e+01
1.321954e-01, 9.005530e+01
1.291918e-01, 9.004960e+01
1.261291e-01, 9.004366e+01
1.230071e-01, 9.003743e+01
1.198275e-01, 9.003087e+01
1.165924e-01, 9.002396e+01
1.133020e-01, 9.001666e+01
1.099546e-01, 9.000892e+01
1.065535e-01, 9.000067e+01
1.030970e-01, 8.999185e+01
9.959190e-02, 8.998240e+01
9.603957e-02, 8.997222e+01
9.244076e-02, 8.996119e+01
8.879634e-02, 8.994921e+01
8.510978e-02, 8.993614e+01
8.138417e-02, 8.992181e+01
7.762145e-02, 8.990602e+01
7.382026e-02, 8.988848e+01
6.998697e-02, 8.986891e+01
6.612340e-02, 8.984692e+01
6.223234e-02, 8.982203e+01
5.831763e-02, 8.979364e+01
5.438223e-02, 8.976096e+01
5.042882e-02, 8.972296e+01
4.646022e-02, 8.967825e+01
4.247823e-02, 8.962488e+01
3.848904e-02, 8.956018e+01
3.449603e-02, 8.948024e+01
1.132249e-01, 8.984305e+01
4.262677e-01, 8.996718e+01
6.414586e-01, 8.998341e+01
6.584174e-01, 8.998550e+01
6.449513e-01, 8.998632e+01
6.311884e-01, 8.998715e+01
6.174765e-01, 8.998802e+01
6.038185e-01, 8.998891e+01
5.902131e-01, 8.998984e+01
5.766634e-01, 8.999080e+01
5.631743e-01, 8.999180e+01
5.497462e-01, 8.999284e+01
5.363777e-01, 8.999392e+01
5.230719e-01, 8.999505e+01
5.098238e-01, 8.999622e+01
4.966335e-01, 8.999745e+01
4.835045e-01, 8.999872e+01
4.704363e-01, 9.000006e+01
4.574253e-01, 9.000146e+01
4.444685e-01, 9.000292e+01
4.315603e-01, 9.000447e+01
4.187051e-01, 9.000609e+01
4.059008e-01, 9.000780e+01
3.931435e-01, 9.000961e+01
3.804287e-01, 9.001152e+01
3.677534e-01, 9.001354e+01
3.551133e-01, 9.001569e+01
3.425040e-01, 9.001799e+01
3.299239e-01, 9.002045e+01
3.173720e-01, 9.002308e+01
3.048412e-01, 9.002591e+01
2.923277e-01, 9.002896e+01
2.798262e-01, 9.003226e+01
2.673319e-01, 9.003585e+01
2.548417e-01, 9.003977e+01
2.423522e-01, 9.004408e+01
2.298587e-01, 9.004884e+01
2.173545e-01, 9.005413e+01
2.048357e-01, 9.006003e+01
1.922983e-01, 9.006669e+01
1.797383e-01, 9.007425e+01
1.671511e-01, 9.008294e+01
1.545328e-01, 9.009303e+01
1.418785e-01, 9.010489e+01
1.291846e-01, 9.011907e+01
1.164447e-01, 9.013636e+01
1.036567e-01, 9.015791e+01
9.081540e-02, 9.018555e+01
7.791792e-02, 9.022237e+01
6.496338e-02, 9.027394e+01
5.194878e-02, 9.035150e+01
3.887167e-02, 9.048150e+01
2.572845e-02, 9.074489e+01
1.251027e-02, 9.156721e+01
8.630582e-04, 2.460993e+02
1.309569e-03, 2.543199e+02
2.805658e-01, 9.005926e+01
8.401059e-01, 9.001065e+01
1.032364e+00, 9.000579e+01
1.009384e+00, 9.000580e+01
9.733174e-01, 9.000606e+01
9.383555e-01, 9.000631e+01
9.044061e-01, 9.000656e+01
8.715303e-01, 9.000679e+01
8.397275e-01, 9.000701e+01
8.089515e-01, 9.000722e+01
7.792138e-01, 9.000740e+01
7.504801e-01, 9.000756e+01
7.227584e-01, 9.000769e+01
6.961213e-01, 9.000779e+01
6.704312e-01, 9.000786e+01
6.456823e-01, 9.000789e+01
6.218976e-01, 9.000787e+01
5.990433e-01, 9.000781e+01
5.770347e-01, 9.000770e+01
5.558469e-01, 9.000753e+01
5.354516e-01, 9.000730e+01
5.159239e-01, 9.000699e+01
4.971876e-01, 9.000662e+01
4.791742e-01, 9.000616e+01
4.618008e-01, 9.000562e+01
4.450552e-01, 9.000499e+01
4.289222e-01, 9.000426e+01
4.133401e-01, 9.000342e+01
3.982699e-01, 9.000247e+01
3.837337e-01, 9.000140e+01
3.696309e-01, 9.000019e+01
3.559253e-01, 8.999885e+01
3.425622e-01, 8.999736e+01
3.294860e-01, 8.999571e+01
3.166601e-01, 8.999387e+01
3.040610e-01, 8.999184e+01
2.916351e-01, 8.998960e+01
2.793529e-01, 8.998712e+01
2.671499e-01, 8.998438e+01
2.549769e-01, 8.998134e+01
2.427937e-01, 8.997795e+01
2.305588e-01, 8.997415e+01
2.182318e-01, 8.996988e+01
2.057746e-01, 8.996505e+01
1.931467e-01, 8.995953e+01
1.802804e-01, 8.995315e+01
1.671593e-01, 8.994568e+01
1.537417e-01, 8.993679e+01
1.399886e-01, 8.992602e+01
1.258639e-01, 8.991264e+01
1.113352e-01, 8.989551e+01
9.638140e-02, 8.987269e+01
8.097628e-02, 8.984065e+01
6.501846e-02, 8.979187e+01
5.103194e-02, 8.972583e+01
1.340131e-01, 8.993930e+01
5.236888e-01, 9.003347e+01
8.713664e-01, 9.004618e+01
9.149362e-01, 9.004705e+01
8.803100e-01, 9.004622e+01
8.450326e-01, 9.004523e+01
8.117765e-01, 9.004412e+01
7.803346e-01, 9.004289e+01
7.506629e-01, 9.004153e+01
7.226439e-01, 9.004003e+01
6.962025e-01, 9.003839e+01
6.713548e-01, 9.003660e+01
6.479983e-01, 9.003465e+01
6.260704e-01, 9.003254e+01
6.055552e-01, 9.003026e+01
5.862057e-01, 9.002782e+01
5.679885e-01, 9.002520e+01
5.509179e-01, 9.002240e+01
5.349107e-01, 9.001940e+01
5.198341e-01, 9.001622e+01
5.055972e-01, 9.001283e+01
4.921301e-01, 9.000925e+01
4.794909e-01, 9.000544e+01
4.675206e-01, 9.000141e+01
4.561202e-01, 8.999716e+01
4.452195e-01, 8.999265e+01
4.347859e-01, 8.998788e+01
4.247566e-01, 8.998282e+01
4.150399e-01, 8.997746e+01
4.055794e-01, 8.997179e+01
3.963410e-01, 8.996575e+01
3.872438e-01, 8.995931e+01
3.782370e-01, 8.995243e+01
3.692524e-01, 8.994506e+01
3.602422e-01, 8.993716e+01
3.511564e-01, 8.992865e+01
3.419389e-01, 8.991944e+01
3.325499e-01, 8.990944e+01
3.229244e-01, 8.989850e+01
3.130408e-01, 8.988653e+01
3.028498e-01, 8.987335e+01
2.922967e-01, 8.985872e+01
2.813559e-01, 8.984239e+01
2.700022e-01, 8.982409e+01
2.582057e-01, 8.980341e+01
2.459301e-01, 8.977985e+01
2.331043e-01, 8.975264e+01
2.197567e-01, 8.972103e+01
2.058340e-01, 8.968378e+01
1.913277e-01, 8.963928e+01
1.762221e-01, 8.958523e+01
1.605153e-01, 8.951833e+01
1.442146e-01, 8.943358e+01
1.273177e-01, 8.932290e+01
1.102574e-01, 8.917637e+01
1.200108e-01, 8.924603e+01
3.313498e-01, 8.984165e+01
7.734587e-01, 9.003869e+01
9.917431e-01, 9.007353e+01
9.782568e-01, 9.007526e+01
9.336905e-01, 9.007324e+01
8.910723e-01, 9.007099e+01
8.509321e-01, 9.006858e+01
8.128552e-01, 9.006599e+01
7.767129e-01, 9.006325e+01
7.423605e-01, 9.006036e+01
7.097115e-01, 9.005734e+01
6.786889e-01, 9.005419e+01
6.491482e-01, 9.005091e+01
6.210104e-01, 9.004752e+01
5.942386e-01, 9.004406e+01
5.685654e-01, 9.004049e+01
5.438978e-01, 9.003683e+01
5.202073e-01, 9.003311e+01
4.974000e-01, 9.002931e+01
4.753127e-01, 9.002543e+01
4.538474e-01, 9.002146e+01
4.329440e-01, 9.001739e+01
4.126047e-01, 9.001324e+01
3.926627e-01, 9.000897e+01
3.730213e-01, 9.000452e+01
3.536131e-01, 8.999987e+01
3.343842e-01, 8.999494e+01
3.152613e-01, 8.998968e+01
2.961701e-01, 8.998395e+01
2.770578e-01, 8.997763e+01
2.578688e-01, 8.997056e+01
2.385341e-01, 8.996243e+01
2.190008e-01, 8.995290e+01
1.992442e-01, 8.994146e+01
1.792359e-01, 8.992735e+01
1.589153e-01, 8.990936e+01
1.382020e-01, 8.988543e+01
1.171040e-01, 8.985208e+01
9.558625e-02, 8.980243e+01
7.365692e-02, 8.972126e+01
5.127926e-02, 8.956554e+01
2.842030e-02, 8.915023e+01
5.096222e-03, 8.485906e+01
1.875672e-02, 2.715109e+02
1.080048e-01, 8.973344e+01
1.116032e+00, 8.998402e+01
1.944714e+00, 8.999642e+01
1.934359e+00, 8.999723e+01
1.826299e+00, 8.999734e+01
1.723635e+00, 8.999753e+01
1.626198e+00, 8.999780e+01
1.533487e+00, 8.999815e+01
1.444889e+00, 8.999859e+01
1.360134e+00, 8.999913e+01
1.279638e+00, 8.999978e+01
1.202872e+00, 9.000055e+01
1.129079e+00, 9.000144e+01
1.057994e+00, 9.000246e+01
9.894027e-01, 9.000364e+01
9.230758e-01, 9.000499e+01
8.587636e-01, 9.000654e+01
7.962003e-01, 9.000831e+01
7.351435e-01, 9.001036e+01
6.751251e-01, 9.001273e+01
6.159213e-01, 9.001551e+01
5.573080e-01, 9.001881e+01
4.990452e-01, 9.002281e+01
4.408371e-01, 9.002778e+01
3.824108e-01, 9.003419e+01
3.235339e-01, 9.004282e+01
2.639232e-01, 9.005522e+01
2.033974e-01, 9.007493e+01
1.416957e-01, 9.011184e+01
7.845859e-02, 9.020881e+01
1.351126e-02, 9.124630e+01
5.325242e-02, 2.696767e+02
1.220236e-01, 2.698565e+02
1.929853e-01, 2.699082e+02
2.667699e-01, 2.699333e+02
3.434400e-01, 2.699482e+02
4.231560e-01, 2.699583e+02
5.059298e-01, 2.699656e+02
5.920012e-01, 2.699713e+02
6.815887e-01, 2.699759e+02
7.747183e-01, 2.699797e+02
8.718038e-01, 2.699829e+02
9.735472e-01, 2.699857e+02
1.074226e+00, 2.699882e+02
8.234971e-01, 2.699878e+02
1.528758e+00, 9.000073e+01
5.083283e+00, 8.999811e+01
6.010149e+00, 8.999836e+01
5.559858e+00, 8.999896e+01
5.052724e+00, 8.999955e+01
4.584483e+00, 9.000008e+01
4.149927e+00, 9.000056e+01
3.747789e+00, 9.000097e+01
3.378575e+00, 9.000130e+01
3.040603e+00, 9.000154e+01
2.729813e+00, 9.000168e+01
2.444230e+00, 9.000173e+01
2.184236e+00, 9.000165e+01
1.950225e+00, 9.000144e+01
1.736626e+00, 9.000110e+01
1.542553e+00, 9.000063e+01
1.365852e+00, 9.000004e+01
1.205066e+00, 8.999936e+01
1.057603e+00, 8.999860e+01
9.211120e-01, 8.999782e+01
7.941530e-01, 8.999708e+01
6.768961e-01, 8.999667e+01
5.653633e-01, 8.999681e+01
4.568092e-01, 8.999786e+01
3.496796e-01, 9.000079e+01
2.422135e-01, 9.000829e+01
1.322902e-01, 9.003252e+01
1.729680e-02, 9.041987e+01
1.048705e-01, 2.698961e+02
2.369556e-01, 2.699355e+02
3.803076e-01, 2.699464e+02
5.375386e-01, 2.699511e+02
7.107821e-01, 2.699535e+02
9.031080e-01, 2.699549e+02
1.117227e+00, 2.699558e+02
1.355239e+00, 2.699565e+02
1.620171e+00, 2.699571e+02
1.917046e+00, 2.699576e+02
2.244870e+00, 2.699581e+02
2.607416e+00, 2.699586e+02
3.011032e+00, 2.699591e+02
3.458189e+00, 2.699597e+02
3.949931e+00, 2.699603e+02
4.488087e+00, 2.699610e+02
2.238827e+00, 2.699272e+02
1.816141e+01, 8.999559e+01
2.609478e+01, 8.999083e+01
1.768420e+01, 8.998791e+01
1.010082e+01, 8.998328e+01
5.099451e+00, 8.997436e+01
1.888377e+00, 8.994762e+01
1.705401e-01, 2.704234e+02
1.394601e+00, 2.700359e+02
2.023061e+00, 2.700158e+02
2.304947e+00, 2.700074e+02
2.351808e+00, 2.700019e+02
2.233535e+00, 2.699974e+02
1.998529e+00, 2.699931e+02
1.691863e+00, 2.699882e+02
1.346601e+00, 2.699819e+02
9.873155e-01, 2.699723e+02
6.303171e-01, 2.699540e+02
2.869523e-01, 2.698970e+02
3.421110e-02, 9.085300e+01
3.255654e-01, 9.008596e+01
5.847413e-01, 9.004473e+01
8.123972e-01, 9.002936e+01
1.009357e+00, 9.002101e+01
1.175168e+00, 9.001559e+01
1.308195e+00, 9.001166e+01
1.414900e+00, 9.000857e+01
1.496823e+00, 9.000603e+01
1.556806e+00, 9.000384e+01
1.597940e+00, 9.000190e+01
1.623931e+00, 9.000015e+01
1.637386e+00, 8.999855e+01
1.639745e+00, 8.999706e+01
1.631362e+00, 8.999570e+01
1.616045e+00, 8.999445e+01
1.595809e+00, 8.999330e+01
1.571913e+00, 8.999224e+01
1.545096e+00, 8.999129e+01
1.516158e+00, 8.999046e+01
1.486007e+00, 8.998976e+01
1.455218e+00, 8.998918e+01
1.424096e+00, 8.998877e+01
1.393009e+00, 8.998851e+01
1.362225e+00, 8.998841e+01
1.331783e+00, 8.998848e+01
1.301757e+00, 8.998873e+01
1.272261e+00, 8.998914e+01
1.243257e+00, 8.998972e+01
1.214771e+00, 8.999047e+01
1.186864e+00, 8.999138e+01
1.159483e+00, 8.999244e+01
1.132664e+00, 8.999362e+01
1.106492e+00, 8.999491e+01
1.081007e+00, 8.999629e+01
1.056216e+00, 8.999773e+01
1.032163e+00, 8.999920e+01
1.009012e+00, 9.000067e+01
9.871515e-01, 9.000208e+01
9.665127e-01, 9.000340e+01
9.471092e-01, 9.000461e+01
9.290888e-01, 9.000568e+01
9.126725e-01, 9.000657e+01
8.980098e-01, 9.000724e+01
8.851927e-01, 9.000766e+01
8.745112e-01, 9.000780e+01
8.662685e-01, 9.000763e+01
8.603001e-01, 9.000719e+01
8.566850e-01, 9.000647e+01
8.555051e-01, 9.000550e+01
8.569227e-01, 9.000430e+01
8.610666e-01, 9.000289e+01
8.679647e-01, 9.000131e+01
8.775040e-01, 8.999961e+01
8.899716e-01, 8.999785e+01
9.049324e-01, 8.999607e+01
9.223056e-01, 8.999432e+01
9.420820e-01, 8.999263e+01
9.641122e-01, 8.999106e+01
9.880207e-01, 8.998962e+01
1.013540e+00, 8.998832e+01
1.040416e+00, 8.998719e+01
1.068337e+00, 8.998624e+01
1.096739e+00, 8.998547e+01
1.125181e+00, 8.998487e+01
1.153154e+00, 8.998443e+01
1.180094e+00, 8.998416e+01
1.205469e+00, 8.998402e+01
1.228785e+00, 8.998400e+01
1.249507e+00, 8.998410e+01
1.266099e+00, 8.998433e+01
1.278683e+00, 8.998464e+01
1.287130e+00, 8.998501e+01
1.290659e+00, 8.998545e+01
1.288436e+00, 8.998595e+01
1.280241e+00, 8.998648e+01
1.265881e+00, 8.998705e+01
1.245354e+00, 8.998765e+01
1.218008e+00, 8.998828e+01
1.184435e+00, 8.998892e+01
1.144747e+00, 8.998958e+01
1.099524e+00, 8.999025e+01
1.049091e+00, 8.999095e+01
9.941785e-01, 8.999167e+01
9.357511e-01, 8.999242e+01
8.747752e-01, 8.999321e+01
8.123015e-01, 8.999404e+01
7.496776e-01, 8.999494e+01
6.882061e-01, 8.999591e+01
6.296814e-01, 8.999696e+01
5.754203e-01, 8.999811e+01
5.263584e-01, 8.999937e+01
4.838082e-01, 9.000072e+01
4.494438e-01, 9.000211e+01
4.260857e-01, 9.000344e+01
4.138570e-01, 9.000460e+01
4.128987e-01, 9.000550e+01
4.238070e-01, 9.000607e+01
4.478738e-01, 9.000624e+01
4.849728e-01, 9.000607e+01
5.337998e-01, 9.000567e+01
5.945048e-01, 9.000510e+01
6.674695e-01, 9.000442e+01
7.503475e-01, 9.000370e+01
8.414695e-01, 9.000300e+01
9.390158e-01, 9.000234e+01
1.041156e+00, 9.000173e+01
1.145948e+00, 9.000118e+01
1.250941e+00, 9.000068e+01
1.353548e+00, 9.000025e+01
1.450138e+00, 8.999987e+01
1.538302e+00, 8.999955e+01
1.615382e+00, 8.999928e+01
1.678301e+00, 8.999906e+01
1.724286e+00, 8.999890e+01
1.752532e+00, 8.999880e+01
1.761785e+00, 8.999876e+01
1.749062e+00, 8.999879e+01
1.709800e+00, 8.999894e+01
1.646845e+00, 8.999920e+01
1.559308e+00, 8.999961e+01
1.447105e+00, 9.000023e+01
1.309609e+00, 9.000114e+01
1.148294e+00, 9.000249e+01
9.646623e-01, 9.000454e+01
7.594944e-01, 9.000794e+01
5.296163e-01, 9.001468e+01
2.815019e-01, 9.003382e+01
1.721787e-02, 9.065075e+01
2.625891e-01, 2.699514e+02
5.574086e-01, 2.699746e+02
8.665394e-01, 2.699823e+02
1.189997e+00, 2.699863e+02
1.527688e+00, 2.699889e+02
1.881431e+00, 2.699909e+02
2.250619e+00, 2.699924e+02
2.636209e+00, 2.699937e+02
3.039644e+00, 2.699948e+02
3.464788e+00, 2.699959e+02
3.915488e+00, 2.699968e+02
4.396780e+00, 2.699977e+02
4.913280e+00, 2.699985e+02
5.473189e+00, 2.699992e+02
6.076750e+00, 2.699998e+02
6.731194e+00, 2.700004e+02
7.445727e+00, 2.700010e+02
8.222408e+00, 2.700015e+02
9.066516e+00, 2.700019e+02
9.981602e+00, 2.700022e+02
1.097433e+01, 2.700025e+02
1.205860e+01, 2.700028e+02
1.322411e+01, 2.700029e+02
1.446236e+01, 2.700030e+02
1.577171e+01, 2.700031e+02
1.714674e+01, 2.700030e+02
1.856898e+01, 2.700030e+02
2.001681e+01, 2.700029e+02
2.146691e+01, 2.700027e+02
2.288028e+01, 2.700025e+02
2.421446e+01, 2.700022e+02
2.543084e+01, 2.700019e+02
2.648790e+01, 2.700016e+02
2.733262e+01, 2.700013e+02
2.789172e+01, 2.700009e+02
2.812470e+01, 2.700006e+02
2.800920e+01, 2.700003e+02
2.747205e+01, 2.700000e+02
2.655080e+01, 2.699998e+02
2.523866e+01, 2.699996e+02
2.353043e+01, 2.699996e+02
2.147259e+01, 2.699997e+02
1.915916e+01, 2.699999e+02
1.665554e+01, 2.700003e+02
1.403977e+01, 2.700010e+02
1.140906e+01, 2.700022e+02
8.855347e+00, 2.700041e+02
6.460000e+00, 2.700076e+02
4.289582e+00, 2.700142e+02
2.390193e+00, 2.700304e+02
7.599967e-01, 2.701089e+02
6.232026e-01, 8.985497e+01
1.782133e+00, 8.994698e+01
2.696781e+00, 8.996585e+01
3.461730e+00, 8.997584e+01
4.105679e+00, 8.998314e+01
4.641645e+00, 8.998928e+01
5.062914e+00, 8.999471e+01
5.340503e+00, 8.999960e+01
5.403798e+00, 9.000417e+01
5.152103e+00, 9.000894e+01
4.391994e+00, 9.001531e+01
3.046565e+00, 9.002788e+01
1.155663e+00, 9.008405e+01
9.903347e-01, 2.698979e+02
2.844536e+00, 2.699672e+02
3.828785e+00, 2.699808e+02
3.698236e+00, 2.699873e+02
2.800492e+00, 2.699927e+02
1.865565e+00, 2.699988e+02
1.465272e+00, 2.700031e+02
1.702355e+00, 2.700006e+02
2.353792e+00, 2.699961e+02
3.015290e+00, 2.699934e+02
3.426347e+00, 2.699923e+02
3.470309e+00, 2.699930e+02
3.146716e+00, 2.699962e+02
2.554310e+00, 2.700040e+02
1.901185e+00, 2.700189e+02
1.323180e+00, 2.700437e+02
9.055698e-01, 2.700768e+02
6.886767e-01, 2.700946e+02
6.556306e-01, 2.700655e+02
7.644335e-01, 2.700058e+02
9.735941e-01, 2.699516e+02
1.217220e+00, 2.699165e+02
1.434759e+00, 2.698979e+02
1.602366e+00, 2.698911e+02
1.712178e+00, 2.698948e+02
1.771842e+00, 2.699084e+02
1.807964e+00, 2.699317e+02
1.866035e+00, 2.699604e+02
1.991622e+00, 2.699867e+02
2.224752e+00, 2.700032e+02
2.559247e+00, 2.700085e+02
2.969357e+00, 2.700054e+02
3.390143e+00, 2.699986e+02
3.741143e+00, 2.699916e+02
3.962517e+00, 2.699866e+02
4.022420e+00, 2.699850e+02
3.916201e+00, 2.699875e+02
3.659386e+00, 2.699943e+02
3.301866e+00, 2.700030e+02
2.853648e+00, 2.700103e+02
2.274587e+00, 2.700117e+02
1.514493e+00, 2.700024e+02
7.017368e-01, 2.699663e+02
2.267715e-01, 2.698391e+02
6.159107e-01, 2.699615e+02
2.456365e+00, 2.700061e+02
4.500718e+00, 2.700124e+02
6.716101e+00, 2.700133e+02
9.666028e+00, 2.700116e+02
1.289307e+01, 2.700096e+02
1.602674e+01, 2.700080e+02
1.855483e+01, 2.700068e+02
1.971772e+01, 2.700060e+02
1.844785e+01, 2.700055e+02
1.429711e+01, 2.700055e+02
6.900171e+00, 2.700074e+02
4.045287e+00, 8.999357e+01
1.861886e+01, 8.999959e+01
3.580909e+01, 9.000005e+01
5.373911e+01, 9.000006e+01
7.004226e+01, 8.999997e+01
8.169023e+01, 8.999989e+01
8.749494e+01, 8.999985e+01
8.677332e+01, 8.999988e+01
7.994049e+01, 9.000002e+01
6.960505e+01, 9.000032e+01
5.787068e+01, 9.000081e+01
4.616621e+01, 9.000159e+01
3.550843e+01, 9.000279e+01
2.659490e+01, 9.000457e+01
1.941808e+01, 9.000719e+01
1.374356e+01, 9.001111e+01
9.371701e+00, 9.001712e+01
6.082838e+00, 9.002682e+01
3.613228e+00, 9.004469e+01
1.765555e+00, 9.008840e+01
4.518792e-01, 9.032587e+01
4.655243e-01, 2.697081e+02
1.141315e+00, 2.698920e+02
1.656862e+00, 2.699336e+02
2.062503e+00, 2.699529e+02
2.393729e+00, 2.699646e+02
2.677634e+00, 2.699724e+02
2.939769e+00, 2.699780e+02
3.194740e+00, 2.699821e+02
3.449573e+00, 2.699850e+02
3.705833e+00, 2.699872e+02
3.956471e+00, 2.699887e+02
4.177879e+00, 2.699899e+02
4.328523e+00, 2.699909e+02
4.352269e+00, 2.699919e+02
4.151142e+00, 2.699932e+02
3.597684e+00, 2.699951e+02
2.448365e+00, 2.699997e+02
4.364398e-01, 2.700538e+02
3.106051e+00, 8.998164e+01
9.651250e+00, 8.998966e+01
2.249464e+01, 8.999339e+01
4.822843e+01, 8.999595e+01
1.000000e+02, 8.999775e+01
##END
