##TITLE= Pf1-t225-h1386-205R4
##JCAMP-DX= 5.00 Bruker JCAMP library
##DATA TYPE= Shape Data
##ORIGIN= Bruker BioSpin GmbH
##OWNER= <Alexej Jerschow>
##DATE= 2009/02/26
##TIME= 15:18:04
##$SHAPE_PARAMETERS= 
##MINX= 7.320521e-04
##MAXX= 1.000000e+02
##MINY= 8.746120e+01
##MAXY= 2.839620e+02
##$SHAPE_EXMODE= 
##$SHAPE_TOTROT= 
##$SHAPE_TYPE= 
##$SHAPE_USER_DEF= 
##$SHAPE_REPHFAC= 
##$SHAPE_BWFAC= 
##$SHAPE_BWFAC50= 
##$SHAPE_INTEGFAC= 
##$SHAPE_MODE= 
##NPOINTS= 1000
##XYPOINTS= (XY..XY)
8.744191e-01, 8.998633e+01
8.632180e-01, 8.998601e+01
8.520080e-01, 8.998568e+01
8.407918e-01, 8.998535e+01
8.295717e-01, 8.998501e+01
8.183504e-01, 8.998467e+01
8.071302e-01, 8.998432e+01
7.959135e-01, 8.998396e+01
7.847026e-01, 8.998360e+01
7.734998e-01, 8.998323e+01
7.623056e-01, 8.998286e+01
7.511243e-01, 8.998248e+01
7.399578e-01, 8.998209e+01
7.288084e-01, 8.998169e+01
7.176780e-01, 8.998128e+01
7.065687e-01, 8.998087e+01
6.954822e-01, 8.998045e+01
6.844206e-01, 8.998002e+01
6.733856e-01, 8.997958e+01
6.623788e-01, 8.997914e+01
6.514024e-01, 8.997868e+01
6.404580e-01, 8.997822e+01
6.295473e-01, 8.997774e+01
6.186718e-01, 8.997725e+01
6.078331e-01, 8.997676e+01
5.970326e-01, 8.997625e+01
5.862717e-01, 8.997573e+01
5.755518e-01, 8.997520e+01
5.648753e-01, 8.997465e+01
5.542426e-01, 8.997409e+01
5.436549e-01, 8.997352e+01
5.331134e-01, 8.997294e+01
5.226192e-01, 8.997234e+01
5.121733e-01, 8.997172e+01
5.017769e-01, 8.997109e+01
4.914307e-01, 8.997044e+01
4.811359e-01, 8.996977e+01
4.708953e-01, 8.996909e+01
4.607080e-01, 8.996838e+01
4.505746e-01, 8.996766e+01
4.404960e-01, 8.996691e+01
4.304728e-01, 8.996614e+01
4.205057e-01, 8.996535e+01
4.105953e-01, 8.996453e+01
4.007421e-01, 8.996368e+01
3.909468e-01, 8.996280e+01
3.812127e-01, 8.996190e+01
3.715376e-01, 8.996096e+01
3.619219e-01, 8.995999e+01
3.523658e-01, 8.995898e+01
3.428698e-01, 8.995793e+01
3.334342e-01, 8.995684e+01
3.240591e-01, 8.995571e+01
3.147449e-01, 8.995453e+01
3.054918e-01, 8.995329e+01
2.963034e-01, 8.995200e+01
2.871768e-01, 8.995066e+01
2.781117e-01, 8.994924e+01
2.691084e-01, 8.994776e+01
2.601667e-01, 8.994619e+01
2.512869e-01, 8.994455e+01
2.424687e-01, 8.994281e+01
2.337124e-01, 8.994097e+01
2.250177e-01, 8.993902e+01
2.163887e-01, 8.993695e+01
2.078216e-01, 8.993474e+01
1.993160e-01, 8.993237e+01
1.908718e-01, 8.992984e+01
1.824888e-01, 8.992712e+01
1.741670e-01, 8.992418e+01
1.659060e-01, 8.992099e+01
1.577058e-01, 8.991753e+01
1.495660e-01, 8.991374e+01
1.414910e-01, 8.990957e+01
1.334765e-01, 8.990498e+01
1.255219e-01, 8.989987e+01
1.176269e-01, 8.989415e+01
1.097914e-01, 8.988770e+01
1.020151e-01, 8.988035e+01
9.429776e-02, 8.987192e+01
8.663905e-02, 8.986211e+01
7.903876e-02, 8.985055e+01
7.150131e-02, 8.983672e+01
6.402225e-02, 8.981984e+01
5.660091e-02, 8.979877e+01
4.923704e-02, 8.977166e+01
4.193042e-02, 8.973547e+01
3.468081e-02, 8.968461e+01
2.748801e-02, 8.960779e+01
2.035183e-02, 8.947815e+01
1.327220e-02, 8.921209e+01
6.254579e-03, 8.835456e+01
7.320521e-04, 2.839620e+02
7.618959e-03, 2.713057e+02
1.446883e-02, 2.706753e+02
2.126374e-02, 2.704510e+02
2.800335e-02, 2.703360e+02
3.468765e-02, 2.702659e+02
4.131670e-02, 2.702186e+02
4.789051e-02, 2.701846e+02
7.005235e-01, 9.005745e+01
6.835949e-01, 9.005784e+01
6.670263e-01, 9.005824e+01
6.508158e-01, 9.005863e+01
6.349616e-01, 9.005902e+01
6.194614e-01, 9.005941e+01
6.043129e-01, 9.005979e+01
5.895135e-01, 9.006016e+01
5.750614e-01, 9.006052e+01
5.609794e-01, 9.006087e+01
5.472408e-01, 9.006120e+01
5.338393e-01, 9.006152e+01
5.207715e-01, 9.006182e+01
5.080337e-01, 9.006211e+01
4.956223e-01, 9.006238e+01
4.835346e-01, 9.006262e+01
4.717662e-01, 9.006283e+01
4.603123e-01, 9.006302e+01
4.491924e-01, 9.006318e+01
4.383808e-01, 9.006330e+01
4.278699e-01, 9.006338e+01
4.176550e-01, 9.006342e+01
4.077328e-01, 9.006343e+01
3.980985e-01, 9.006338e+01
3.887458e-01, 9.006329e+01
3.796696e-01, 9.006314e+01
3.708648e-01, 9.006293e+01
3.623466e-01, 9.006266e+01
3.540913e-01, 9.006233e+01
3.460918e-01, 9.006192e+01
3.383441e-01, 9.006145e+01
3.308402e-01, 9.006089e+01
3.235744e-01, 9.006025e+01
3.165412e-01, 9.005953e+01
3.097348e-01, 9.005872e+01
3.031495e-01, 9.005781e+01
2.967965e-01, 9.005680e+01
2.906588e-01, 9.005569e+01
2.847240e-01, 9.005446e+01
2.789862e-01, 9.005313e+01
2.734395e-01, 9.005167e+01
2.680780e-01, 9.005010e+01
2.628957e-01, 9.004840e+01
2.578867e-01, 9.004656e+01
2.530495e-01, 9.004460e+01
2.483871e-01, 9.004248e+01
2.438816e-01, 9.004022e+01
2.395249e-01, 9.003782e+01
2.353111e-01, 9.003526e+01
2.312343e-01, 9.003254e+01
2.272887e-01, 9.002966e+01
2.234720e-01, 9.002662e+01
2.197766e-01, 9.002340e+01
2.161950e-01, 9.002001e+01
2.127303e-01, 9.001643e+01
2.093688e-01, 9.001267e+01
2.061032e-01, 9.000871e+01
2.029278e-01, 9.000456e+01
1.998401e-01, 9.000021e+01
1.968347e-01, 8.999566e+01
1.939034e-01, 8.999089e+01
1.910406e-01, 8.998590e+01
1.882413e-01, 8.998068e+01
1.855053e-01, 8.997523e+01
1.828225e-01, 8.996954e+01
1.801888e-01, 8.996359e+01
1.776018e-01, 8.995739e+01
1.750523e-01, 8.995092e+01
1.725355e-01, 8.994417e+01
1.700468e-01, 8.993712e+01
1.675815e-01, 8.992977e+01
1.651352e-01, 8.992210e+01
1.627060e-01, 8.991409e+01
1.602929e-01, 8.990573e+01
1.578855e-01, 8.989699e+01
1.554795e-01, 8.988786e+01
1.530711e-01, 8.987832e+01
1.506566e-01, 8.986833e+01
1.482320e-01, 8.985788e+01
1.457940e-01, 8.984692e+01
1.433452e-01, 8.983543e+01
1.408765e-01, 8.982337e+01
1.383838e-01, 8.981069e+01
1.358641e-01, 8.979735e+01
1.333146e-01, 8.978329e+01
1.307324e-01, 8.976847e+01
1.281150e-01, 8.975280e+01
1.254648e-01, 8.973625e+01
1.227768e-01, 8.971871e+01
1.200465e-01, 8.970010e+01
1.172697e-01, 8.968029e+01
1.144457e-01, 8.965918e+01
1.115733e-01, 8.963665e+01
1.086510e-01, 8.961254e+01
1.056810e-01, 8.958669e+01
1.026623e-01, 8.955892e+01
9.958977e-02, 8.952898e+01
9.646251e-02, 8.949661e+01
9.327962e-02, 8.946150e+01
1.520147e-01, 8.973397e+01
8.007908e-01, 9.009873e+01
8.642344e-01, 9.010625e+01
8.473926e-01, 9.010601e+01
8.309787e-01, 9.010573e+01
8.149814e-01, 9.010540e+01
7.993895e-01, 9.010504e+01
7.841917e-01, 9.010462e+01
7.693771e-01, 9.010416e+01
7.549646e-01, 9.010367e+01
7.409435e-01, 9.010313e+01
7.272703e-01, 9.010255e+01
7.139340e-01, 9.010192e+01
7.009239e-01, 9.010126e+01
6.882291e-01, 9.010055e+01
6.758391e-01, 9.009981e+01
6.637462e-01, 9.009903e+01
6.519600e-01, 9.009821e+01
6.404679e-01, 9.009735e+01
6.292419e-01, 9.009646e+01
6.182666e-01, 9.009553e+01
6.075321e-01, 9.009456e+01
5.970283e-01, 9.009356e+01
5.867478e-01, 9.009253e+01
5.766958e-01, 9.009146e+01
5.668523e-01, 9.009037e+01
5.572004e-01, 9.008924e+01
5.477427e-01, 9.008808e+01
5.384601e-01, 9.008689e+01
5.293400e-01, 9.008567e+01
5.203752e-01, 9.008442e+01
5.115679e-01, 9.008315e+01
5.029070e-01, 9.008184e+01
4.943732e-01, 9.008051e+01
4.859582e-01, 9.007914e+01
4.776537e-01, 9.007774e+01
4.694582e-01, 9.007632e+01
4.613592e-01, 9.007486e+01
4.533551e-01, 9.007338e+01
4.454417e-01, 9.007186e+01
4.375986e-01, 9.007031e+01
4.298185e-01, 9.006872e+01
4.220945e-01, 9.006710e+01
4.144196e-01, 9.006543e+01
4.067872e-01, 9.006372e+01
3.991994e-01, 9.006197e+01
3.916552e-01, 9.006017e+01
3.841329e-01, 9.005832e+01
3.766267e-01, 9.005641e+01
3.691308e-01, 9.005443e+01
3.616395e-01, 9.005239e+01
3.541476e-01, 9.005027e+01
3.466543e-01, 9.004807e+01
3.391629e-01, 9.004578e+01
3.316557e-01, 9.004340e+01
3.241267e-01, 9.004091e+01
3.165718e-01, 9.003829e+01
3.089867e-01, 9.003554e+01
3.013675e-01, 9.003265e+01
2.937138e-01, 9.002959e+01
2.860289e-01, 9.002635e+01
2.783024e-01, 9.002291e+01
2.705274e-01, 9.001924e+01
2.626974e-01, 9.001532e+01
2.548115e-01, 9.001112e+01
2.468683e-01, 9.000659e+01
2.388678e-01, 9.000171e+01
2.308142e-01, 8.999642e+01
2.227019e-01, 8.999067e+01
2.145238e-01, 8.998439e+01
2.062785e-01, 8.997751e+01
1.979646e-01, 8.996994e+01
1.895766e-01, 8.996156e+01
1.811175e-01, 8.995225e+01
1.725950e-01, 8.994187e+01
1.640070e-01, 8.993020e+01
1.553469e-01, 8.991702e+01
1.466146e-01, 8.990202e+01
1.378104e-01, 8.988484e+01
1.289347e-01, 8.986498e+01
1.199880e-01, 8.984180e+01
1.820935e+00, 9.000041e+01
1.770777e+00, 9.000021e+01
1.721725e+00, 9.000002e+01
1.673752e+00, 8.999984e+01
1.626827e+00, 8.999966e+01
1.580922e+00, 8.999948e+01
1.536005e+00, 8.999931e+01
1.492079e+00, 8.999915e+01
1.449163e+00, 8.999899e+01
1.407211e+00, 8.999883e+01
1.366148e+00, 8.999868e+01
1.325921e+00, 8.999854e+01
1.286503e+00, 8.999840e+01
1.247864e+00, 8.999826e+01
1.209998e+00, 8.999813e+01
1.172914e+00, 8.999800e+01
1.136545e+00, 8.999788e+01
1.100840e+00, 8.999776e+01
1.065810e+00, 8.999764e+01
1.031402e+00, 8.999752e+01
9.975721e-01, 8.999740e+01
9.643036e-01, 8.999729e+01
9.316016e-01, 8.999717e+01
8.994219e-01, 8.999706e+01
8.677099e-01, 8.999694e+01
8.364381e-01, 8.999681e+01
8.055800e-01, 8.999669e+01
7.751320e-01, 8.999655e+01
7.450565e-01, 8.999641e+01
7.153451e-01, 8.999626e+01
6.859692e-01, 8.999609e+01
6.568705e-01, 8.999591e+01
6.280241e-01, 8.999570e+01
5.994051e-01, 8.999548e+01
5.709890e-01, 8.999523e+01
5.427550e-01, 8.999494e+01
5.147073e-01, 8.999461e+01
4.868129e-01, 8.999423e+01
4.590173e-01, 8.999379e+01
4.312970e-01, 8.999327e+01
4.036302e-01, 8.999267e+01
3.759965e-01, 8.999195e+01
3.483718e-01, 8.999109e+01
3.207430e-01, 8.999005e+01
2.930888e-01, 8.998875e+01
2.653678e-01, 8.998714e+01
2.375579e-01, 8.998509e+01
2.096422e-01, 8.998243e+01
1.815966e-01, 8.997886e+01
1.533982e-01, 8.997386e+01
1.250322e-01, 8.996643e+01
9.647596e-02, 8.995434e+01
6.770597e-02, 8.993160e+01
3.870464e-02, 8.987404e+01
9.431901e-03, 8.945519e+01
2.012846e-02, 2.702693e+02
4.998647e-02, 2.701145e+02
8.015905e-02, 2.700754e+02
1.106629e-01, 2.700578e+02
1.415224e-01, 2.700479e+02
1.727564e-01, 2.700415e+02
2.043824e-01, 2.700372e+02
2.364176e-01, 2.700340e+02
2.689029e-01, 2.700317e+02
3.018357e-01, 2.700299e+02
3.352296e-01, 2.700285e+02
3.691172e-01, 2.700274e+02
4.035003e-01, 2.700266e+02
4.383940e-01, 2.700259e+02
4.738093e-01, 2.700253e+02
5.097565e-01, 2.700249e+02
5.462545e-01, 2.700246e+02
5.833542e-01, 2.700243e+02
6.210825e-01, 2.700241e+02
6.594090e-01, 2.700240e+02
6.983418e-01, 2.700239e+02
7.378904e-01, 2.700239e+02
7.780722e-01, 2.700239e+02
8.189013e-01, 2.700239e+02
4.355759e-01, 2.700505e+02
4.700878e+00, 8.999165e+01
5.242841e+00, 8.999242e+01
4.998408e+00, 8.999246e+01
4.761976e+00, 8.999248e+01
4.533460e+00, 8.999246e+01
4.312821e+00, 8.999241e+01
4.100100e+00, 8.999231e+01
3.895737e+00, 8.999218e+01
3.699072e+00, 8.999200e+01
3.509665e+00, 8.999177e+01
3.327816e+00, 8.999150e+01
3.153103e+00, 8.999117e+01
2.985153e+00, 8.999078e+01
2.824070e+00, 8.999033e+01
2.670004e+00, 8.998981e+01
2.522545e+00, 8.998922e+01
2.381079e+00, 8.998855e+01
2.245434e+00, 8.998780e+01
2.115602e+00, 8.998696e+01
1.991811e+00, 8.998603e+01
1.873542e+00, 8.998500e+01
1.760637e+00, 8.998386e+01
1.652968e+00, 8.998260e+01
1.550044e+00, 8.998121e+01
1.451727e+00, 8.997969e+01
1.357761e+00, 8.997802e+01
1.267854e+00, 8.997618e+01
1.181845e+00, 8.997416e+01
1.099942e+00, 8.997195e+01
1.021909e+00, 8.996954e+01
9.471200e-01, 8.996688e+01
8.753736e-01, 8.996395e+01
8.064144e-01, 8.996070e+01
7.400094e-01, 8.995708e+01
6.759039e-01, 8.995300e+01
6.139603e-01, 8.994836e+01
5.542324e-01, 8.994307e+01
4.963032e-01, 8.993693e+01
4.397580e-01, 8.992961e+01
3.843205e-01, 8.992062e+01
3.297917e-01, 8.990917e+01
2.760161e-01, 8.989391e+01
2.227733e-01, 8.987212e+01
1.697628e-01, 8.983763e+01
1.166913e-01, 8.977284e+01
6.333503e-02, 8.960040e+01
9.438280e-03, 8.746120e+01
4.529336e-02, 2.704956e+02
1.010584e-01, 2.702057e+02
1.581344e-01, 2.701199e+02
2.168414e-01, 2.700782e+02
2.774529e-01, 2.700532e+02
3.401638e-01, 2.700365e+02
4.052300e-01, 2.700243e+02
4.729029e-01, 2.700151e+02
5.435963e-01, 2.700077e+02
6.175751e-01, 2.700017e+02
6.951662e-01, 2.699967e+02
7.767495e-01, 2.699924e+02
8.624075e-01, 2.699888e+02
9.523969e-01, 2.699856e+02
1.046959e+00, 2.699829e+02
1.146367e+00, 2.699805e+02
1.250927e+00, 2.699784e+02
1.361453e+00, 2.699765e+02
1.478646e+00, 2.699749e+02
1.601971e+00, 2.699734e+02
1.731742e+00, 2.699721e+02
1.868287e+00, 2.699710e+02
2.011894e+00, 2.699700e+02
2.162958e+00, 2.699692e+02
2.322009e+00, 2.699684e+02
2.489895e+00, 2.699678e+02
2.666803e+00, 2.699672e+02
2.852835e+00, 2.699668e+02
3.048032e+00, 2.699664e+02
3.252883e+00, 2.699661e+02
3.467767e+00, 2.699658e+02
3.693093e+00, 2.699656e+02
1.583530e+00, 9.004687e+01
2.104686e+01, 8.999290e+01
2.556685e+01, 8.999065e+01
2.016176e+01, 8.998906e+01
1.535274e+01, 8.998714e+01
1.147510e+01, 8.998465e+01
8.376902e+00, 8.998130e+01
5.953902e+00, 8.997664e+01
4.053965e+00, 8.996963e+01
2.548578e+00, 8.995739e+01
1.358504e+00, 8.992980e+01
4.268764e-01, 8.980478e+01
2.852001e-01, 2.702539e+02
8.245703e-01, 2.700758e+02
1.220110e+00, 2.700438e+02
1.492435e+00, 2.700304e+02
1.676841e+00, 2.700226e+02
1.790178e+00, 2.700174e+02
1.845766e+00, 2.700136e+02
1.853381e+00, 2.700105e+02
1.818686e+00, 2.700080e+02
1.748362e+00, 2.700057e+02
1.650769e+00, 2.700037e+02
1.535277e+00, 2.700017e+02
1.405584e+00, 2.699997e+02
1.264959e+00, 2.699975e+02
1.116645e+00, 2.699951e+02
9.636513e-01, 2.699923e+02
8.083035e-01, 2.699888e+02
6.525642e-01, 2.699841e+02
4.985511e-01, 2.699771e+02
3.478066e-01, 2.699650e+02
2.013408e-01, 2.699370e+02
6.003376e-02, 2.697833e+02
7.542187e-02, 9.017432e+01
2.044047e-01, 9.006416e+01
3.260517e-01, 9.003963e+01
4.402427e-01, 9.002860e+01
5.468087e-01, 9.002222e+01
6.456009e-01, 9.001798e+01
7.368653e-01, 9.001491e+01
8.210121e-01, 9.001255e+01
8.979467e-01, 9.001066e+01
9.671213e-01, 9.000910e+01
1.029086e+00, 9.000777e+01
1.084849e+00, 9.000662e+01
1.134630e+00, 9.000561e+01
1.178611e+00, 9.000470e+01
1.216923e+00, 9.000389e+01
1.249774e+00, 9.000316e+01
1.277625e+00, 9.000250e+01
1.300742e+00, 9.000189e+01
1.319836e+00, 9.000134e+01
1.335326e+00, 9.000083e+01
1.347478e+00, 9.000037e+01
1.356460e+00, 8.999995e+01
1.362531e+00, 8.999956e+01
1.365862e+00, 8.999922e+01
1.366668e+00, 8.999892e+01
1.365566e+00, 8.999866e+01
1.362648e+00, 8.999844e+01
1.358057e+00, 8.999826e+01
1.352103e+00, 8.999811e+01
1.345002e+00, 8.999800e+01
1.336833e+00, 8.999793e+01
1.327562e+00, 8.999791e+01
1.317429e+00, 8.999794e+01
1.306590e+00, 8.999801e+01
1.295231e+00, 8.999813e+01
1.283391e+00, 8.999829e+01
1.271132e+00, 8.999851e+01
1.258539e+00, 8.999877e+01
1.245591e+00, 8.999909e+01
1.232381e+00, 8.999946e+01
1.218965e+00, 8.999989e+01
1.205395e+00, 9.000038e+01
1.191731e+00, 9.000092e+01
1.177984e+00, 9.000151e+01
1.164097e+00, 9.000217e+01
1.150101e+00, 9.000290e+01
1.136076e+00, 9.000368e+01
1.122050e+00, 9.000453e+01
1.108012e+00, 9.000543e+01
1.093931e+00, 9.000640e+01
1.079825e+00, 9.000742e+01
1.065746e+00, 9.000851e+01
1.051700e+00, 9.000966e+01
1.037676e+00, 9.001087e+01
1.023685e+00, 9.001213e+01
1.009748e+00, 9.001345e+01
9.958781e-01, 9.001482e+01
9.820868e-01, 9.001624e+01
9.683774e-01, 9.001771e+01
9.547869e-01, 9.001922e+01
9.413557e-01, 9.002077e+01
9.280701e-01, 9.002236e+01
9.149428e-01, 9.002398e+01
9.019981e-01, 9.002562e+01
8.892588e-01, 9.002728e+01
8.767420e-01, 9.002895e+01
8.644758e-01, 9.003063e+01
8.525344e-01, 9.003231e+01
8.409120e-01, 9.003397e+01
8.296221e-01, 9.003562e+01
8.186716e-01, 9.003724e+01
8.080897e-01, 9.003883e+01
7.979100e-01, 9.004037e+01
7.881712e-01, 9.004186e+01
7.789288e-01, 9.004329e+01
7.701801e-01, 9.004464e+01
7.619318e-01, 9.004591e+01
7.542119e-01, 9.004709e+01
7.470621e-01, 9.004818e+01
7.404878e-01, 9.004915e+01
7.345205e-01, 9.005002e+01
7.292268e-01, 9.005075e+01
7.245901e-01, 9.005135e+01
7.205771e-01, 9.005183e+01
7.172535e-01, 9.005218e+01
7.146463e-01, 9.005238e+01
7.127425e-01, 9.005244e+01
7.115457e-01, 9.005237e+01
7.110940e-01, 9.005216e+01
7.114733e-01, 9.005180e+01
7.126225e-01, 9.005131e+01
7.144942e-01, 9.005071e+01
7.170635e-01, 9.004999e+01
7.203561e-01, 9.004917e+01
7.243839e-01, 9.004824e+01
7.291826e-01, 9.004722e+01
7.348720e-01, 9.004611e+01
7.412340e-01, 9.004494e+01
7.482783e-01, 9.004371e+01
7.559792e-01, 9.004243e+01
7.642941e-01, 9.004112e+01
7.732263e-01, 9.003979e+01
7.827933e-01, 9.003844e+01
7.930086e-01, 9.003709e+01
8.037479e-01, 9.003574e+01
8.149614e-01, 9.003441e+01
8.265990e-01, 9.003310e+01
8.386470e-01, 9.003183e+01
8.510458e-01, 9.003058e+01
8.637250e-01, 9.002938e+01
8.766440e-01, 9.002823e+01
8.897353e-01, 9.002713e+01
9.029305e-01, 9.002608e+01
9.161590e-01, 9.002509e+01
9.293446e-01, 9.002417e+01
9.424194e-01, 9.002330e+01
9.553081e-01, 9.002249e+01
9.679105e-01, 9.002174e+01
9.801406e-01, 9.002107e+01
9.919301e-01, 9.002046e+01
1.003202e+00, 9.001991e+01
1.013883e+00, 9.001941e+01
1.023886e+00, 9.001897e+01
1.033119e+00, 9.001860e+01
1.041455e+00, 9.001829e+01
1.048691e+00, 9.001805e+01
1.054924e+00, 9.001786e+01
1.060111e+00, 9.001773e+01
1.064183e+00, 9.001764e+01
1.067041e+00, 9.001761e+01
1.068559e+00, 9.001763e+01
1.068624e+00, 9.001771e+01
1.067057e+00, 9.001785e+01
1.064059e+00, 9.001804e+01
1.059564e+00, 9.001828e+01
1.053546e+00, 9.001856e+01
1.045967e+00, 9.001890e+01
1.036832e+00, 9.001929e+01
1.026086e+00, 9.001973e+01
1.013572e+00, 9.002024e+01
9.994613e-01, 9.002079e+01
9.837636e-01, 9.002141e+01
9.665406e-01, 9.002209e+01
9.478506e-01, 9.002283e+01
9.277952e-01, 9.002363e+01
9.064362e-01, 9.002450e+01
8.837487e-01, 9.002545e+01
8.598539e-01, 9.002648e+01
8.349006e-01, 9.002759e+01
8.090294e-01, 9.002879e+01
7.823568e-01, 9.003008e+01
7.550503e-01, 9.003147e+01
7.272424e-01, 9.003295e+01
6.990842e-01, 9.003455e+01
6.707623e-01, 9.003626e+01
6.424615e-01, 9.003809e+01
6.143605e-01, 9.004004e+01
5.866299e-01, 9.004209e+01
5.594490e-01, 9.004426e+01
5.330924e-01, 9.004654e+01
5.077775e-01, 9.004891e+01
4.837914e-01, 9.005131e+01
4.611576e-01, 9.005375e+01
4.400191e-01, 9.005619e+01
4.206070e-01, 9.005857e+01
4.032130e-01, 9.006079e+01
3.879489e-01, 9.006279e+01
3.750342e-01, 9.006448e+01
3.649462e-01, 9.006570e+01
3.574384e-01, 9.006643e+01
3.527472e-01, 9.006655e+01
3.509644e-01, 9.006606e+01
3.520579e-01, 9.006495e+01
3.560826e-01, 9.006325e+01
3.632583e-01, 9.006097e+01
3.739107e-01, 9.005815e+01
3.878462e-01, 9.005495e+01
4.051111e-01, 9.005148e+01
4.253978e-01, 9.004789e+01
4.486793e-01, 9.004426e+01
4.748176e-01, 9.004068e+01
5.037203e-01, 9.003722e+01
5.355999e-01, 9.003390e+01
5.701629e-01, 9.003074e+01
6.070189e-01, 9.002780e+01
6.460020e-01, 9.002506e+01
6.869609e-01, 9.002253e+01
7.296090e-01, 9.002020e+01
7.737686e-01, 9.001806e+01
8.191610e-01, 9.001609e+01
8.654633e-01, 9.001429e+01
9.123256e-01, 9.001264e+01
9.594496e-01, 9.001113e+01
1.006505e+00, 9.000975e+01
1.053129e+00, 9.000848e+01
1.098944e+00, 9.000732e+01
1.143493e+00, 9.000625e+01
1.186230e+00, 9.000526e+01
1.227006e+00, 9.000435e+01
1.265417e+00, 9.000351e+01
1.301040e+00, 9.000273e+01
1.333525e+00, 9.000201e+01
1.362615e+00, 9.000133e+01
1.387848e+00, 9.000069e+01
1.408268e+00, 9.000009e+01
1.424114e+00, 8.999953e+01
1.435077e+00, 8.999899e+01
1.441262e+00, 8.999848e+01
1.442534e+00, 8.999799e+01
1.438643e+00, 8.999752e+01
1.429123e+00, 8.999707e+01
1.412960e+00, 8.999663e+01
1.390849e+00, 8.999621e+01
1.362675e+00, 8.999579e+01
1.328569e+00, 8.999538e+01
1.288446e+00, 8.999496e+01
1.242282e+00, 8.999453e+01
1.189928e+00, 8.999409e+01
1.130994e+00, 8.999363e+01
1.065777e+00, 8.999313e+01
9.947988e-01, 8.999257e+01
9.181417e-01, 8.999192e+01
8.355999e-01, 8.999115e+01
7.475416e-01, 8.999019e+01
6.542750e-01, 8.998894e+01
5.558737e-01, 8.998719e+01
4.526017e-01, 8.998455e+01
3.449699e-01, 8.998011e+01
2.330145e-01, 8.997111e+01
1.170265e-01, 8.994346e+01
2.735224e-03, 2.723858e+02
1.262200e-01, 2.700512e+02
2.533024e-01, 2.700254e+02
3.840525e-01, 2.700168e+02
5.180135e-01, 2.700126e+02
6.550837e-01, 2.700102e+02
7.951900e-01, 2.700087e+02
9.383397e-01, 2.700076e+02
1.084492e+00, 2.700069e+02
1.233776e+00, 2.700064e+02
1.386783e+00, 2.700061e+02
1.542921e+00, 2.700059e+02
1.702290e+00, 2.700057e+02
1.864977e+00, 2.700056e+02
2.031141e+00, 2.700056e+02
2.201127e+00, 2.700056e+02
2.375358e+00, 2.700057e+02
2.554526e+00, 2.700058e+02
2.738779e+00, 2.700059e+02
2.928775e+00, 2.700060e+02
3.124842e+00, 2.700061e+02
3.327695e+00, 2.700062e+02
3.537842e+00, 2.700063e+02
3.755821e+00, 2.700064e+02
3.983100e+00, 2.700066e+02
4.220149e+00, 2.700067e+02
4.467125e+00, 2.700068e+02
4.725110e+00, 2.700069e+02
4.995230e+00, 2.700070e+02
5.277454e+00, 2.700070e+02
5.572504e+00, 2.700071e+02
5.881768e+00, 2.700072e+02
6.206291e+00, 2.700072e+02
6.546331e+00, 2.700073e+02
6.902482e+00, 2.700073e+02
7.274921e+00, 2.700073e+02
7.664431e+00, 2.700073e+02
8.072377e+00, 2.700073e+02
8.499718e+00, 2.700072e+02
8.948335e+00, 2.700072e+02
9.414981e+00, 2.700071e+02
9.899618e+00, 2.700070e+02
1.040229e+01, 2.700069e+02
1.092271e+01, 2.700068e+02
1.146053e+01, 2.700067e+02
1.201515e+01, 2.700066e+02
1.258701e+01, 2.700064e+02
1.317158e+01, 2.700063e+02
1.376680e+01, 2.700061e+02
1.437022e+01, 2.700060e+02
1.497935e+01, 2.700058e+02
1.559112e+01, 2.700056e+02
1.620187e+01, 2.700054e+02
1.680666e+01, 2.700052e+02
1.740089e+01, 2.700049e+02
1.797843e+01, 2.700047e+02
1.853391e+01, 2.700045e+02
1.906204e+01, 2.700042e+02
1.955773e+01, 2.700040e+02
2.001488e+01, 2.700038e+02
2.042186e+01, 2.700035e+02
2.077197e+01, 2.700033e+02
2.106084e+01, 2.700031e+02
2.128314e+01, 2.700028e+02
2.142900e+01, 2.700026e+02
2.149629e+01, 2.700024e+02
2.148055e+01, 2.700022e+02
2.137049e+01, 2.700020e+02
2.116064e+01, 2.700019e+02
2.085777e+01, 2.700018e+02
2.046042e+01, 2.700017e+02
1.997077e+01, 2.700016e+02
1.938939e+01, 2.700016e+02
1.871009e+01, 2.700016e+02
1.793971e+01, 2.700017e+02
1.708381e+01, 2.700018e+02
1.616090e+01, 2.700020e+02
1.517871e+01, 2.700023e+02
1.414458e+01, 2.700027e+02
1.306786e+01, 2.700032e+02
1.196166e+01, 2.700038e+02
1.083777e+01, 2.700046e+02
9.708815e+00, 2.700056e+02
8.589370e+00, 2.700070e+02
7.490634e+00, 2.700087e+02
6.422913e+00, 2.700110e+02
5.394760e+00, 2.700141e+02
4.414386e+00, 2.700186e+02
3.489051e+00, 2.700251e+02
2.629623e+00, 2.700354e+02
1.836049e+00, 2.700537e+02
1.113240e+00, 2.700929e+02
4.542602e-01, 2.702374e+02
1.441310e-01, 8.922592e+01
6.862769e-01, 8.983319e+01
1.176074e+00, 8.990104e+01
1.611465e+00, 8.992748e+01
2.001628e+00, 8.994214e+01
2.356601e+00, 8.995190e+01
2.680167e+00, 8.995920e+01
2.973893e+00, 8.996510e+01
3.241352e+00, 8.997013e+01
3.482961e+00, 8.997456e+01
3.697430e+00, 8.997854e+01
3.882172e+00, 8.998215e+01
4.034460e+00, 8.998541e+01
4.148147e+00, 8.998838e+01
4.214413e+00, 8.999109e+01
4.219824e+00, 8.999358e+01
4.144576e+00, 8.999590e+01
3.968235e+00, 8.999815e+01
3.663612e+00, 9.000048e+01
3.225905e+00, 9.000317e+01
2.638759e+00, 9.000679e+01
1.896588e+00, 9.001291e+01
1.018945e+00, 9.002906e+01
4.570440e-02, 9.072007e+01
9.639675e-01, 2.699649e+02
1.894257e+00, 2.699835e+02
2.633948e+00, 2.699904e+02
3.107444e+00, 2.699947e+02
3.286548e+00, 2.699983e+02
3.177846e+00, 2.700022e+02
2.832073e+00, 2.700069e+02
2.343310e+00, 2.700135e+02
1.841137e+00, 2.700224e+02
1.438579e+00, 2.700335e+02
1.210729e+00, 2.700429e+02
1.166958e+00, 2.700453e+02
1.288392e+00, 2.700398e+02
1.537189e+00, 2.700311e+02
1.864260e+00, 2.700230e+02
2.208552e+00, 2.700169e+02
2.516279e+00, 2.700128e+02
2.753958e+00, 2.700103e+02
2.900362e+00, 2.700090e+02
2.935271e+00, 2.700090e+02
2.867563e+00, 2.700102e+02
2.714329e+00, 2.700128e+02
2.491216e+00, 2.700171e+02
2.219545e+00, 2.700238e+02
1.925705e+00, 2.700332e+02
1.630154e+00, 2.700464e+02
1.350712e+00, 2.700642e+02
1.101267e+00, 2.700875e+02
8.958607e-01, 2.701154e+02
7.406755e-01, 2.701442e+02
6.407173e-01, 2.701651e+02
5.893747e-01, 2.701699e+02
5.823954e-01, 2.701543e+02
6.133706e-01, 2.701226e+02
6.750531e-01, 2.700840e+02
7.594078e-01, 2.700462e+02
8.591088e-01, 2.700131e+02
9.666375e-01, 2.699862e+02
1.071848e+00, 2.699657e+02
1.169638e+00, 2.699506e+02
1.256292e+00, 2.699401e+02
1.329081e+00, 2.699337e+02
1.385965e+00, 2.699314e+02
1.427078e+00, 2.699328e+02
1.453547e+00, 2.699382e+02
1.470126e+00, 2.699468e+02
1.481566e+00, 2.699586e+02
1.493983e+00, 2.699725e+02
1.513556e+00, 2.699876e+02
1.546228e+00, 2.700025e+02
1.597568e+00, 2.700159e+02
1.675332e+00, 2.700262e+02
1.781274e+00, 2.700327e+02
1.914066e+00, 2.700354e+02
2.072445e+00, 2.700347e+02
2.252025e+00, 2.700313e+02
2.442218e+00, 2.700264e+02
2.633118e+00, 2.700208e+02
2.812735e+00, 2.700153e+02
2.968383e+00, 2.700102e+02
3.090553e+00, 2.700060e+02
3.174567e+00, 2.700029e+02
3.218917e+00, 2.700011e+02
3.222932e+00, 2.700006e+02
3.184313e+00, 2.700017e+02
3.107410e+00, 2.700046e+02
2.993648e+00, 2.700090e+02
2.853728e+00, 2.700147e+02
2.691940e+00, 2.700210e+02
2.511999e+00, 2.700276e+02
2.315285e+00, 2.700337e+02
2.096461e+00, 2.700386e+02
1.842633e+00, 2.700419e+02
1.523591e+00, 2.700437e+02
1.148595e+00, 2.700457e+02
7.462641e-01, 2.700512e+02
3.757854e-01, 2.700711e+02
1.296692e-01, 2.701610e+02
1.070475e-01, 2.702103e+02
3.801584e-01, 2.700831e+02
1.030830e+00, 2.700458e+02
2.037789e+00, 2.700324e+02
3.145232e+00, 2.700269e+02
3.648325e+00, 2.700280e+02
4.305502e+00, 2.700273e+02
5.650053e+00, 2.700231e+02
7.079076e+00, 2.700197e+02
8.470893e+00, 2.700172e+02
9.864246e+00, 2.700150e+02
1.125929e+01, 2.700133e+02
1.261445e+01, 2.700119e+02
1.383337e+01, 2.700107e+02
1.481642e+01, 2.700099e+02
1.545623e+01, 2.700092e+02
1.558840e+01, 2.700088e+02
1.506920e+01, 2.700085e+02
1.387347e+01, 2.700085e+02
1.195348e+01, 2.700089e+02
9.269462e+00, 2.700101e+02
5.773495e+00, 2.700140e+02
1.289515e+00, 2.700532e+02
4.112766e+00, 8.998581e+01
1.041898e+01, 8.999517e+01
1.742432e+01, 8.999743e+01
2.497806e+01, 8.999833e+01
3.285592e+01, 8.999875e+01
4.075680e+01, 8.999894e+01
4.834855e+01, 8.999904e+01
5.528398e+01, 8.999907e+01
6.086877e+01, 8.999906e+01
6.505086e+01, 8.999904e+01
6.767046e+01, 8.999902e+01
6.864052e+01, 8.999901e+01
6.802320e+01, 8.999901e+01
6.597603e+01, 8.999904e+01
6.274206e+01, 8.999908e+01
5.852199e+01, 8.999916e+01
5.369412e+01, 8.999929e+01
4.853784e+01, 8.999946e+01
4.333055e+01, 8.999969e+01
3.823390e+01, 9.000000e+01
3.336292e+01, 9.000040e+01
2.880796e+01, 9.000092e+01
2.468036e+01, 9.000157e+01
2.097560e+01, 9.000238e+01
1.765587e+01, 9.000340e+01
1.471306e+01, 9.000468e+01
1.216132e+01, 9.000629e+01
9.939591e+00, 9.000832e+01
8.021786e+00, 9.001092e+01
6.384423e+00, 9.001425e+01
5.000403e+00, 9.001860e+01
3.819719e+00, 9.002457e+01
2.812746e+00, 9.003327e+01
1.957528e+00, 9.004713e+01
1.236750e+00, 9.007277e+01
6.389530e-01, 9.013585e+01
1.353242e-01, 9.061261e+01
2.846590e-01, 2.697247e+02
6.433966e-01, 2.698860e+02
9.492293e-01, 2.699283e+02
1.210784e+00, 2.699484e+02
1.438119e+00, 2.699605e+02
1.638430e+00, 2.699688e+02
1.816915e+00, 2.699750e+02
1.974001e+00, 2.699798e+02
2.118992e+00, 2.699837e+02
2.255100e+00, 2.699868e+02
2.385130e+00, 2.699895e+02
2.510872e+00, 2.699917e+02
2.633904e+00, 2.699936e+02
2.755619e+00, 2.699951e+02
2.876747e+00, 2.699964e+02
2.998071e+00, 2.699974e+02
3.119557e+00, 2.699982e+02
3.240658e+00, 2.699988e+02
3.360273e+00, 2.699993e+02
3.476249e+00, 2.699998e+02
3.584821e+00, 2.700002e+02
3.679536e+00, 2.700005e+02
3.754364e+00, 2.700009e+02
3.802289e+00, 2.700014e+02
3.812859e+00, 2.700020e+02
3.764520e+00, 2.700028e+02
3.645425e+00, 2.700039e+02
3.440769e+00, 2.700055e+02
3.121553e+00, 2.700079e+02
2.651847e+00, 2.700122e+02
2.007853e+00, 2.700206e+02
1.145637e+00, 2.700456e+02
7.560133e-03, 2.786591e+02
1.491943e+00, 8.994613e+01
3.560480e+00, 8.997246e+01
6.427059e+00, 8.998164e+01
1.065425e+01, 8.998688e+01
1.693435e+01, 8.999041e+01
2.653702e+01, 8.999307e+01
4.135545e+01, 8.999511e+01
6.430597e+01, 8.999669e+01
1.000000e+02, 8.999788e+01
##END
