##TITLE= Pf1-t65-h902-205R4
##JCAMP-DX= 5.00 Bruker JCAMP library
##DATA TYPE= Shape Data
##ORIGIN= Bruker BioSpin GmbH
##OWNER= <Alexej Jerschow>
##DATE= 2009/02/26
##TIME= 15:53:25
##$SHAPE_PARAMETERS= 
##MINX= 2.469383e-04
##MAXX= 1.000000e+02
##MINY= 8.901526e+01
##MAXY= 2.703801e+02
##$SHAPE_EXMODE= 
##$SHAPE_TOTROT= 
##$SHAPE_TYPE= 
##$SHAPE_USER_DEF= 
##$SHAPE_REPHFAC= 
##$SHAPE_BWFAC= 
##$SHAPE_BWFAC50= 
##$SHAPE_INTEGFAC= 
##$SHAPE_MODE= 
##NPOINTS= 1000
##XYPOINTS= (XY..XY)
1.794909e-03, 9.006371e+01
1.782641e-03, 9.006387e+01
1.770761e-03, 9.006391e+01
1.759294e-03, 9.006382e+01
1.748264e-03, 9.006360e+01
1.737694e-03, 9.006325e+01
1.727608e-03, 9.006277e+01
1.718027e-03, 9.006215e+01
1.708974e-03, 9.006139e+01
1.700468e-03, 9.006050e+01
1.692531e-03, 9.005946e+01
1.685180e-03, 9.005828e+01
1.678435e-03, 9.005697e+01
1.672375e-03, 9.005550e+01
1.666960e-03, 9.005389e+01
1.662203e-03, 9.005215e+01
1.658119e-03, 9.005028e+01
1.654721e-03, 9.004827e+01
1.652021e-03, 9.004614e+01
1.650031e-03, 9.004389e+01
1.648762e-03, 9.004153e+01
1.648222e-03, 9.003905e+01
1.648419e-03, 9.003647e+01
1.649360e-03, 9.003379e+01
1.651052e-03, 9.003102e+01
1.653568e-03, 9.002817e+01
1.656850e-03, 9.002524e+01
1.660892e-03, 9.002225e+01
1.665695e-03, 9.001920e+01
1.671259e-03, 9.001610e+01
1.677581e-03, 9.001297e+01
1.684658e-03, 9.000981e+01
1.692487e-03, 9.000663e+01
1.701062e-03, 9.000344e+01
1.710375e-03, 9.000026e+01
1.720419e-03, 8.999708e+01
1.731185e-03, 8.999391e+01
1.742722e-03, 8.999078e+01
1.754968e-03, 8.998767e+01
1.767896e-03, 8.998462e+01
1.781494e-03, 8.998161e+01
1.795745e-03, 8.997866e+01
1.810633e-03, 8.997577e+01
1.826139e-03, 8.997296e+01
1.842245e-03, 8.997022e+01
1.858929e-03, 8.996756e+01
1.876172e-03, 8.996499e+01
1.893951e-03, 8.996251e+01
1.912242e-03, 8.996012e+01
1.931059e-03, 8.995784e+01
1.950344e-03, 8.995566e+01
1.970061e-03, 8.995358e+01
1.990181e-03, 8.995161e+01
2.010676e-03, 8.994975e+01
2.031518e-03, 8.994800e+01
2.052677e-03, 8.994636e+01
2.074122e-03, 8.994483e+01
2.095822e-03, 8.994341e+01
2.117745e-03, 8.994211e+01
2.139859e-03, 8.994091e+01
2.162130e-03, 8.993982e+01
2.184534e-03, 8.993886e+01
2.207024e-03, 8.993800e+01
2.229564e-03, 8.993725e+01
2.252119e-03, 8.993661e+01
2.274653e-03, 8.993608e+01
2.297131e-03, 8.993565e+01
2.319518e-03, 8.993532e+01
2.341778e-03, 8.993510e+01
2.363876e-03, 8.993497e+01
2.385776e-03, 8.993495e+01
2.407442e-03, 8.993501e+01
2.428840e-03, 8.993518e+01
2.449909e-03, 8.993544e+01
2.470624e-03, 8.993580e+01
2.490958e-03, 8.993624e+01
1.834928e-03, 8.989740e+01
3.688173e-04, 8.930926e+01
4.799798e-04, 8.946780e+01
5.918866e-04, 8.956796e+01
7.043685e-04, 8.963717e+01
8.172533e-04, 8.968799e+01
9.303669e-04, 8.972700e+01
1.043532e-03, 8.975798e+01
1.156571e-03, 8.978325e+01
1.269263e-03, 8.980433e+01
1.381423e-03, 8.982222e+01
1.492815e-03, 8.983765e+01
1.603074e-03, 8.985112e+01
1.712238e-03, 8.986303e+01
1.820120e-03, 8.987366e+01
1.926533e-03, 8.988324e+01
2.031289e-03, 8.989193e+01
2.134200e-03, 8.989989e+01
2.235081e-03, 8.990721e+01
2.333744e-03, 8.991400e+01
2.430004e-03, 8.992034e+01
2.523510e-03, 8.992627e+01
2.613775e-03, 8.993188e+01
2.701055e-03, 8.993718e+01
2.785175e-03, 8.994222e+01
2.865961e-03, 8.994703e+01
2.943242e-03, 8.995165e+01
3.016850e-03, 8.995609e+01
3.086623e-03, 8.996039e+01
3.152398e-03, 8.996455e+01
3.214021e-03, 8.996861e+01
3.271329e-03, 8.997257e+01
3.323830e-03, 8.997645e+01
3.371487e-03, 8.998027e+01
3.414246e-03, 8.998405e+01
3.452136e-03, 8.998778e+01
3.485036e-03, 8.999149e+01
3.512830e-03, 8.999518e+01
3.535411e-03, 8.999887e+01
3.552677e-03, 9.000257e+01
3.564533e-03, 9.000629e+01
3.570883e-03, 9.001004e+01
3.571397e-03, 9.001384e+01
3.566185e-03, 9.001769e+01
3.555279e-03, 9.002162e+01
3.538398e-03, 9.002563e+01
3.515513e-03, 9.002975e+01
3.486800e-03, 9.003398e+01
3.452234e-03, 9.003835e+01
3.411800e-03, 9.004287e+01
3.365492e-03, 9.004758e+01
3.313305e-03, 9.005249e+01
3.255121e-03, 9.005763e+01
3.191019e-03, 9.006304e+01
3.121143e-03, 9.006876e+01
3.045535e-03, 9.007483e+01
2.964249e-03, 9.008130e+01
2.877158e-03, 9.008824e+01
2.784323e-03, 9.009573e+01
2.686048e-03, 9.010385e+01
2.582430e-03, 9.011272e+01
2.473573e-03, 9.012247e+01
2.359565e-03, 9.013326e+01
2.240540e-03, 9.014530e+01
2.116695e-03, 9.015889e+01
1.988176e-03, 9.017437e+01
1.855141e-03, 9.019225e+01
1.717756e-03, 9.021317e+01
1.576200e-03, 9.023807e+01
1.430547e-03, 9.026831e+01
1.280974e-03, 9.030592e+01
1.127850e-03, 9.035414e+01
9.714241e-04, 9.041835e+01
8.119824e-04, 9.050834e+01
6.496969e-04, 9.064423e+01
4.848110e-04, 9.087406e+01
3.175828e-04, 9.134879e+01
4.622338e-03, 9.000028e+01
1.066707e-02, 8.994605e+01
1.214622e-02, 8.994309e+01
1.254351e-02, 8.994431e+01
1.293937e-02, 8.994553e+01
1.333322e-02, 8.994674e+01
1.372459e-02, 8.994794e+01
1.411288e-02, 8.994913e+01
1.449753e-02, 8.995031e+01
1.487782e-02, 8.995148e+01
1.525315e-02, 8.995265e+01
1.562305e-02, 8.995382e+01
1.598698e-02, 8.995498e+01
1.634435e-02, 8.995613e+01
1.669459e-02, 8.995728e+01
1.703707e-02, 8.995843e+01
1.737051e-02, 8.995957e+01
1.769358e-02, 8.996073e+01
1.800666e-02, 8.996188e+01
1.830930e-02, 8.996304e+01
1.860087e-02, 8.996419e+01
1.888077e-02, 8.996535e+01
1.914838e-02, 8.996652e+01
1.940308e-02, 8.996769e+01
1.964357e-02, 8.996888e+01
1.986894e-02, 8.997007e+01
2.007846e-02, 8.997128e+01
2.027219e-02, 8.997249e+01
2.044940e-02, 8.997373e+01
2.060893e-02, 8.997498e+01
2.075098e-02, 8.997625e+01
2.087477e-02, 8.997754e+01
2.097888e-02, 8.997886e+01
2.106286e-02, 8.998020e+01
2.112681e-02, 8.998156e+01
2.117025e-02, 8.998296e+01
2.119183e-02, 8.998439e+01
2.119142e-02, 8.998586e+01
2.116898e-02, 8.998737e+01
2.112363e-02, 8.998892e+01
2.105351e-02, 8.999052e+01
2.095793e-02, 8.999218e+01
2.083843e-02, 8.999389e+01
2.069463e-02, 8.999566e+01
2.052617e-02, 8.999751e+01
2.033262e-02, 8.999943e+01
2.011282e-02, 9.000143e+01
1.986580e-02, 9.000353e+01
1.959158e-02, 9.000573e+01
1.929087e-02, 9.000805e+01
1.896396e-02, 9.001049e+01
1.861071e-02, 9.001307e+01
1.823071e-02, 9.001581e+01
1.782274e-02, 9.001873e+01
1.738815e-02, 9.002184e+01
1.692602e-02, 9.002519e+01
1.643562e-02, 9.002880e+01
1.591793e-02, 9.003271e+01
1.537428e-02, 9.003696e+01
1.480491e-02, 9.004160e+01
1.421011e-02, 9.004671e+01
1.359020e-02, 9.005237e+01
1.294532e-02, 9.005868e+01
1.227505e-02, 9.006577e+01
1.158027e-02, 9.007383e+01
1.086099e-02, 9.008307e+01
1.011888e-02, 9.009380e+01
9.353997e-03, 9.010644e+01
8.568196e-03, 9.012156e+01
7.762229e-03, 9.014003e+01
6.936645e-03, 9.016312e+01
6.092093e-03, 9.019292e+01
5.230016e-03, 9.023292e+01
4.351745e-03, 9.028956e+01
3.458366e-03, 9.037617e+01
2.551029e-03, 9.052551e+01
1.630755e-03, 9.084563e+01
6.979069e-04, 9.202912e+01
2.469383e-04, 2.641128e+02
1.197641e-03, 2.687600e+02
2.156075e-03, 2.692964e+02
3.119917e-03, 2.695040e+02
4.087575e-03, 2.696145e+02
5.057444e-03, 2.696831e+02
3.505107e-02, 9.000491e+01
6.920502e-02, 8.998448e+01
7.295702e-02, 8.998270e+01
7.118714e-02, 8.998241e+01
6.936446e-02, 8.998218e+01
6.760658e-02, 8.998199e+01
6.591139e-02, 8.998183e+01
6.428050e-02, 8.998172e+01
6.271526e-02, 8.998165e+01
6.121809e-02, 8.998162e+01
5.979169e-02, 8.998165e+01
5.843559e-02, 8.998173e+01
5.715018e-02, 8.998187e+01
5.593838e-02, 8.998207e+01
5.479889e-02, 8.998233e+01
5.373063e-02, 8.998265e+01
5.273381e-02, 8.998302e+01
5.181548e-02, 8.998346e+01
5.097128e-02, 8.998397e+01
5.019837e-02, 8.998454e+01
4.949580e-02, 8.998517e+01
4.886277e-02, 8.998586e+01
4.829862e-02, 8.998660e+01
4.780447e-02, 8.998739e+01
4.737901e-02, 8.998823e+01
4.702157e-02, 8.998911e+01
4.672994e-02, 8.999004e+01
4.650099e-02, 8.999099e+01
4.633272e-02, 8.999198e+01
4.622693e-02, 8.999298e+01
4.617831e-02, 8.999399e+01
4.618485e-02, 8.999502e+01
4.624561e-02, 8.999605e+01
4.636150e-02, 8.999708e+01
4.652879e-02, 8.999810e+01
4.674215e-02, 8.999911e+01
4.699915e-02, 9.000010e+01
4.729763e-02, 9.000106e+01
4.763534e-02, 9.000201e+01
4.800986e-02, 9.000292e+01
4.841987e-02, 9.000380e+01
4.886523e-02, 9.000465e+01
4.933972e-02, 9.000546e+01
4.984059e-02, 9.000623e+01
5.036595e-02, 9.000696e+01
5.091203e-02, 9.000765e+01
5.147628e-02, 9.000830e+01
5.205635e-02, 9.000891e+01
5.265027e-02, 9.000947e+01
5.325510e-02, 9.001000e+01
5.386763e-02, 9.001048e+01
5.448543e-02, 9.001093e+01
5.510617e-02, 9.001134e+01
5.572743e-02, 9.001171e+01
5.634669e-02, 9.001203e+01
5.696146e-02, 9.001232e+01
5.756951e-02, 9.001257e+01
5.816844e-02, 9.001279e+01
5.875621e-02, 9.001298e+01
5.933085e-02, 9.001313e+01
5.989049e-02, 9.001325e+01
6.043334e-02, 9.001334e+01
6.095766e-02, 9.001340e+01
6.146133e-02, 9.001344e+01
6.194182e-02, 9.001344e+01
6.239736e-02, 9.001342e+01
6.282764e-02, 9.001336e+01
6.323180e-02, 9.001328e+01
6.360878e-02, 9.001318e+01
6.395759e-02, 9.001305e+01
6.427727e-02, 9.001291e+01
6.456650e-02, 9.001274e+01
6.482457e-02, 9.001255e+01
6.505119e-02, 9.001234e+01
6.524525e-02, 9.001210e+01
6.540725e-02, 9.001184e+01
7.023797e-02, 9.001216e+01
8.369091e-02, 9.001321e+01
8.625427e-02, 9.001308e+01
8.633231e-02, 9.001270e+01
8.640579e-02, 9.001229e+01
8.647513e-02, 9.001185e+01
8.654063e-02, 9.001138e+01
8.660259e-02, 9.001090e+01
8.666133e-02, 9.001040e+01
8.671707e-02, 9.000988e+01
8.676983e-02, 9.000933e+01
8.681949e-02, 9.000876e+01
8.686651e-02, 9.000817e+01
8.691107e-02, 9.000757e+01
8.695339e-02, 9.000696e+01
8.699363e-02, 9.000634e+01
8.703173e-02, 9.000570e+01
8.706766e-02, 9.000506e+01
8.710108e-02, 9.000441e+01
8.713174e-02, 9.000375e+01
8.716001e-02, 9.000309e+01
8.718601e-02, 9.000243e+01
8.720972e-02, 9.000178e+01
8.723095e-02, 9.000112e+01
8.724951e-02, 9.000048e+01
8.726499e-02, 8.999984e+01
8.727641e-02, 8.999921e+01
8.728399e-02, 8.999860e+01
8.728797e-02, 8.999799e+01
8.728833e-02, 8.999742e+01
8.728457e-02, 8.999686e+01
8.727624e-02, 8.999632e+01
8.726305e-02, 8.999580e+01
8.724430e-02, 8.999531e+01
8.721951e-02, 8.999485e+01
8.718912e-02, 8.999442e+01
8.715285e-02, 8.999402e+01
8.710981e-02, 8.999366e+01
8.705940e-02, 8.999334e+01
8.700127e-02, 8.999306e+01
8.693563e-02, 8.999283e+01
8.686160e-02, 8.999263e+01
8.677872e-02, 8.999249e+01
8.668713e-02, 8.999239e+01
8.658649e-02, 8.999234e+01
8.647659e-02, 8.999234e+01
8.635715e-02, 8.999239e+01
8.622772e-02, 8.999250e+01
8.608764e-02, 8.999266e+01
8.593544e-02, 8.999289e+01
8.577150e-02, 8.999319e+01
8.559668e-02, 8.999354e+01
8.541066e-02, 8.999395e+01
8.521310e-02, 8.999443e+01
8.500387e-02, 8.999497e+01
8.478303e-02, 8.999558e+01
8.455061e-02, 8.999625e+01
8.430589e-02, 8.999698e+01
8.404872e-02, 8.999779e+01
8.377896e-02, 8.999867e+01
8.349733e-02, 8.999963e+01
8.320375e-02, 9.000065e+01
8.289879e-02, 9.000174e+01
8.258299e-02, 9.000289e+01
8.225601e-02, 9.000411e+01
8.191791e-02, 9.000541e+01
8.156951e-02, 9.000678e+01
8.121156e-02, 9.000821e+01
8.084437e-02, 9.000970e+01
8.046821e-02, 9.001126e+01
8.008401e-02, 9.001287e+01
7.969245e-02, 9.001455e+01
7.929409e-02, 9.001629e+01
7.888966e-02, 9.001808e+01
7.848025e-02, 9.001993e+01
7.814976e-02, 9.002142e+01
7.984184e-02, 9.001350e+01
8.578839e-02, 8.998891e+01
8.916992e-02, 8.997828e+01
8.975640e-02, 8.997923e+01
9.013803e-02, 8.998115e+01
9.056424e-02, 8.998308e+01
9.103511e-02, 8.998499e+01
9.155184e-02, 8.998688e+01
9.211522e-02, 8.998875e+01
9.272636e-02, 8.999059e+01
9.338591e-02, 8.999238e+01
9.409299e-02, 8.999414e+01
9.484979e-02, 8.999585e+01
9.565544e-02, 8.999751e+01
9.650919e-02, 8.999910e+01
9.740894e-02, 9.000062e+01
9.835415e-02, 9.000207e+01
9.934424e-02, 9.000346e+01
1.003781e-01, 9.000478e+01
1.014558e-01, 9.000601e+01
1.025762e-01, 9.000716e+01
1.037373e-01, 9.000823e+01
1.049379e-01, 9.000922e+01
1.061749e-01, 9.001012e+01
1.074461e-01, 9.001093e+01
1.087484e-01, 9.001165e+01
1.100798e-01, 9.001230e+01
1.114376e-01, 9.001285e+01
1.128178e-01, 9.001332e+01
1.142172e-01, 9.001370e+01
1.156323e-01, 9.001399e+01
1.170599e-01, 9.001421e+01
1.184963e-01, 9.001434e+01
1.199384e-01, 9.001439e+01
1.213812e-01, 9.001435e+01
1.228171e-01, 9.001423e+01
1.242419e-01, 9.001403e+01
1.256534e-01, 9.001375e+01
1.270477e-01, 9.001339e+01
1.284196e-01, 9.001296e+01
1.297630e-01, 9.001246e+01
1.310711e-01, 9.001188e+01
1.323379e-01, 9.001122e+01
1.335586e-01, 9.001049e+01
1.347271e-01, 9.000967e+01
1.358386e-01, 9.000879e+01
1.368850e-01, 9.000782e+01
1.378637e-01, 9.000678e+01
1.387686e-01, 9.000567e+01
1.395924e-01, 9.000448e+01
1.403291e-01, 9.000321e+01
1.409739e-01, 9.000186e+01
1.415216e-01, 9.000043e+01
1.419655e-01, 8.999892e+01
1.422984e-01, 8.999732e+01
1.425166e-01, 8.999563e+01
1.426156e-01, 8.999385e+01
1.425855e-01, 8.999198e+01
1.424118e-01, 8.999000e+01
1.421024e-01, 8.998792e+01
1.416547e-01, 8.998573e+01
1.410626e-01, 8.998343e+01
1.403189e-01, 8.998101e+01
1.394169e-01, 8.997846e+01
1.383510e-01, 8.997578e+01
1.371169e-01, 8.997295e+01
1.357111e-01, 8.996996e+01
1.341345e-01, 8.996681e+01
1.323838e-01, 8.996347e+01
1.304523e-01, 8.995995e+01
1.283297e-01, 8.995621e+01
1.260260e-01, 8.995225e+01
1.235383e-01, 8.994802e+01
1.208576e-01, 8.994350e+01
1.179757e-01, 8.993868e+01
1.155539e-01, 8.993461e+01
1.235000e-01, 8.994729e+01
1.585616e-01, 8.998789e+01
1.919557e-01, 9.001303e+01
1.992713e-01, 9.001798e+01
1.972230e-01, 9.001758e+01
1.945692e-01, 9.001688e+01
1.919890e-01, 9.001624e+01
1.894866e-01, 9.001568e+01
1.870667e-01, 9.001520e+01
1.847318e-01, 9.001480e+01
1.824794e-01, 9.001448e+01
1.803123e-01, 9.001425e+01
1.782344e-01, 9.001411e+01
1.762480e-01, 9.001406e+01
1.743545e-01, 9.001410e+01
1.725545e-01, 9.001423e+01
1.708460e-01, 9.001444e+01
1.692281e-01, 9.001474e+01
1.677108e-01, 9.001512e+01
1.662903e-01, 9.001557e+01
1.649695e-01, 9.001609e+01
1.637475e-01, 9.001667e+01
1.626171e-01, 9.001730e+01
1.615776e-01, 9.001797e+01
1.606298e-01, 9.001867e+01
1.597741e-01, 9.001939e+01
1.590084e-01, 9.002012e+01
1.583329e-01, 9.002085e+01
1.577572e-01, 9.002155e+01
1.572743e-01, 9.002222e+01
1.568837e-01, 9.002284e+01
1.565788e-01, 9.002340e+01
1.563581e-01, 9.002388e+01
1.562199e-01, 9.002427e+01
1.561634e-01, 9.002456e+01
1.561894e-01, 9.002473e+01
1.562982e-01, 9.002475e+01
1.564849e-01, 9.002463e+01
1.567471e-01, 9.002434e+01
1.570843e-01, 9.002389e+01
1.574920e-01, 9.002325e+01
1.579686e-01, 9.002241e+01
1.585176e-01, 9.002134e+01
1.591316e-01, 9.002006e+01
1.598070e-01, 9.001855e+01
1.605400e-01, 9.001681e+01
1.613271e-01, 9.001484e+01
1.621645e-01, 9.001263e+01
1.630507e-01, 9.001016e+01
1.639822e-01, 9.000744e+01
1.649527e-01, 9.000446e+01
1.659598e-01, 9.000122e+01
1.669991e-01, 8.999772e+01
1.680627e-01, 8.999396e+01
1.691460e-01, 8.998992e+01
1.702443e-01, 8.998563e+01
1.713515e-01, 8.998109e+01
1.724612e-01, 8.997629e+01
1.735661e-01, 8.997123e+01
1.746578e-01, 8.996589e+01
1.757309e-01, 8.996029e+01
1.767795e-01, 8.995445e+01
1.777930e-01, 8.994835e+01
1.787617e-01, 8.994200e+01
1.796806e-01, 8.993539e+01
1.805444e-01, 8.992854e+01
1.813335e-01, 8.992140e+01
1.820416e-01, 8.991399e+01
1.826629e-01, 8.990631e+01
1.831781e-01, 8.989835e+01
1.835798e-01, 8.989009e+01
1.838658e-01, 8.988155e+01
1.840263e-01, 8.987271e+01
1.840511e-01, 8.986355e+01
1.839239e-01, 8.985406e+01
1.836264e-01, 8.984421e+01
1.852083e-01, 8.984849e+01
2.027942e-01, 8.995535e+01
2.338708e-01, 9.010953e+01
2.440683e-01, 9.015038e+01
2.431221e-01, 9.014501e+01
2.413281e-01, 9.013684e+01
2.393919e-01, 9.012883e+01
2.373008e-01, 9.012099e+01
2.350443e-01, 9.011333e+01
2.326051e-01, 9.010586e+01
2.299673e-01, 9.009859e+01
2.271166e-01, 9.009152e+01
2.240328e-01, 9.008463e+01
2.206804e-01, 9.007792e+01
2.170187e-01, 9.007143e+01
2.130640e-01, 9.006510e+01
2.088029e-01, 9.005888e+01
2.042272e-01, 9.005274e+01
1.993255e-01, 9.004666e+01
1.940819e-01, 9.004058e+01
1.884733e-01, 9.003447e+01
1.824758e-01, 9.002825e+01
1.760896e-01, 9.002186e+01
1.693075e-01, 9.001518e+01
1.621180e-01, 9.000811e+01
1.545230e-01, 9.000049e+01
1.464953e-01, 8.999212e+01
1.380451e-01, 8.998274e+01
1.291771e-01, 8.997200e+01
1.198812e-01, 8.995944e+01
1.101681e-01, 8.994438e+01
1.000494e-01, 8.992585e+01
8.952923e-02, 8.990233e+01
7.860612e-02, 8.987135e+01
6.728431e-02, 8.982861e+01
5.558804e-02, 8.976600e+01
4.352972e-02, 8.966580e+01
3.111437e-02, 8.948056e+01
4.025564e-02, 8.956418e+01
2.102761e-01, 8.992136e+01
5.376309e-01, 8.997695e+01
7.075157e-01, 8.998705e+01
7.108316e-01, 8.998910e+01
6.842136e-01, 8.999015e+01
6.574283e-01, 8.999117e+01
6.314388e-01, 8.999221e+01
6.061869e-01, 8.999326e+01
5.816435e-01, 8.999434e+01
5.577734e-01, 8.999544e+01
5.345318e-01, 8.999656e+01
5.119011e-01, 8.999772e+01
4.898251e-01, 8.999891e+01
4.682511e-01, 9.000015e+01
4.471122e-01, 9.000145e+01
4.263599e-01, 9.000282e+01
4.059258e-01, 9.000427e+01
3.857353e-01, 9.000583e+01
3.657229e-01, 9.000753e+01
3.458255e-01, 9.000940e+01
3.259795e-01, 9.001148e+01
3.061137e-01, 9.001381e+01
2.861540e-01, 9.001648e+01
2.660190e-01, 9.001958e+01
2.456341e-01, 9.002324e+01
2.249201e-01, 9.002766e+01
2.038041e-01, 9.003310e+01
1.822204e-01, 9.003998e+01
1.600859e-01, 9.004900e+01
1.373222e-01, 9.006135e+01
1.138694e-01, 9.007927e+01
8.966465e-02, 9.010764e+01
6.464175e-02, 9.015935e+01
3.873733e-02, 9.028329e+01
1.189279e-02, 9.098165e+01
1.603689e-02, 2.692266e+02
4.363422e-02, 2.696989e+02
3.483707e-02, 2.696160e+02
1.788857e-01, 9.006008e+01
6.568008e-01, 9.000642e+01
1.003123e+00, 8.999907e+01
1.049522e+00, 8.999788e+01
9.937955e-01, 8.999783e+01
9.324622e-01, 8.999785e+01
8.749386e-01, 8.999785e+01
8.212244e-01, 8.999780e+01
7.711323e-01, 8.999769e+01
7.245936e-01, 8.999752e+01
6.814545e-01, 8.999728e+01
6.414314e-01, 8.999696e+01
6.044279e-01, 8.999653e+01
5.702293e-01, 8.999599e+01
5.386203e-01, 8.999531e+01
5.094190e-01, 8.999449e+01
4.824001e-01, 8.999351e+01
4.573232e-01, 8.999234e+01
4.339939e-01, 8.999098e+01
4.121715e-01, 8.998938e+01
3.916172e-01, 8.998754e+01
3.721653e-01, 8.998543e+01
3.535063e-01, 8.998299e+01
3.353209e-01, 8.998020e+01
3.173916e-01, 8.997699e+01
2.995226e-01, 8.997328e+01
2.814939e-01, 8.996897e+01
2.630384e-01, 8.996388e+01
2.438875e-01, 8.995779e+01
2.237997e-01, 8.995033e+01
2.025846e-01, 8.994096e+01
1.800356e-01, 8.992877e+01
1.559251e-01, 8.991212e+01
1.299964e-01, 8.988772e+01
1.020255e-01, 8.984812e+01
7.191916e-02, 8.977196e+01
3.953673e-02, 8.956244e+01
2.019875e-02, 8.914969e+01
1.545429e-01, 8.995497e+01
5.663830e-01, 9.003729e+01
8.934257e-01, 9.004848e+01
9.319038e-01, 9.004986e+01
8.749509e-01, 9.004938e+01
8.158864e-01, 9.004858e+01
7.624552e-01, 9.004757e+01
7.144007e-01, 9.004632e+01
6.714587e-01, 9.004481e+01
6.330616e-01, 9.004302e+01
5.988587e-01, 9.004093e+01
5.682734e-01, 9.003853e+01
5.409362e-01, 9.003580e+01
5.165659e-01, 9.003271e+01
4.948431e-01, 9.002925e+01
4.754694e-01, 9.002538e+01
4.580916e-01, 9.002107e+01
4.423018e-01, 9.001630e+01
4.278031e-01, 9.001102e+01
4.143511e-01, 9.000517e+01
4.016803e-01, 8.999865e+01
3.894753e-01, 8.999135e+01
3.774517e-01, 8.998313e+01
3.653272e-01, 8.997382e+01
3.528649e-01, 8.996325e+01
3.398524e-01, 8.995111e+01
3.260820e-01, 8.993702e+01
3.113633e-01, 8.992051e+01
2.954905e-01, 8.990087e+01
2.782006e-01, 8.987699e+01
2.593013e-01, 8.984742e+01
2.386577e-01, 8.981001e+01
2.160773e-01, 8.976116e+01
1.915439e-01, 8.969531e+01
1.649558e-01, 8.960209e+01
1.362171e-01, 8.946065e+01
1.055598e-01, 8.922481e+01
8.910067e-02, 8.901526e+01
2.124911e-01, 8.968191e+01
6.243141e-01, 9.001228e+01
9.903537e-01, 9.007847e+01
1.044346e+00, 9.008782e+01
9.807580e-01, 9.008538e+01
9.130360e-01, 9.008143e+01
8.517360e-01, 9.007703e+01
7.960091e-01, 9.007224e+01
7.451914e-01, 9.006712e+01
6.987318e-01, 9.006172e+01
6.561780e-01, 9.005609e+01
6.170247e-01, 9.005031e+01
5.808191e-01, 9.004445e+01
5.470889e-01, 9.003856e+01
5.152822e-01, 9.003266e+01
4.849742e-01, 9.002676e+01
4.558008e-01, 9.002087e+01
4.273521e-01, 9.001491e+01
3.992599e-01, 9.000883e+01
3.711790e-01, 9.000244e+01
3.428036e-01, 8.999552e+01
3.138574e-01, 8.998774e+01
2.840298e-01, 8.997858e+01
2.530591e-01, 8.996717e+01
2.208044e-01, 8.995210e+01
1.870500e-01, 8.993070e+01
1.516168e-01, 8.989758e+01
1.144230e-01, 8.983979e+01
7.538333e-02, 8.971571e+01
3.452636e-02, 8.927855e+01
4.753240e-02, 8.940730e+01
6.098401e-01, 8.995972e+01
1.827905e+00, 8.999419e+01
2.238416e+00, 8.999834e+01
2.091753e+00, 8.999858e+01
1.925332e+00, 8.999873e+01
1.771606e+00, 8.999900e+01
1.629456e+00, 8.999939e+01
1.498272e+00, 8.999992e+01
1.376337e+00, 9.000060e+01
1.261750e+00, 9.000144e+01
1.153284e+00, 9.000246e+01
1.050164e+00, 9.000369e+01
9.510191e-01, 9.000516e+01
8.543472e-01, 9.000693e+01
7.589283e-01, 9.000910e+01
6.636535e-01, 9.001181e+01
5.673207e-01, 9.001536e+01
4.688392e-01, 9.002030e+01
3.672072e-01, 9.002788e+01
2.613958e-01, 9.004152e+01
1.503289e-01, 9.007550e+01
3.307782e-02, 9.035399e+01
9.225847e-02, 2.698711e+02
2.268819e-01, 2.699477e+02
3.712441e-01, 2.699687e+02
5.259121e-01, 2.699789e+02
6.915764e-01, 2.699850e+02
8.690887e-01, 2.699893e+02
1.059525e+00, 2.699926e+02
1.146586e+00, 2.699951e+02
2.051574e-02, 2.700297e+02
3.533790e+00, 8.999636e+01
6.214029e+00, 8.999697e+01
6.176294e+00, 8.999758e+01
5.377790e+00, 8.999814e+01
4.629153e+00, 8.999852e+01
3.969534e+00, 8.999868e+01
3.393207e+00, 8.999856e+01
2.890727e+00, 8.999812e+01
2.454305e+00, 8.999730e+01
2.078481e+00, 8.999603e+01
1.755233e+00, 8.999428e+01
1.479048e+00, 8.999202e+01
1.241393e+00, 8.998927e+01
1.032480e+00, 8.998605e+01
8.467794e-01, 8.998254e+01
6.759195e-01, 8.997891e+01
5.102133e-01, 8.997517e+01
3.415911e-01, 8.997107e+01
1.617361e-01, 8.996533e+01
3.820452e-02, 2.699900e+02
2.664085e-01, 2.699692e+02
5.330890e-01, 2.699661e+02
8.499986e-01, 2.699644e+02
1.225557e+00, 2.699633e+02
1.670091e+00, 2.699628e+02
2.196777e+00, 2.699626e+02
2.815636e+00, 2.699626e+02
3.538438e+00, 2.699629e+02
4.378110e+00, 2.699634e+02
4.331129e+00, 2.699583e+02
5.028096e+00, 9.001624e+01
2.292326e+01, 8.999233e+01
2.043555e+01, 8.998794e+01
9.530776e+00, 8.998086e+01
2.862067e+00, 8.995679e+01
6.182680e-01, 2.701264e+02
2.202634e+00, 2.700197e+02
2.700079e+00, 2.700063e+02
2.612260e+00, 2.699990e+02
2.202425e+00, 2.699923e+02
1.632521e+00, 2.699839e+02
1.018093e+00, 2.699687e+02
4.208829e-01, 2.699184e+02
1.232012e-01, 9.027861e+01
5.928751e-01, 9.005469e+01
9.791622e-01, 9.002976e+01
1.284091e+00, 9.001946e+01
1.513559e+00, 9.001344e+01
1.676264e+00, 9.000926e+01
1.782636e+00, 9.000604e+01
1.843254e+00, 9.000338e+01
1.868884e+00, 9.000109e+01
1.863801e+00, 8.999911e+01
1.836070e+00, 8.999744e+01
1.797657e+00, 8.999598e+01
1.752813e+00, 8.999476e+01
1.704312e+00, 8.999379e+01
1.654453e+00, 8.999311e+01
1.604897e+00, 8.999275e+01
1.556738e+00, 8.999275e+01
1.510601e+00, 8.999313e+01
1.466605e+00, 8.999390e+01
1.424778e+00, 8.999504e+01
1.384917e+00, 8.999655e+01
1.346916e+00, 8.999838e+01
1.310578e+00, 9.000047e+01
1.275880e+00, 9.000275e+01
1.242810e+00, 9.000515e+01
1.211493e+00, 9.000757e+01
1.182292e+00, 9.000990e+01
1.155422e+00, 9.001202e+01
1.131019e+00, 9.001388e+01
1.109631e+00, 9.001534e+01
1.091845e+00, 9.001631e+01
1.078168e+00, 9.001671e+01
1.069097e+00, 9.001652e+01
1.065076e+00, 9.001572e+01
1.066106e+00, 9.001442e+01
1.072481e+00, 9.001266e+01
1.084506e+00, 9.001055e+01
1.102413e+00, 9.000819e+01
1.125874e+00, 9.000572e+01
1.154644e+00, 9.000328e+01
1.188498e+00, 9.000097e+01
1.226429e+00, 8.999888e+01
1.267440e+00, 8.999708e+01
1.310432e+00, 8.999560e+01
1.353930e+00, 8.999446e+01
1.396171e+00, 8.999366e+01
1.435369e+00, 8.999316e+01
1.469665e+00, 8.999294e+01
1.496166e+00, 8.999298e+01
1.513098e+00, 8.999325e+01
1.518678e+00, 8.999370e+01
1.510912e+00, 8.999430e+01
1.488849e+00, 8.999502e+01
1.451947e+00, 8.999585e+01
1.399844e+00, 8.999678e+01
1.332725e+00, 8.999780e+01
1.251557e+00, 8.999893e+01
1.157978e+00, 9.000019e+01
1.055222e+00, 9.000158e+01
9.473741e-01, 9.000315e+01
8.387023e-01, 9.000494e+01
7.341798e-01, 9.000698e+01
6.383816e-01, 9.000927e+01
5.561253e-01, 9.001174e+01
4.937071e-01, 9.001408e+01
4.561891e-01, 9.001575e+01
4.453137e-01, 9.001629e+01
4.629538e-01, 9.001549e+01
5.102335e-01, 9.001359e+01
5.874128e-01, 9.001113e+01
6.957505e-01, 9.000854e+01
8.293263e-01, 9.000621e+01
9.810157e-01, 9.000425e+01
1.143249e+00, 9.000267e+01
1.308980e+00, 9.000139e+01
1.469626e+00, 9.000037e+01
1.615900e+00, 8.999954e+01
1.738438e+00, 8.999888e+01
1.825555e+00, 8.999836e+01
1.869856e+00, 8.999796e+01
1.863842e+00, 8.999769e+01
1.799011e+00, 8.999759e+01
1.673926e+00, 8.999770e+01
1.490741e+00, 8.999808e+01
1.248955e+00, 8.999890e+01
9.496055e-01, 9.000060e+01
5.938803e-01, 9.000479e+01
1.865179e-01, 9.002816e+01
2.633763e-01, 2.699712e+02
7.513536e-01, 2.699871e+02
1.277672e+00, 2.699912e+02
1.841917e+00, 2.699933e+02
2.446865e+00, 2.699948e+02
3.095457e+00, 2.699961e+02
3.794940e+00, 2.699972e+02
4.554850e+00, 2.699982e+02
5.389198e+00, 2.699991e+02
6.315696e+00, 2.700000e+02
7.353445e+00, 2.700007e+02
8.524222e+00, 2.700014e+02
9.852636e+00, 2.700020e+02
1.135597e+01, 2.700025e+02
1.305442e+01, 2.700028e+02
1.496035e+01, 2.700031e+02
1.706352e+01, 2.700032e+02
1.934966e+01, 2.700033e+02
2.178651e+01, 2.700032e+02
2.429591e+01, 2.700030e+02
2.678144e+01, 2.700028e+02
2.910829e+01, 2.700024e+02
3.110606e+01, 2.700020e+02
3.259751e+01, 2.700015e+02
3.338861e+01, 2.700011e+02
3.331471e+01, 2.700006e+02
3.229222e+01, 2.700003e+02
3.030657e+01, 2.700000e+02
2.738920e+01, 2.699999e+02
2.363801e+01, 2.700001e+02
1.933512e+01, 2.700006e+02
1.481854e+01, 2.700019e+02
1.041487e+01, 2.700046e+02
6.429157e+00, 2.700106e+02
3.032995e+00, 2.700290e+02
2.740961e-01, 2.703801e+02
1.875097e+00, 8.993961e+01
3.476909e+00, 8.996843e+01
4.676889e+00, 8.998040e+01
5.578481e+00, 8.998904e+01
6.169788e+00, 8.999627e+01
6.287268e+00, 9.000276e+01
5.523232e+00, 9.000994e+01
3.452070e+00, 9.002451e+01
3.320186e-01, 9.029990e+01
2.600075e+00, 2.699652e+02
3.833326e+00, 2.699849e+02
3.271762e+00, 2.699944e+02
2.258097e+00, 2.700039e+02
2.085334e+00, 2.700067e+02
2.838372e+00, 2.700009e+02
3.711338e+00, 2.699971e+02
3.880036e+00, 2.699978e+02
3.192080e+00, 2.700060e+02
2.175836e+00, 2.700269e+02
1.337207e+00, 2.700647e+02
8.903402e-01, 2.700947e+02
8.524037e-01, 2.700509e+02
1.111292e+00, 2.699727e+02
1.486730e+00, 2.699244e+02
1.809512e+00, 2.699067e+02
2.012008e+00, 2.699118e+02
2.123565e+00, 2.699363e+02
2.256870e+00, 2.699729e+02
2.553437e+00, 2.700025e+02
3.082549e+00, 2.700120e+02
3.764300e+00, 2.700056e+02
4.359268e+00, 2.699962e+02
4.660324e+00, 2.699909e+02
4.588894e+00, 2.699925e+02
4.178870e+00, 2.700004e+02
3.488666e+00, 2.700098e+02
2.478873e+00, 2.700121e+02
1.273359e+00, 2.699967e+02
7.939215e-01, 2.699743e+02
2.370416e+00, 2.700056e+02
5.722241e+00, 2.700130e+02
1.004188e+01, 2.700124e+02
1.524400e+01, 2.700098e+02
1.998291e+01, 2.700077e+02
2.207787e+01, 2.700064e+02
1.895799e+01, 2.700060e+02
8.615516e+00, 2.700084e+02
1.050030e+01, 8.999670e+01
3.720300e+01, 8.999965e+01
6.606498e+01, 8.999984e+01
8.926229e+01, 8.999978e+01
1.000000e+02, 8.999974e+01
9.629450e+01, 8.999981e+01
8.144138e+01, 9.000010e+01
6.190213e+01, 9.000076e+01
4.337003e+01, 9.000201e+01
2.844097e+01, 9.000425e+01
1.761155e+01, 9.000817e+01
1.026926e+01, 9.001504e+01
5.326668e+00, 9.002896e+01
2.105422e+00, 9.006901e+01
1.049164e-01, 9.123520e+01
1.102344e+00, 2.699002e+02
1.859218e+00, 2.699518e+02
2.371831e+00, 2.699702e+02
2.761596e+00, 2.699799e+02
3.107036e+00, 2.699857e+02
3.446429e+00, 2.699890e+02
3.771615e+00, 2.699908e+02
4.010810e+00, 2.699918e+02
3.983389e+00, 2.699927e+02
3.340921e+00, 2.699945e+02
1.489199e+00, 2.700028e+02
2.781440e+00, 8.998422e+01
1.264286e+01, 8.999179e+01
3.669991e+01, 8.999515e+01
9.668721e+01, 8.999750e+01
##END
