##TITLE= Pf1-t30-h1295-205R4
##JCAMP-DX= 5.00 Bruker JCAMP library
##DATA TYPE= Shape Data
##ORIGIN= Bruker BioSpin GmbH
##OWNER= <Alexej Jerschow>
##DATE= 2009/02/26
##TIME= 15:18:55
##$SHAPE_PARAMETERS= 
##MINX= 4.831823e-04
##MAXX= 1.000000e+02
##MINY= 8.159480e+01
##MAXY= 3.021274e+02
##$SHAPE_EXMODE= 
##$SHAPE_TOTROT= 
##$SHAPE_TYPE= 
##$SHAPE_USER_DEF= 
##$SHAPE_REPHFAC= 
##$SHAPE_BWFAC= 
##$SHAPE_BWFAC50= 
##$SHAPE_INTEGFAC= 
##$SHAPE_MODE= 
##NPOINTS= 1000
##XYPOINTS= (XY..XY)
4.520871e-02, 9.114201e+01
4.496855e-02, 9.114349e+01
4.471990e-02, 9.114477e+01
4.446281e-02, 9.114585e+01
4.419735e-02, 9.114672e+01
4.392357e-02, 9.114739e+01
4.364154e-02, 9.114785e+01
4.335134e-02, 9.114809e+01
4.305304e-02, 9.114811e+01
4.274671e-02, 9.114790e+01
4.243243e-02, 9.114746e+01
4.211028e-02, 9.114678e+01
4.177981e-02, 9.114580e+01
4.144166e-02, 9.114457e+01
4.109591e-02, 9.114308e+01
4.074266e-02, 9.114132e+01
4.038201e-02, 9.113928e+01
4.001406e-02, 9.113695e+01
3.963890e-02, 9.113433e+01
3.925664e-02, 9.113140e+01
3.886739e-02, 9.112816e+01
3.847127e-02, 9.112459e+01
3.806837e-02, 9.112068e+01
3.765835e-02, 9.111636e+01
3.724181e-02, 9.111167e+01
3.681887e-02, 9.110660e+01
3.638966e-02, 9.110114e+01
3.595431e-02, 9.109526e+01
3.551293e-02, 9.108895e+01
3.506568e-02, 9.108220e+01
3.461267e-02, 9.107497e+01
3.415405e-02, 9.106725e+01
3.368995e-02, 9.105902e+01
3.322050e-02, 9.105026e+01
3.274549e-02, 9.104087e+01
3.226544e-02, 9.103090e+01
3.178052e-02, 9.102030e+01
3.129087e-02, 9.100905e+01
3.079664e-02, 9.099712e+01
3.029799e-02, 9.098447e+01
2.979508e-02, 9.097105e+01
2.928807e-02, 9.095684e+01
2.877711e-02, 9.094178e+01
2.826237e-02, 9.092582e+01
2.774401e-02, 9.090891e+01
2.722192e-02, 9.089094e+01
2.669657e-02, 9.087190e+01
2.616814e-02, 9.085173e+01
2.563679e-02, 9.083035e+01
2.510269e-02, 9.080769e+01
2.456603e-02, 9.078366e+01
2.402698e-02, 9.075818e+01
2.348572e-02, 9.073113e+01
2.294243e-02, 9.070241e+01
2.239730e-02, 9.067189e+01
2.185049e-02, 9.063945e+01
2.130204e-02, 9.060488e+01
2.075231e-02, 9.056807e+01
2.020150e-02, 9.052885e+01
1.964980e-02, 9.048702e+01
1.909738e-02, 9.044237e+01
1.854445e-02, 9.039465e+01
1.799119e-02, 9.034358e+01
1.743780e-02, 9.028886e+01
1.688447e-02, 9.023016e+01
1.633139e-02, 9.016709e+01
1.577876e-02, 9.009920e+01
1.522675e-02, 9.002596e+01
1.467560e-02, 8.994685e+01
1.412551e-02, 8.986123e+01
1.357670e-02, 8.976837e+01
1.302934e-02, 8.966741e+01
1.248365e-02, 8.955734e+01
1.193983e-02, 8.943702e+01
1.139808e-02, 8.930508e+01
1.085861e-02, 8.915991e+01
1.032162e-02, 8.899957e+01
9.787323e-03, 8.882177e+01
9.256030e-03, 8.862369e+01
8.727876e-03, 8.840193e+01
8.203080e-03, 8.815227e+01
7.681866e-03, 8.786943e+01
7.164464e-03, 8.754668e+01
3.072382e-01, 8.995269e+01
5.464187e-01, 8.997851e+01
5.403115e-01, 8.997782e+01
5.341524e-01, 8.997711e+01
5.279427e-01, 8.997638e+01
5.216835e-01, 8.997564e+01
5.153729e-01, 8.997488e+01
5.090159e-01, 8.997411e+01
5.026138e-01, 8.997331e+01
4.961679e-01, 8.997250e+01
4.896773e-01, 8.997167e+01
4.831424e-01, 8.997082e+01
4.765678e-01, 8.996994e+01
4.699546e-01, 8.996905e+01
4.633042e-01, 8.996814e+01
4.566177e-01, 8.996720e+01
4.498961e-01, 8.996624e+01
4.431384e-01, 8.996526e+01
4.363485e-01, 8.996425e+01
4.295266e-01, 8.996322e+01
4.226717e-01, 8.996216e+01
4.157883e-01, 8.996108e+01
4.088778e-01, 8.995997e+01
4.019411e-01, 8.995883e+01
3.949796e-01, 8.995766e+01
3.879942e-01, 8.995645e+01
3.809863e-01, 8.995521e+01
3.739567e-01, 8.995394e+01
3.669050e-01, 8.995264e+01
3.598313e-01, 8.995130e+01
3.527400e-01, 8.994991e+01
3.456320e-01, 8.994849e+01
3.385085e-01, 8.994702e+01
3.313707e-01, 8.994551e+01
3.242195e-01, 8.994395e+01
3.170561e-01, 8.994233e+01
3.098815e-01, 8.994066e+01
3.026969e-01, 8.993893e+01
2.955012e-01, 8.993714e+01
2.882971e-01, 8.993529e+01
2.810864e-01, 8.993337e+01
2.738704e-01, 8.993138e+01
2.666499e-01, 8.992930e+01
2.594261e-01, 8.992714e+01
2.522000e-01, 8.992488e+01
2.449726e-01, 8.992252e+01
2.377449e-01, 8.992005e+01
2.305174e-01, 8.991746e+01
2.232916e-01, 8.991474e+01
2.160689e-01, 8.991189e+01
2.088506e-01, 8.990888e+01
2.016376e-01, 8.990570e+01
1.944309e-01, 8.990234e+01
1.872316e-01, 8.989876e+01
1.800405e-01, 8.989494e+01
1.728589e-01, 8.989087e+01
1.656877e-01, 8.988650e+01
1.585282e-01, 8.988181e+01
1.513813e-01, 8.987674e+01
1.442481e-01, 8.987124e+01
1.371298e-01, 8.986525e+01
1.300282e-01, 8.985870e+01
1.229436e-01, 8.985149e+01
1.158768e-01, 8.984348e+01
1.088290e-01, 8.983455e+01
1.018018e-01, 8.982451e+01
9.479660e-02, 8.981312e+01
8.781365e-02, 8.980007e+01
8.085402e-02, 8.978492e+01
7.391876e-02, 8.976711e+01
6.700893e-02, 8.974583e+01
6.012591e-02, 8.971993e+01
5.327237e-02, 8.968770e+01
4.644762e-02, 8.964634e+01
3.965346e-02, 8.959126e+01
3.289237e-02, 8.951419e+01
2.616363e-02, 8.939827e+01
1.946842e-02, 8.920384e+01
1.280812e-02, 8.880942e+01
6.185267e-03, 8.757594e+01
4.831823e-04, 3.021274e+02
6.964856e-03, 2.720750e+02
1.347416e-02, 2.710516e+02
7.910463e-02, 8.980740e+01
9.054854e-01, 8.997083e+01
8.851421e-01, 8.997032e+01
8.650853e-01, 8.996980e+01
8.453194e-01, 8.996928e+01
8.258482e-01, 8.996875e+01
8.066752e-01, 8.996822e+01
7.878036e-01, 8.996768e+01
7.692361e-01, 8.996713e+01
7.509735e-01, 8.996658e+01
7.330444e-01, 8.996603e+01
7.154477e-01, 8.996548e+01
6.981633e-01, 8.996492e+01
6.811923e-01, 8.996436e+01
6.645350e-01, 8.996379e+01
6.481915e-01, 8.996322e+01
6.321616e-01, 8.996265e+01
6.164448e-01, 8.996207e+01
6.010405e-01, 8.996150e+01
5.859652e-01, 8.996092e+01
5.712050e-01, 8.996035e+01
5.567569e-01, 8.995978e+01
5.426334e-01, 8.995921e+01
5.288127e-01, 8.995864e+01
5.152927e-01, 8.995807e+01
5.020701e-01, 8.995751e+01
4.891410e-01, 8.995695e+01
4.765018e-01, 8.995640e+01
4.641613e-01, 8.995585e+01
4.521107e-01, 8.995531e+01
4.403368e-01, 8.995478e+01
4.288354e-01, 8.995425e+01
4.176069e-01, 8.995374e+01
4.066561e-01, 8.995324e+01
3.959610e-01, 8.995274e+01
3.855157e-01, 8.995227e+01
3.753144e-01, 8.995180e+01
3.653588e-01, 8.995135e+01
3.556451e-01, 8.995091e+01
3.461579e-01, 8.995049e+01
3.368899e-01, 8.995009e+01
3.278329e-01, 8.994970e+01
3.189800e-01, 8.994934e+01
3.103271e-01, 8.994899e+01
3.018749e-01, 8.994866e+01
2.936039e-01, 8.994836e+01
2.855115e-01, 8.994808e+01
2.775985e-01, 8.994782e+01
2.698433e-01, 8.994759e+01
2.622378e-01, 8.994738e+01
2.547743e-01, 8.994719e+01
2.474447e-01, 8.994703e+01
2.402411e-01, 8.994689e+01
2.331554e-01, 8.994677e+01
2.261853e-01, 8.994669e+01
2.193250e-01, 8.994663e+01
2.125646e-01, 8.994660e+01
2.058875e-01, 8.994660e+01
1.992856e-01, 8.994663e+01
1.927508e-01, 8.994668e+01
1.862748e-01, 8.994676e+01
1.798518e-01, 8.994687e+01
1.734747e-01, 8.994700e+01
1.671333e-01, 8.994716e+01
1.608189e-01, 8.994735e+01
1.545266e-01, 8.994757e+01
1.482448e-01, 8.994783e+01
1.419644e-01, 8.994811e+01
1.356786e-01, 8.994842e+01
1.293823e-01, 8.994877e+01
1.230673e-01, 8.994915e+01
1.167243e-01, 8.994957e+01
1.103458e-01, 8.995002e+01
1.039249e-01, 8.995052e+01
9.745326e-02, 8.995107e+01
9.092455e-02, 8.995168e+01
8.433297e-02, 8.995235e+01
7.767224e-02, 8.995311e+01
7.093526e-02, 8.995397e+01
6.411577e-02, 8.995497e+01
5.720803e-02, 8.995616e+01
5.020651e-02, 8.995760e+01
4.310592e-02, 8.995945e+01
8.912870e-02, 9.002334e+01
6.529582e-01, 9.006036e+01
8.168307e-01, 9.006199e+01
7.970609e-01, 9.006260e+01
7.779601e-01, 9.006320e+01
7.595393e-01, 9.006380e+01
7.417483e-01, 9.006439e+01
7.245741e-01, 9.006497e+01
7.080151e-01, 9.006554e+01
6.920881e-01, 9.006609e+01
6.767644e-01, 9.006662e+01
6.620007e-01, 9.006714e+01
6.477826e-01, 9.006763e+01
6.340965e-01, 9.006810e+01
6.209285e-01, 9.006855e+01
6.082736e-01, 9.006897e+01
5.961551e-01, 9.006935e+01
5.845166e-01, 9.006969e+01
5.733420e-01, 9.007000e+01
5.626302e-01, 9.007027e+01
5.523421e-01, 9.007049e+01
5.424613e-01, 9.007067e+01
5.329717e-01, 9.007080e+01
5.238678e-01, 9.007088e+01
5.151394e-01, 9.007091e+01
5.067604e-01, 9.007088e+01
4.987198e-01, 9.007079e+01
4.910120e-01, 9.007063e+01
4.836194e-01, 9.007041e+01
4.765056e-01, 9.007012e+01
4.696583e-01, 9.006976e+01
4.630725e-01, 9.006932e+01
4.567320e-01, 9.006882e+01
4.506117e-01, 9.006823e+01
4.446946e-01, 9.006757e+01
4.389663e-01, 9.006683e+01
4.334124e-01, 9.006600e+01
4.280329e-01, 9.006508e+01
4.228146e-01, 9.006406e+01
4.177378e-01, 9.006295e+01
4.127760e-01, 9.006174e+01
4.079143e-01, 9.006043e+01
4.031393e-01, 9.005903e+01
3.984398e-01, 9.005752e+01
3.938048e-01, 9.005590e+01
3.892196e-01, 9.005416e+01
3.846809e-01, 9.005230e+01
3.801683e-01, 9.005032e+01
3.756651e-01, 9.004820e+01
3.711599e-01, 9.004594e+01
3.666434e-01, 9.004354e+01
3.621024e-01, 9.004099e+01
3.575244e-01, 9.003829e+01
3.529015e-01, 9.003542e+01
3.482248e-01, 9.003237e+01
3.434789e-01, 9.002913e+01
3.386564e-01, 9.002569e+01
3.337470e-01, 9.002203e+01
3.287403e-01, 9.001815e+01
3.236250e-01, 9.001402e+01
3.183889e-01, 9.000962e+01
3.130329e-01, 9.000492e+01
3.075521e-01, 8.999992e+01
3.019343e-01, 8.999459e+01
2.961660e-01, 8.998888e+01
2.902389e-01, 8.998276e+01
2.841531e-01, 8.997620e+01
2.779050e-01, 8.996916e+01
2.714922e-01, 8.996158e+01
2.649059e-01, 8.995342e+01
2.581354e-01, 8.994458e+01
2.511711e-01, 8.993500e+01
2.440188e-01, 8.992458e+01
2.366729e-01, 8.991323e+01
2.291279e-01, 8.990081e+01
2.213874e-01, 8.988718e+01
2.134464e-01, 8.987218e+01
2.053032e-01, 8.985559e+01
1.969579e-01, 8.983717e+01
1.884122e-01, 8.981660e+01
1.796689e-01, 8.979353e+01
1.707197e-01, 8.976744e+01
1.623588e-01, 8.973992e+01
2.010440e-01, 8.982073e+01
5.240987e-01, 9.004420e+01
9.359742e-01, 9.010699e+01
9.458523e-01, 9.010964e+01
9.199117e-01, 9.010936e+01
8.947601e-01, 9.010902e+01
8.703713e-01, 9.010862e+01
8.467194e-01, 9.010814e+01
8.238095e-01, 9.010761e+01
8.016935e-01, 9.010701e+01
7.802681e-01, 9.010634e+01
7.594692e-01, 9.010560e+01
7.392726e-01, 9.010481e+01
7.196550e-01, 9.010395e+01
7.006025e-01, 9.010303e+01
6.821086e-01, 9.010206e+01
6.641437e-01, 9.010103e+01
6.466673e-01, 9.009993e+01
6.296764e-01, 9.009878e+01
6.131289e-01, 9.009757e+01
5.970145e-01, 9.009631e+01
5.813299e-01, 9.009499e+01
5.660205e-01, 9.009362e+01
5.510678e-01, 9.009219e+01
5.364489e-01, 9.009071e+01
5.221377e-01, 9.008918e+01
5.081222e-01, 9.008759e+01
4.944015e-01, 9.008596e+01
4.809405e-01, 9.008426e+01
4.677076e-01, 9.008251e+01
4.546876e-01, 9.008070e+01
4.418724e-01, 9.007882e+01
4.292490e-01, 9.007689e+01
4.167966e-01, 9.007489e+01
4.044885e-01, 9.007281e+01
3.923043e-01, 9.007065e+01
3.802319e-01, 9.006840e+01
3.682576e-01, 9.006605e+01
3.563713e-01, 9.006360e+01
3.445638e-01, 9.006103e+01
3.328101e-01, 9.005832e+01
3.210930e-01, 9.005545e+01
3.094008e-01, 9.005241e+01
2.977214e-01, 9.004916e+01
2.860492e-01, 9.004567e+01
2.743789e-01, 9.004192e+01
2.626858e-01, 9.003785e+01
2.509585e-01, 9.003341e+01
2.391880e-01, 9.002853e+01
2.273669e-01, 9.002313e+01
2.154932e-01, 9.001711e+01
2.035613e-01, 9.001035e+01
1.915573e-01, 9.000269e+01
1.794649e-01, 8.999390e+01
1.672753e-01, 8.998370e+01
1.549846e-01, 8.997174e+01
1.425992e-01, 8.995751e+01
1.301171e-01, 8.994031e+01
1.175277e-01, 8.991912e+01
1.048243e-01, 8.989241e+01
9.200170e-02, 8.985773e+01
7.905647e-02, 8.981100e+01
6.599542e-02, 8.974485e+01
5.282128e-02, 8.964439e+01
3.951333e-02, 8.947393e+01
2.607572e-02, 8.912378e+01
1.251746e-02, 8.800510e+01
2.814783e-01, 8.991609e+01
1.255196e+00, 8.998958e+01
1.751426e+00, 8.999585e+01
1.687294e+00, 8.999533e+01
1.625103e+00, 8.999479e+01
1.564787e+00, 8.999425e+01
1.506383e+00, 8.999369e+01
1.449790e+00, 8.999312e+01
1.395023e+00, 8.999253e+01
1.341992e+00, 8.999193e+01
1.290495e+00, 8.999132e+01
1.240449e+00, 8.999067e+01
1.191800e+00, 8.999001e+01
1.144519e+00, 8.998932e+01
1.098559e+00, 8.998860e+01
1.053871e+00, 8.998786e+01
1.010379e+00, 8.998707e+01
9.679751e-01, 8.998625e+01
9.265768e-01, 8.998538e+01
8.861783e-01, 8.998446e+01
8.467397e-01, 8.998348e+01
8.081212e-01, 8.998243e+01
7.702485e-01, 8.998130e+01
7.330724e-01, 8.998009e+01
6.965702e-01, 8.997877e+01
6.606906e-01, 8.997733e+01
6.253509e-01, 8.997575e+01
5.904635e-01, 8.997400e+01
5.559597e-01, 8.997205e+01
5.217843e-01, 8.996986e+01
4.878942e-01, 8.996738e+01
4.542631e-01, 8.996453e+01
4.208213e-01, 8.996123e+01
3.874803e-01, 8.995736e+01
3.541816e-01, 8.995274e+01
3.208701e-01, 8.994714e+01
2.874977e-01, 8.994020e+01
2.540216e-01, 8.993136e+01
2.203871e-01, 8.991972e+01
1.865289e-01, 8.990369e+01
1.523978e-01, 8.988025e+01
1.179329e-01, 8.984272e+01
8.307188e-02, 8.977294e+01
4.776234e-02, 8.959807e+01
1.198043e-02, 8.836768e+01
2.433896e-02, 2.708189e+02
6.123387e-02, 2.703320e+02
9.876460e-02, 2.702101e+02
1.369649e-01, 2.701547e+02
1.758724e-01, 2.701232e+02
2.155329e-01, 2.701029e+02
2.559932e-01, 2.700887e+02
2.973878e-01, 2.700782e+02
3.397236e-01, 2.700702e+02
3.830179e-01, 2.700639e+02
4.272933e-01, 2.700589e+02
4.725955e-01, 2.700547e+02
5.189606e-01, 2.700513e+02
5.664177e-01, 2.700484e+02
6.149974e-01, 2.700459e+02
6.647351e-01, 2.700438e+02
7.157820e-01, 2.700420e+02
7.681460e-01, 2.700404e+02
8.218400e-01, 2.700390e+02
8.768947e-01, 2.700378e+02
9.332908e-01, 2.700368e+02
8.908471e-01, 2.700402e+02
1.122874e+00, 8.996116e+01
4.607433e+00, 8.998809e+01
5.298624e+00, 8.998950e+01
5.023039e+00, 8.998940e+01
4.725813e+00, 8.998920e+01
4.441470e+00, 8.998893e+01
4.170178e+00, 8.998859e+01
3.912412e+00, 8.998816e+01
3.667293e+00, 8.998765e+01
3.434140e+00, 8.998705e+01
3.212549e+00, 8.998634e+01
3.002008e+00, 8.998552e+01
2.802935e+00, 8.998458e+01
2.615114e+00, 8.998350e+01
2.437198e+00, 8.998229e+01
2.268658e+00, 8.998091e+01
2.109482e+00, 8.997937e+01
1.959514e+00, 8.997764e+01
1.818513e+00, 8.997572e+01
1.686106e+00, 8.997357e+01
1.561290e+00, 8.997120e+01
1.443772e+00, 8.996856e+01
1.333252e+00, 8.996565e+01
1.228956e+00, 8.996242e+01
1.130834e+00, 8.995885e+01
1.038544e+00, 8.995490e+01
9.513187e-01, 8.995051e+01
8.686035e-01, 8.994562e+01
7.899409e-01, 8.994011e+01
7.149834e-01, 8.993389e+01
6.434188e-01, 8.992677e+01
5.751214e-01, 8.991859e+01
5.091202e-01, 8.990893e+01
4.447790e-01, 8.989711e+01
3.816673e-01, 8.988210e+01
3.194270e-01, 8.986209e+01
2.576231e-01, 8.983341e+01
1.957210e-01, 8.978757e+01
1.332244e-01, 8.969956e+01
6.965470e-02, 8.945098e+01
4.320646e-03, 8.159480e+01
6.334859e-02, 2.705348e+02
1.336786e-01, 2.702342e+02
2.072731e-01, 2.701372e+02
2.845891e-01, 2.700889e+02
3.660828e-01, 2.700598e+02
4.523253e-01, 2.700401e+02
5.439434e-01, 2.700259e+02
6.415347e-01, 2.700152e+02
7.461937e-01, 2.700067e+02
8.580202e-01, 2.699999e+02
9.776915e-01, 2.699943e+02
1.105749e+00, 2.699897e+02
1.242559e+00, 2.699859e+02
1.389233e+00, 2.699826e+02
1.546709e+00, 2.699799e+02
1.715028e+00, 2.699776e+02
1.894582e+00, 2.699756e+02
2.086602e+00, 2.699739e+02
2.291640e+00, 2.699725e+02
2.510416e+00, 2.699713e+02
2.744145e+00, 2.699703e+02
2.993989e+00, 2.699695e+02
3.260194e+00, 2.699689e+02
3.542849e+00, 2.699683e+02
3.842802e+00, 2.699679e+02
1.730682e+00, 2.699377e+02
1.226734e+01, 8.999597e+01
2.473810e+01, 8.999105e+01
2.180312e+01, 8.998907e+01
1.577942e+01, 8.998670e+01
1.101417e+01, 8.998342e+01
7.397247e+00, 8.997862e+01
4.724617e+00, 8.997112e+01
2.730551e+00, 8.995710e+01
1.225786e+00, 8.991856e+01
1.149343e-01, 8.926587e+01
6.732242e-01, 2.701049e+02
1.226329e+00, 2.700476e+02
1.590866e+00, 2.700298e+02
1.814439e+00, 2.700208e+02
1.933066e+00, 2.700149e+02
1.969171e+00, 2.700107e+02
1.937434e+00, 2.700072e+02
1.847625e+00, 2.700042e+02
1.715459e+00, 2.700015e+02
1.556474e+00, 2.699987e+02
1.379556e+00, 2.699956e+02
1.190355e+00, 2.699921e+02
9.941054e-01, 2.699876e+02
7.950926e-01, 2.699815e+02
5.969390e-01, 2.699723e+02
4.028688e-01, 2.699553e+02
2.151987e-01, 2.699112e+02
3.556395e-02, 2.694413e+02
1.335756e-01, 9.015208e+01
2.916783e-01, 9.007027e+01
4.381298e-01, 9.004668e+01
5.727561e-01, 9.003531e+01
6.954563e-01, 9.002853e+01
8.065688e-01, 9.002398e+01
9.065533e-01, 9.002068e+01
9.951578e-01, 9.001816e+01
1.072475e+00, 9.001618e+01
1.139300e+00, 9.001456e+01
1.196912e+00, 9.001322e+01
1.245466e+00, 9.001210e+01
1.285426e+00, 9.001115e+01
1.317670e+00, 9.001034e+01
1.342940e+00, 9.000965e+01
1.362165e+00, 9.000906e+01
1.376151e+00, 9.000856e+01
1.385365e+00, 9.000814e+01
1.390017e+00, 9.000781e+01
1.390593e+00, 9.000755e+01
1.387702e+00, 9.000737e+01
1.382092e+00, 9.000726e+01
1.373976e+00, 9.000722e+01
1.363804e+00, 9.000725e+01
1.352069e+00, 9.000735e+01
1.338944e+00, 9.000752e+01
1.324529e+00, 9.000777e+01
1.309106e+00, 9.000810e+01
1.292984e+00, 9.000851e+01
1.276376e+00, 9.000900e+01
1.259382e+00, 9.000957e+01
1.242086e+00, 9.001022e+01
1.224543e+00, 9.001097e+01
1.206858e+00, 9.001181e+01
1.189133e+00, 9.001274e+01
1.171454e+00, 9.001376e+01
1.153819e+00, 9.001488e+01
1.136184e+00, 9.001610e+01
1.118627e+00, 9.001743e+01
1.101214e+00, 9.001885e+01
1.083930e+00, 9.002037e+01
1.066744e+00, 9.002199e+01
1.049684e+00, 9.002370e+01
1.032788e+00, 9.002552e+01
1.016050e+00, 9.002743e+01
9.994712e-01, 9.002944e+01
9.830785e-01, 9.003153e+01
9.668732e-01, 9.003370e+01
9.508644e-01, 9.003594e+01
9.350832e-01, 9.003825e+01
9.195679e-01, 9.004063e+01
9.043211e-01, 9.004306e+01
8.893545e-01, 9.004553e+01
8.746975e-01, 9.004804e+01
8.603749e-01, 9.005056e+01
8.464802e-01, 9.005308e+01
8.330743e-01, 9.005558e+01
8.201379e-01, 9.005804e+01
8.076846e-01, 9.006047e+01
7.957428e-01, 9.006283e+01
7.843638e-01, 9.006511e+01
7.736152e-01, 9.006730e+01
7.635445e-01, 9.006937e+01
7.541606e-01, 9.007130e+01
7.455399e-01, 9.007306e+01
7.377058e-01, 9.007464e+01
7.307125e-01, 9.007602e+01
7.246155e-01, 9.007718e+01
7.194305e-01, 9.007812e+01
7.151321e-01, 9.007884e+01
7.117669e-01, 9.007931e+01
7.093774e-01, 9.007954e+01
7.079625e-01, 9.007953e+01
7.076119e-01, 9.007926e+01
7.084035e-01, 9.007873e+01
7.102756e-01, 9.007796e+01
7.131516e-01, 9.007698e+01
7.170648e-01, 9.007578e+01
7.220328e-01, 9.007439e+01
7.280972e-01, 9.007283e+01
7.353252e-01, 9.007110e+01
7.435622e-01, 9.006925e+01
7.527871e-01, 9.006729e+01
7.629579e-01, 9.006525e+01
7.740199e-01, 9.006315e+01
7.860028e-01, 9.006101e+01
7.988757e-01, 9.005886e+01
8.125091e-01, 9.005671e+01
8.268428e-01, 9.005458e+01
8.418102e-01, 9.005249e+01
8.573145e-01, 9.005045e+01
8.732620e-01, 9.004848e+01
8.895731e-01, 9.004659e+01
9.061128e-01, 9.004478e+01
9.227652e-01, 9.004306e+01
9.394107e-01, 9.004145e+01
9.559304e-01, 9.003994e+01
9.721853e-01, 9.003853e+01
9.880223e-01, 9.003723e+01
1.003279e+00, 9.003605e+01
1.017822e+00, 9.003498e+01
1.031479e+00, 9.003400e+01
1.044142e+00, 9.003314e+01
1.055608e+00, 9.003238e+01
1.065660e+00, 9.003173e+01
1.074247e+00, 9.003119e+01
1.081342e+00, 9.003074e+01
1.086810e+00, 9.003037e+01
1.090462e+00, 9.003010e+01
1.092087e+00, 9.002992e+01
1.091143e+00, 9.002987e+01
1.088045e+00, 9.002989e+01
1.082763e+00, 9.003000e+01
1.075242e+00, 9.003019e+01
1.065437e+00, 9.003047e+01
1.053238e+00, 9.003084e+01
1.038574e+00, 9.003131e+01
1.021527e+00, 9.003187e+01
1.002184e+00, 9.003253e+01
9.805055e-01, 9.003329e+01
9.567456e-01, 9.003415e+01
9.309135e-01, 9.003512e+01
9.031167e-01, 9.003621e+01
8.736282e-01, 9.003741e+01
8.426835e-01, 9.003875e+01
8.105070e-01, 9.004021e+01
7.773439e-01, 9.004181e+01
7.434379e-01, 9.004356e+01
7.090671e-01, 9.004545e+01
6.745740e-01, 9.004750e+01
6.402798e-01, 9.004968e+01
6.064815e-01, 9.005200e+01
5.736072e-01, 9.005444e+01
5.420969e-01, 9.005695e+01
5.123280e-01, 9.005948e+01
4.845058e-01, 9.006198e+01
4.588746e-01, 9.006439e+01
4.359674e-01, 9.006656e+01
4.161886e-01, 9.006834e+01
3.998099e-01, 9.006960e+01
3.872983e-01, 9.007016e+01
3.787192e-01, 9.006990e+01
3.742798e-01, 9.006875e+01
3.743026e-01, 9.006665e+01
3.787355e-01, 9.006371e+01
3.878340e-01, 9.005999e+01
4.020638e-01, 9.005562e+01
4.214364e-01, 9.005083e+01
4.455056e-01, 9.004589e+01
4.740087e-01, 9.004098e+01
5.067936e-01, 9.003624e+01
5.438482e-01, 9.003176e+01
5.851408e-01, 9.002758e+01
6.301848e-01, 9.002374e+01
6.787142e-01, 9.002025e+01
7.303294e-01, 9.001710e+01
7.846463e-01, 9.001426e+01
8.410975e-01, 9.001171e+01
8.991641e-01, 9.000944e+01
9.582781e-01, 9.000740e+01
1.017887e+00, 9.000557e+01
1.077419e+00, 9.000392e+01
1.136247e+00, 9.000244e+01
1.193655e+00, 9.000110e+01
1.248764e+00, 8.999987e+01
1.300671e+00, 8.999874e+01
1.348919e+00, 8.999770e+01
1.392894e+00, 8.999674e+01
1.432027e+00, 8.999583e+01
1.465520e+00, 8.999496e+01
1.492431e+00, 8.999414e+01
1.512393e+00, 8.999333e+01
1.525308e+00, 8.999255e+01
1.531075e+00, 8.999177e+01
1.528840e+00, 8.999099e+01
1.518085e+00, 8.999019e+01
1.497329e+00, 8.998937e+01
1.467499e+00, 8.998852e+01
1.428765e+00, 8.998761e+01
1.381131e+00, 8.998662e+01
1.324463e+00, 8.998553e+01
1.258412e+00, 8.998429e+01
1.182790e+00, 8.998286e+01
1.097741e+00, 8.998115e+01
1.003854e+00, 8.997904e+01
9.012936e-01, 8.997636e+01
7.904836e-01, 8.997278e+01
6.713880e-01, 8.996771e+01
5.446504e-01, 8.995995e+01
4.110382e-01, 8.994665e+01
2.709095e-01, 8.991864e+01
1.246474e-01, 8.982214e+01
2.764901e-02, 2.708076e+02
1.858495e-01, 2.701212e+02
3.496290e-01, 2.700652e+02
5.185963e-01, 2.700446e+02
6.924811e-01, 2.700340e+02
8.712258e-01, 2.700276e+02
1.055111e+00, 2.700234e+02
1.244171e+00, 2.700204e+02
1.438869e+00, 2.700182e+02
1.638947e+00, 2.700166e+02
1.844648e+00, 2.700153e+02
2.055980e+00, 2.700143e+02
2.273471e+00, 2.700135e+02
2.497952e+00, 2.700129e+02
2.730285e+00, 2.700124e+02
2.971253e+00, 2.700121e+02
3.221671e+00, 2.700117e+02
3.483257e+00, 2.700115e+02
3.756835e+00, 2.700112e+02
4.044303e+00, 2.700110e+02
4.346810e+00, 2.700108e+02
4.665105e+00, 2.700107e+02
5.000464e+00, 2.700105e+02
5.354412e+00, 2.700104e+02
5.727795e+00, 2.700102e+02
6.122123e+00, 2.700101e+02
6.539428e+00, 2.700100e+02
6.980777e+00, 2.700098e+02
7.450541e+00, 2.700097e+02
7.946552e+00, 2.700095e+02
8.470064e+00, 2.700094e+02
9.023279e+00, 2.700092e+02
9.607391e+00, 2.700090e+02
1.022073e+01, 2.700088e+02
1.086186e+01, 2.700086e+02
1.153052e+01, 2.700084e+02
1.222612e+01, 2.700081e+02
1.294930e+01, 2.700079e+02
1.369795e+01, 2.700077e+02
1.446643e+01, 2.700074e+02
1.524918e+01, 2.700071e+02
1.604122e+01, 2.700069e+02
1.683713e+01, 2.700066e+02
1.763003e+01, 2.700063e+02
1.841159e+01, 2.700060e+02
1.917229e+01, 2.700057e+02
1.989975e+01, 2.700054e+02
2.058434e+01, 2.700051e+02
2.121715e+01, 2.700048e+02
2.178518e+01, 2.700045e+02
2.226590e+01, 2.700041e+02
2.265183e+01, 2.700039e+02
2.293444e+01, 2.700036e+02
2.310117e+01, 2.700033e+02
2.314459e+01, 2.700030e+02
2.304767e+01, 2.700028e+02
2.279691e+01, 2.700026e+02
2.239979e+01, 2.700025e+02
2.185963e+01, 2.700024e+02
2.117868e+01, 2.700023e+02
2.035461e+01, 2.700023e+02
1.938023e+01, 2.700024e+02
1.827568e+01, 2.700026e+02
1.706761e+01, 2.700029e+02
1.577156e+01, 2.700033e+02
1.440148e+01, 2.700039e+02
1.298190e+01, 2.700046e+02
1.153493e+01, 2.700057e+02
1.008322e+01, 2.700071e+02
8.650020e+00, 2.700090e+02
7.255408e+00, 2.700117e+02
5.916166e+00, 2.700155e+02
4.652366e+00, 2.700213e+02
3.476524e+00, 2.700305e+02
2.407958e+00, 2.700470e+02
1.442846e+00, 2.700830e+02
5.799324e-01, 2.702166e+02
1.897352e-01, 8.931164e+01
8.732473e-01, 8.984615e+01
1.474770e+00, 8.990748e+01
2.000378e+00, 8.993179e+01
2.464984e+00, 8.994554e+01
2.879855e+00, 8.995492e+01
3.243968e+00, 8.996215e+01
3.568436e+00, 8.996815e+01
3.853461e+00, 8.997332e+01
4.095745e+00, 8.997786e+01
4.289735e+00, 8.998187e+01
4.425514e+00, 8.998541e+01
4.486234e+00, 8.998854e+01
4.445199e+00, 8.999131e+01
4.268127e+00, 8.999382e+01
3.899130e+00, 8.999616e+01
3.325178e+00, 8.999864e+01
2.511036e+00, 9.000181e+01
1.476239e+00, 9.000793e+01
2.793174e-01, 9.005837e+01
9.738528e-01, 2.699822e+02
2.110630e+00, 2.699936e+02
2.950906e+00, 2.699983e+02
3.382791e+00, 2.700022e+02
3.359147e+00, 2.700068e+02
2.958469e+00, 2.700132e+02
2.349984e+00, 2.700229e+02
1.745024e+00, 2.700375e+02
1.342686e+00, 2.700538e+02
1.213493e+00, 2.700615e+02
1.335979e+00, 2.700548e+02
1.648786e+00, 2.700417e+02
2.063502e+00, 2.700302e+02
2.475653e+00, 2.700225e+02
2.802436e+00, 2.700180e+02
2.997540e+00, 2.700158e+02
3.034769e+00, 2.700159e+02
2.923245e+00, 2.700181e+02
2.690236e+00, 2.700228e+02
2.365010e+00, 2.700310e+02
1.997721e+00, 2.700438e+02
1.627107e+00, 2.700629e+02
1.285333e+00, 2.700903e+02
9.999948e-01, 2.701266e+02
7.872425e-01, 2.701680e+02
6.535384e-01, 2.702013e+02
5.942386e-01, 2.702086e+02
5.997195e-01, 2.701825e+02
6.586700e-01, 2.701345e+02
7.577634e-01, 2.700824e+02
8.845411e-01, 2.700367e+02
1.022575e+00, 2.700013e+02
1.155168e+00, 2.699762e+02
1.273647e+00, 2.699592e+02
1.372474e+00, 2.699491e+02
1.448199e+00, 2.699451e+02
1.500269e+00, 2.699469e+02
1.532218e+00, 2.699541e+02
1.551373e+00, 2.699662e+02
1.567317e+00, 2.699819e+02
1.590770e+00, 2.699998e+02
1.636581e+00, 2.700173e+02
1.714251e+00, 2.700317e+02
1.832875e+00, 2.700409e+02
1.992891e+00, 2.700445e+02
2.191193e+00, 2.700431e+02
2.419336e+00, 2.700382e+02
2.661606e+00, 2.700314e+02
2.898918e+00, 2.700241e+02
3.109943e+00, 2.700173e+02
3.272090e+00, 2.700118e+02
3.377073e+00, 2.700080e+02
3.417996e+00, 2.700062e+02
3.396615e+00, 2.700067e+02
3.314785e+00, 2.700095e+02
3.179413e+00, 2.700147e+02
3.001955e+00, 2.700216e+02
2.792098e+00, 2.700296e+02
2.554860e+00, 2.700376e+02
2.284541e+00, 2.700446e+02
1.960382e+00, 2.700498e+02
1.548357e+00, 2.700542e+02
1.060974e+00, 2.700622e+02
5.710393e-01, 2.700866e+02
2.214334e-01, 2.701802e+02
1.772079e-01, 2.702305e+02
5.827936e-01, 2.700906e+02
1.530637e+00, 2.700478e+02
2.824586e+00, 2.700343e+02
3.783078e+00, 2.700315e+02
4.723901e+00, 2.700294e+02
6.308644e+00, 2.700245e+02
8.108610e+00, 2.700203e+02
9.896007e+00, 2.700172e+02
1.168353e+01, 2.700147e+02
1.341571e+01, 2.700128e+02
1.494525e+01, 2.700114e+02
1.607475e+01, 2.700103e+02
1.654886e+01, 2.700096e+02
1.613404e+01, 2.700093e+02
1.469756e+01, 2.700093e+02
1.216900e+01, 2.700100e+02
8.469047e+00, 2.700124e+02
3.426437e+00, 2.700259e+02
3.041060e+00, 8.997536e+01
1.097624e+01, 8.999411e+01
2.000791e+01, 8.999709e+01
2.983766e+01, 8.999811e+01
3.994489e+01, 8.999854e+01
4.976666e+01, 8.999873e+01
5.859683e+01, 8.999880e+01
6.565237e+01, 8.999880e+01
7.051084e+01, 8.999878e+01
7.296383e+01, 8.999875e+01
7.296579e+01, 8.999872e+01
7.070628e+01, 8.999871e+01
6.634845e+01, 8.999873e+01
6.065508e+01, 8.999879e+01
5.423970e+01, 8.999889e+01
4.757753e+01, 8.999905e+01
4.102669e+01, 8.999928e+01
3.480925e+01, 8.999961e+01
2.910846e+01, 9.000006e+01
2.403556e+01, 9.000066e+01
1.957661e+01, 9.000146e+01
1.573813e+01, 9.000250e+01
1.248877e+01, 9.000386e+01
9.774082e+00, 9.000562e+01
7.507098e+00, 9.000795e+01
5.636771e+00, 9.001106e+01
4.095227e+00, 9.001545e+01
2.821786e+00, 9.002218e+01
1.776619e+00, 9.003403e+01
9.314426e-01, 9.006118e+01
2.563700e-01, 9.020411e+01
2.860976e-01, 2.698366e+02
7.314200e-01, 2.699445e+02
1.098773e+00, 2.699691e+02
1.400884e+00, 2.699806e+02
1.658222e+00, 2.699878e+02
1.880395e+00, 2.699928e+02
2.073628e+00, 2.699966e+02
2.248374e+00, 2.699995e+02
2.411293e+00, 2.700018e+02
2.566827e+00, 2.700036e+02
2.718394e+00, 2.700050e+02
2.868344e+00, 2.700060e+02
3.018252e+00, 2.700066e+02
3.168989e+00, 2.700070e+02
3.320135e+00, 2.700072e+02
3.469829e+00, 2.700073e+02
3.614255e+00, 2.700072e+02
3.745331e+00, 2.700072e+02
3.850901e+00, 2.700073e+02
3.919320e+00, 2.700075e+02
3.931372e+00, 2.700080e+02
3.858447e+00, 2.700089e+02
3.674124e+00, 2.700105e+02
3.343188e+00, 2.700133e+02
2.810642e+00, 2.700186e+02
2.001548e+00, 2.700314e+02
8.504714e-01, 2.700896e+02
7.922703e-01, 8.988256e+01
3.145560e+00, 8.996396e+01
6.662493e+00, 8.997940e+01
1.214530e+01, 8.998651e+01
2.098853e+01, 8.999088e+01
3.555049e+01, 8.999391e+01
5.973032e+01, 8.999607e+01
1.000000e+02, 8.999762e+01
##END
