##TITLE= Pf1-t40-h1137-205R4
##JCAMP-DX= 5.00 Bruker JCAMP library
##DATA TYPE= Shape Data
##ORIGIN= Bruker BioSpin GmbH
##OWNER= <Alexej Jerschow>
##DATE= 2009/02/26
##TIME= 15:19:23
##$SHAPE_PARAMETERS= 
##MINX= 3.468694e-03
##MAXX= 1.000000e+02
##MINY= 8.609827e+01
##MAXY= 2.721257e+02
##$SHAPE_EXMODE= 
##$SHAPE_TOTROT= 
##$SHAPE_TYPE= 
##$SHAPE_USER_DEF= 
##$SHAPE_REPHFAC= 
##$SHAPE_BWFAC= 
##$SHAPE_BWFAC50= 
##$SHAPE_INTEGFAC= 
##$SHAPE_MODE= 
##NPOINTS= 1000
##XYPOINTS= (XY..XY)
9.410349e-03, 8.964758e+01
9.739993e-03, 8.966082e+01
1.007545e-02, 8.967364e+01
1.041655e-02, 8.968606e+01
1.076313e-02, 8.969808e+01
1.111502e-02, 8.970972e+01
1.147202e-02, 8.972100e+01
1.183397e-02, 8.973192e+01
1.220081e-02, 8.974244e+01
1.257216e-02, 8.975265e+01
1.294782e-02, 8.976254e+01
1.332760e-02, 8.977213e+01
1.371128e-02, 8.978144e+01
1.409867e-02, 8.979047e+01
1.448953e-02, 8.979924e+01
1.488361e-02, 8.980770e+01
1.528068e-02, 8.981592e+01
1.568052e-02, 8.982390e+01
1.608290e-02, 8.983167e+01
1.648759e-02, 8.983921e+01
1.689435e-02, 8.984655e+01
1.730294e-02, 8.985370e+01
1.771287e-02, 8.986060e+01
1.812409e-02, 8.986733e+01
1.853636e-02, 8.987387e+01
1.894942e-02, 8.988025e+01
1.936303e-02, 8.988647e+01
1.977691e-02, 8.989253e+01
2.019082e-02, 8.989844e+01
2.060405e-02, 8.990416e+01
2.101674e-02, 8.990975e+01
2.142861e-02, 8.991520e+01
2.183941e-02, 8.992053e+01
2.224887e-02, 8.992572e+01
2.265672e-02, 8.993080e+01
2.306266e-02, 8.993576e+01
2.346583e-02, 8.994058e+01
2.386653e-02, 8.994529e+01
2.426448e-02, 8.994990e+01
2.465942e-02, 8.995440e+01
2.505107e-02, 8.995881e+01
2.543915e-02, 8.996312e+01
2.582336e-02, 8.996734e+01
2.620269e-02, 8.997145e+01
2.657758e-02, 8.997548e+01
2.694778e-02, 8.997942e+01
2.731301e-02, 8.998328e+01
2.767301e-02, 8.998707e+01
2.802749e-02, 8.999077e+01
2.837616e-02, 8.999441e+01
2.871786e-02, 8.999796e+01
2.905322e-02, 9.000144e+01
2.938197e-02, 9.000485e+01
2.970386e-02, 9.000820e+01
3.001863e-02, 9.001148e+01
3.032602e-02, 9.001471e+01
3.062572e-02, 9.001787e+01
3.091651e-02, 9.002097e+01
3.119915e-02, 9.002401e+01
3.147338e-02, 9.002700e+01
3.173898e-02, 9.002993e+01
3.199570e-02, 9.003281e+01
3.224333e-02, 9.003564e+01
3.248154e-02, 9.003842e+01
3.270908e-02, 9.004115e+01
3.292682e-02, 9.004383e+01
3.313456e-02, 9.004647e+01
3.333207e-02, 9.004907e+01
3.351916e-02, 9.005162e+01
3.369563e-02, 9.005412e+01
3.386119e-02, 9.005659e+01
3.401458e-02, 9.005902e+01
3.415677e-02, 9.006141e+01
3.428759e-02, 9.006376e+01
3.440686e-02, 9.006607e+01
3.451441e-02, 9.006835e+01
3.461010e-02, 9.007059e+01
3.469367e-02, 9.007280e+01
3.476390e-02, 9.007498e+01
3.482181e-02, 9.007713e+01
3.486730e-02, 9.007924e+01
3.490022e-02, 9.008133e+01
3.492047e-02, 9.008338e+01
3.492793e-02, 9.008540e+01
3.492240e-02, 9.008740e+01
3.490273e-02, 9.008938e+01
3.487001e-02, 9.009133e+01
3.482415e-02, 9.009325e+01
3.476508e-02, 9.009515e+01
3.469275e-02, 9.009702e+01
3.460709e-02, 9.009886e+01
3.450796e-02, 9.010069e+01
3.439433e-02, 9.010250e+01
3.426728e-02, 9.010430e+01
3.412680e-02, 9.010607e+01
3.397287e-02, 9.010782e+01
3.380550e-02, 9.010955e+01
3.362469e-02, 9.011125e+01
3.343035e-02, 9.011294e+01
3.322160e-02, 9.011464e+01
3.299951e-02, 9.011631e+01
3.276412e-02, 9.011797e+01
3.251549e-02, 9.011961e+01
3.225368e-02, 9.012124e+01
3.197875e-02, 9.012285e+01
3.169069e-02, 9.012445e+01
3.138879e-02, 9.012606e+01
3.107409e-02, 9.012766e+01
3.074668e-02, 9.012926e+01
3.040667e-02, 9.013084e+01
3.005421e-02, 9.013241e+01
2.968941e-02, 9.013397e+01
2.931232e-02, 9.013553e+01
2.892249e-02, 9.013711e+01
2.852082e-02, 9.013870e+01
2.810749e-02, 9.014027e+01
2.768268e-02, 9.014185e+01
2.724658e-02, 9.014343e+01
2.679938e-02, 9.014501e+01
2.634122e-02, 9.014660e+01
2.587185e-02, 9.014823e+01
2.539208e-02, 9.014988e+01
2.490215e-02, 9.015153e+01
2.440229e-02, 9.015320e+01
2.389275e-02, 9.015488e+01
9.111003e-02, 9.013630e+01
1.005326e-01, 9.013615e+01
1.003229e-01, 9.013662e+01
1.001249e-01, 9.013700e+01
9.993881e-02, 9.013731e+01
9.976500e-02, 9.013752e+01
9.960526e-02, 9.013765e+01
9.945912e-02, 9.013770e+01
9.932620e-02, 9.013765e+01
9.920805e-02, 9.013752e+01
9.910341e-02, 9.013729e+01
9.901337e-02, 9.013697e+01
9.893854e-02, 9.013656e+01
9.887776e-02, 9.013605e+01
9.883120e-02, 9.013544e+01
9.879929e-02, 9.013474e+01
9.878390e-02, 9.013394e+01
9.878485e-02, 9.013304e+01
9.880056e-02, 9.013205e+01
9.883112e-02, 9.013095e+01
9.887666e-02, 9.012976e+01
9.893730e-02, 9.012846e+01
9.901484e-02, 9.012707e+01
9.910928e-02, 9.012559e+01
9.921885e-02, 9.012400e+01
9.934357e-02, 9.012231e+01
9.948352e-02, 9.012052e+01
9.963951e-02, 9.011864e+01
9.981106e-02, 9.011667e+01
9.999791e-02, 9.011459e+01
1.002013e-01, 9.011243e+01
1.004196e-01, 9.011017e+01
1.006532e-01, 9.010782e+01
1.009020e-01, 9.010538e+01
1.011652e-01, 9.010285e+01
1.014429e-01, 9.010023e+01
1.017350e-01, 9.009753e+01
1.020429e-01, 9.009474e+01
1.023650e-01, 9.009188e+01
1.027007e-01, 9.008893e+01
1.030497e-01, 9.008591e+01
1.034119e-01, 9.008281e+01
1.037869e-01, 9.007964e+01
1.041751e-01, 9.007639e+01
1.045767e-01, 9.007308e+01
1.049902e-01, 9.006970e+01
1.054153e-01, 9.006626e+01
1.058517e-01, 9.006275e+01
1.062989e-01, 9.005919e+01
1.067565e-01, 9.005557e+01
1.072244e-01, 9.005189e+01
1.077029e-01, 9.004816e+01
1.081908e-01, 9.004438e+01
1.086871e-01, 9.004055e+01
1.091914e-01, 9.003668e+01
1.097036e-01, 9.003277e+01
1.102231e-01, 9.002881e+01
1.107497e-01, 9.002482e+01
1.112830e-01, 9.002079e+01
1.118213e-01, 9.001672e+01
1.123647e-01, 9.001263e+01
1.129128e-01, 9.000850e+01
1.134650e-01, 9.000435e+01
1.140205e-01, 9.000018e+01
1.145778e-01, 8.999598e+01
1.151374e-01, 8.999175e+01
1.156986e-01, 8.998750e+01
1.162607e-01, 8.998324e+01
1.168230e-01, 8.997897e+01
1.173837e-01, 8.997468e+01
1.179427e-01, 8.997037e+01
1.184999e-01, 8.996606e+01
1.190545e-01, 8.996173e+01
1.196058e-01, 8.995739e+01
1.201520e-01, 8.995305e+01
1.206923e-01, 8.994870e+01
1.212272e-01, 8.994435e+01
1.217560e-01, 8.993999e+01
1.222778e-01, 8.993564e+01
1.227904e-01, 8.993128e+01
1.232924e-01, 8.992691e+01
1.237852e-01, 8.992254e+01
1.242678e-01, 8.991818e+01
1.247397e-01, 8.991383e+01
1.251995e-01, 8.990948e+01
1.256441e-01, 8.990512e+01
1.260740e-01, 8.990077e+01
1.264899e-01, 8.989642e+01
1.268908e-01, 8.989208e+01
1.272757e-01, 8.988774e+01
1.276418e-01, 8.988341e+01
1.279897e-01, 8.987908e+01
1.283191e-01, 8.987476e+01
1.286279e-01, 8.987045e+01
1.289167e-01, 8.986614e+01
1.291831e-01, 8.986183e+01
1.294263e-01, 8.985753e+01
1.296474e-01, 8.985323e+01
1.298456e-01, 8.984895e+01
1.300196e-01, 8.984468e+01
1.301656e-01, 8.984040e+01
1.302836e-01, 8.983612e+01
1.303755e-01, 8.983185e+01
1.304407e-01, 8.982759e+01
1.304785e-01, 8.982333e+01
1.304874e-01, 8.981909e+01
1.304634e-01, 8.981483e+01
1.304070e-01, 8.981058e+01
1.303203e-01, 8.980633e+01
1.302026e-01, 8.980209e+01
1.300528e-01, 8.979785e+01
1.298681e-01, 8.979360e+01
1.296494e-01, 8.978936e+01
1.293965e-01, 8.978512e+01
1.291069e-01, 8.978087e+01
1.287823e-01, 8.977662e+01
1.284205e-01, 8.977237e+01
1.280212e-01, 8.976811e+01
1.275859e-01, 8.976385e+01
1.271142e-01, 8.975959e+01
1.266046e-01, 8.975533e+01
1.260530e-01, 8.975105e+01
1.254610e-01, 8.974675e+01
1.248311e-01, 8.974246e+01
1.241629e-01, 8.973815e+01
1.574870e-01, 9.003817e+01
1.733140e-01, 9.014238e+01
1.728323e-01, 9.014345e+01
1.716451e-01, 9.014069e+01
1.704153e-01, 9.013790e+01
1.691425e-01, 9.013506e+01
1.678256e-01, 9.013218e+01
1.664622e-01, 9.012925e+01
1.650539e-01, 9.012628e+01
1.636000e-01, 9.012325e+01
1.620979e-01, 9.012016e+01
1.605511e-01, 9.011703e+01
1.589575e-01, 9.011384e+01
1.573175e-01, 9.011060e+01
1.556329e-01, 9.010731e+01
1.539037e-01, 9.010397e+01
1.521285e-01, 9.010058e+01
1.503030e-01, 9.009710e+01
1.484299e-01, 9.009354e+01
1.465125e-01, 9.008991e+01
1.445507e-01, 9.008622e+01
1.425448e-01, 9.008244e+01
1.404939e-01, 9.007858e+01
1.383953e-01, 9.007462e+01
1.362496e-01, 9.007056e+01
1.340609e-01, 9.006639e+01
1.318291e-01, 9.006209e+01
1.295542e-01, 9.005766e+01
1.272356e-01, 9.005308e+01
1.248750e-01, 9.004836e+01
1.224725e-01, 9.004347e+01
1.200267e-01, 9.003841e+01
1.175413e-01, 9.003315e+01
1.150156e-01, 9.002767e+01
1.124507e-01, 9.002193e+01
1.098486e-01, 9.001594e+01
1.072102e-01, 9.000966e+01
1.045353e-01, 9.000307e+01
1.018223e-01, 8.999612e+01
9.907506e-02, 8.998878e+01
9.629559e-02, 8.998102e+01
9.348497e-02, 8.997279e+01
9.064418e-02, 8.996403e+01
8.777402e-02, 8.995466e+01
8.487470e-02, 8.994463e+01
8.194734e-02, 8.993385e+01
7.899539e-02, 8.992223e+01
7.602022e-02, 8.990968e+01
7.302313e-02, 8.989605e+01
7.000555e-02, 8.988119e+01
6.696927e-02, 8.986492e+01
6.391546e-02, 8.984702e+01
6.084531e-02, 8.982723e+01
5.776183e-02, 8.980526e+01
5.466701e-02, 8.978072e+01
5.156269e-02, 8.975313e+01
4.845055e-02, 8.972190e+01
4.533243e-02, 8.968627e+01
4.221018e-02, 8.964526e+01
3.908674e-02, 8.959758e+01
3.596456e-02, 8.954154e+01
3.284498e-02, 8.947477e+01
1.854412e-01, 8.991470e+01
5.351595e-01, 8.997921e+01
6.306456e-01, 8.998550e+01
6.218379e-01, 8.998646e+01
6.104447e-01, 8.998733e+01
5.990672e-01, 8.998824e+01
5.877091e-01, 8.998917e+01
5.763741e-01, 8.999014e+01
5.650611e-01, 8.999115e+01
5.537705e-01, 8.999218e+01
5.425078e-01, 8.999326e+01
5.312753e-01, 8.999438e+01
5.200731e-01, 8.999553e+01
5.089005e-01, 8.999673e+01
4.977577e-01, 8.999798e+01
4.866445e-01, 8.999927e+01
4.755608e-01, 9.000062e+01
4.645101e-01, 9.000202e+01
4.534945e-01, 9.000348e+01
4.425121e-01, 9.000501e+01
4.315616e-01, 9.000659e+01
4.206412e-01, 9.000825e+01
4.097477e-01, 9.000999e+01
3.988829e-01, 9.001181e+01
3.880493e-01, 9.001372e+01
3.772453e-01, 9.001572e+01
3.664683e-01, 9.001782e+01
3.557168e-01, 9.002004e+01
3.449897e-01, 9.002237e+01
3.342842e-01, 9.002484e+01
3.235985e-01, 9.002746e+01
3.129329e-01, 9.003024e+01
3.022861e-01, 9.003320e+01
2.916555e-01, 9.003634e+01
2.810399e-01, 9.003970e+01
2.704365e-01, 9.004331e+01
2.598423e-01, 9.004718e+01
2.492557e-01, 9.005136e+01
2.386758e-01, 9.005589e+01
2.281011e-01, 9.006082e+01
2.175287e-01, 9.006619e+01
2.069558e-01, 9.007208e+01
1.963803e-01, 9.007857e+01
1.858003e-01, 9.008577e+01
1.752143e-01, 9.009380e+01
1.646198e-01, 9.010284e+01
1.540148e-01, 9.011308e+01
1.433976e-01, 9.012481e+01
1.327655e-01, 9.013837e+01
1.221171e-01, 9.015425e+01
1.114516e-01, 9.017313e+01
1.007662e-01, 9.019597e+01
9.005808e-02, 9.022419e+01
7.932501e-02, 9.025999e+01
6.856756e-02, 9.030700e+01
5.778554e-02, 9.037154e+01
4.697680e-02, 9.046577e+01
3.614115e-02, 9.061654e+01
2.527638e-02, 9.089707e+01
1.438114e-02, 9.160335e+01
3.468694e-03, 9.676945e+01
7.530538e-03, 2.668396e+02
1.385901e-02, 9.170985e+01
5.181459e-01, 9.003269e+01
9.577114e-01, 9.001124e+01
9.794867e-01, 9.001033e+01
9.487562e-01, 9.001071e+01
9.187981e-01, 9.001109e+01
8.895651e-01, 9.001146e+01
8.610581e-01, 9.001182e+01
8.333226e-01, 9.001218e+01
8.063943e-01, 9.001254e+01
7.802127e-01, 9.001288e+01
7.547833e-01, 9.001321e+01
7.301180e-01, 9.001352e+01
7.061752e-01, 9.001381e+01
6.829798e-01, 9.001408e+01
6.605098e-01, 9.001432e+01
6.387377e-01, 9.001454e+01
6.176560e-01, 9.001473e+01
5.972749e-01, 9.001489e+01
5.776237e-01, 9.001500e+01
5.586191e-01, 9.001507e+01
5.402271e-01, 9.001510e+01
5.224423e-01, 9.001507e+01
5.052422e-01, 9.001499e+01
4.886291e-01, 9.001486e+01
4.726142e-01, 9.001465e+01
4.571639e-01, 9.001438e+01
4.422010e-01, 9.001403e+01
4.277083e-01, 9.001361e+01
4.136913e-01, 9.001310e+01
4.001287e-01, 9.001250e+01
3.869685e-01, 9.001180e+01
3.741955e-01, 9.001101e+01
3.617952e-01, 9.001010e+01
3.497329e-01, 9.000908e+01
3.379887e-01, 9.000793e+01
3.265294e-01, 9.000666e+01
3.153142e-01, 9.000525e+01
3.043106e-01, 9.000368e+01
2.935020e-01, 9.000195e+01
2.828749e-01, 9.000005e+01
2.723851e-01, 8.999796e+01
2.620102e-01, 8.999566e+01
2.517205e-01, 8.999314e+01
2.414809e-01, 8.999037e+01
2.312657e-01, 8.998731e+01
2.210470e-01, 8.998393e+01
2.107982e-01, 8.998018e+01
2.004929e-01, 8.997600e+01
1.901065e-01, 8.997133e+01
1.796117e-01, 8.996607e+01
1.689774e-01, 8.996010e+01
1.581842e-01, 8.995325e+01
1.472056e-01, 8.994531e+01
1.360112e-01, 8.993596e+01
1.245837e-01, 8.992479e+01
1.128911e-01, 8.991115e+01
1.009210e-01, 8.989406e+01
8.865922e-02, 8.987197e+01
7.608748e-02, 8.984217e+01
6.317047e-02, 8.979953e+01
4.986130e-02, 8.973296e+01
4.571813e-02, 8.970812e+01
2.636651e-01, 9.000388e+01
7.258161e-01, 9.004282e+01
8.804888e-01, 9.004656e+01
8.584704e-01, 9.004584e+01
8.280204e-01, 9.004482e+01
7.990267e-01, 9.004370e+01
7.713792e-01, 9.004247e+01
7.450738e-01, 9.004113e+01
7.200961e-01, 9.003967e+01
6.963802e-01, 9.003809e+01
6.738251e-01, 9.003639e+01
6.524423e-01, 9.003456e+01
6.322453e-01, 9.003260e+01
6.131186e-01, 9.003050e+01
5.950484e-01, 9.002825e+01
5.779280e-01, 9.002587e+01
5.616792e-01, 9.002334e+01
5.462665e-01, 9.002066e+01
5.317047e-01, 9.001783e+01
5.179986e-01, 9.001485e+01
5.050193e-01, 9.001170e+01
4.927099e-01, 9.000840e+01
4.810063e-01, 9.000493e+01
4.698685e-01, 9.000129e+01
4.592973e-01, 8.999748e+01
4.492396e-01, 8.999349e+01
4.396270e-01, 8.998932e+01
4.303969e-01, 8.998495e+01
4.215286e-01, 8.998038e+01
4.129999e-01, 8.997559e+01
4.047515e-01, 8.997057e+01
3.967202e-01, 8.996531e+01
3.888772e-01, 8.995980e+01
3.811885e-01, 8.995401e+01
3.736143e-01, 8.994791e+01
3.661274e-01, 8.994147e+01
3.586752e-01, 8.993466e+01
3.512232e-01, 8.992744e+01
3.437421e-01, 8.991980e+01
3.361947e-01, 8.991165e+01
3.285425e-01, 8.990293e+01
3.207634e-01, 8.989358e+01
3.128287e-01, 8.988353e+01
3.047132e-01, 8.987270e+01
2.963887e-01, 8.986098e+01
2.878080e-01, 8.984819e+01
2.789526e-01, 8.983418e+01
2.698068e-01, 8.981878e+01
2.603531e-01, 8.980179e+01
2.505701e-01, 8.978292e+01
2.404321e-01, 8.976181e+01
2.299277e-01, 8.973806e+01
2.190516e-01, 8.971116e+01
2.077579e-01, 8.968033e+01
1.960365e-01, 8.964468e+01
1.838901e-01, 8.960304e+01
1.712926e-01, 8.955370e+01
1.582639e-01, 8.949452e+01
1.448011e-01, 8.942229e+01
1.309033e-01, 8.933224e+01
1.165573e-01, 8.921684e+01
1.056017e-01, 8.910450e+01
1.821034e-01, 8.955193e+01
5.604976e-01, 8.997871e+01
9.203978e-01, 9.006111e+01
9.616709e-01, 9.006925e+01
9.244434e-01, 9.006751e+01
8.873709e-01, 9.006542e+01
8.520464e-01, 9.006321e+01
8.183903e-01, 9.006087e+01
7.862731e-01, 9.005839e+01
7.556099e-01, 9.005580e+01
7.263130e-01, 9.005309e+01
6.982701e-01, 9.005028e+01
6.714900e-01, 9.004737e+01
6.458728e-01, 9.004437e+01
6.213234e-01, 9.004128e+01
5.978054e-01, 9.003811e+01
5.752062e-01, 9.003488e+01
5.534357e-01, 9.003158e+01
5.324189e-01, 9.002821e+01
5.121287e-01, 9.002478e+01
4.925635e-01, 9.002132e+01
4.735868e-01, 9.001781e+01
4.551103e-01, 9.001423e+01
4.370813e-01, 9.001058e+01
4.194648e-01, 9.000686e+01
4.022379e-01, 9.000308e+01
3.853234e-01, 8.999920e+01
3.686513e-01, 8.999521e+01
3.521697e-01, 8.999106e+01
3.358458e-01, 8.998674e+01
3.196403e-01, 8.998219e+01
3.034954e-01, 8.997735e+01
2.873661e-01, 8.997214e+01
2.712206e-01, 8.996647e+01
2.550321e-01, 8.996021e+01
2.387503e-01, 8.995320e+01
2.223329e-01, 8.994519e+01
2.057630e-01, 8.993590e+01
1.890256e-01, 8.992493e+01
1.720976e-01, 8.991168e+01
1.549232e-01, 8.989523e+01
1.374486e-01, 8.987413e+01
1.197022e-01, 8.984619e+01
1.016830e-01, 8.980755e+01
8.337102e-02, 8.975071e+01
6.474674e-02, 8.965919e+01
4.577123e-02, 8.948800e+01
2.645098e-02, 8.905858e+01
6.791238e-03, 8.609827e+01
1.325624e-02, 2.721257e+02
1.288663e-01, 8.978301e+01
1.059867e+00, 8.998350e+01
1.837907e+00, 8.999604e+01
1.852932e+00, 8.999703e+01
1.761034e+00, 8.999720e+01
1.673232e+00, 8.999744e+01
1.589326e+00, 8.999776e+01
1.509314e+00, 8.999815e+01
1.432571e+00, 8.999863e+01
1.358805e+00, 8.999919e+01
1.287875e+00, 8.999984e+01
1.219839e+00, 9.000059e+01
1.154718e+00, 9.000146e+01
1.091882e+00, 9.000245e+01
1.031115e+00, 9.000357e+01
9.723079e-01, 9.000482e+01
9.152753e-01, 9.000624e+01
8.598902e-01, 9.000783e+01
8.059614e-01, 9.000963e+01
7.533147e-01, 9.001166e+01
7.017000e-01, 9.001396e+01
6.509039e-01, 9.001658e+01
6.007775e-01, 9.001960e+01
5.511669e-01, 9.002312e+01
5.019280e-01, 9.002726e+01
4.528785e-01, 9.003222e+01
4.038042e-01, 9.003832e+01
3.545386e-01, 9.004604e+01
3.049293e-01, 9.005619e+01
2.548483e-01, 9.007023e+01
2.041410e-01, 9.009121e+01
1.526565e-01, 9.012641e+01
1.001522e-01, 9.019891e+01
4.638424e-02, 9.044153e+01
8.625226e-03, 2.675673e+02
6.499413e-02, 2.696706e+02
1.228757e-01, 2.698228e+02
1.823784e-01, 2.698790e+02
2.437680e-01, 2.699086e+02
3.072402e-01, 2.699271e+02
3.729572e-01, 2.699399e+02
4.408781e-01, 2.699493e+02
5.110885e-01, 2.699566e+02
5.838403e-01, 2.699624e+02
6.591919e-01, 2.699673e+02
7.371329e-01, 2.699714e+02
8.180523e-01, 2.699750e+02
9.020915e-01, 2.699782e+02
9.892897e-01, 2.699811e+02
1.059416e+00, 2.699834e+02
2.871402e-01, 2.699523e+02
3.177420e+00, 9.000060e+01
5.760003e+00, 8.999918e+01
5.632834e+00, 8.999971e+01
5.185400e+00, 9.000038e+01
4.764300e+00, 9.000103e+01
4.369781e+00, 9.000166e+01
4.000742e+00, 9.000225e+01
3.655803e+00, 9.000282e+01
3.335506e+00, 9.000335e+01
3.039887e+00, 9.000383e+01
2.766399e+00, 9.000426e+01
2.512088e+00, 9.000464e+01
2.276539e+00, 9.000498e+01
2.060280e+00, 9.000526e+01
1.861832e+00, 9.000547e+01
1.678727e+00, 9.000564e+01
1.510808e+00, 9.000576e+01
1.356311e+00, 9.000584e+01
1.214296e+00, 9.000592e+01
1.083721e+00, 9.000603e+01
9.622175e-01, 9.000621e+01
8.486252e-01, 9.000655e+01
7.420369e-01, 9.000716e+01
6.422782e-01, 9.000828e+01
5.472962e-01, 9.001026e+01
4.549023e-01, 9.001360e+01
3.640758e-01, 9.001938e+01
2.737025e-01, 9.003020e+01
1.824881e-01, 9.005395e+01
8.886747e-02, 9.013362e+01
9.064337e-03, 2.684085e+02
1.125481e-01, 2.698448e+02
2.227070e-01, 2.699056e+02
3.408494e-01, 2.699263e+02
4.688829e-01, 2.699365e+02
6.082294e-01, 2.699423e+02
7.603786e-01, 2.699461e+02
9.281326e-01, 2.699487e+02
1.112528e+00, 2.699506e+02
1.315202e+00, 2.699520e+02
1.538362e+00, 2.699532e+02
1.783162e+00, 2.699542e+02
2.050647e+00, 2.699551e+02
2.342518e+00, 2.699559e+02
2.663613e+00, 2.699567e+02
3.017335e+00, 2.699575e+02
3.403251e+00, 2.699583e+02
3.822967e+00, 2.699590e+02
4.277474e+00, 2.699597e+02
2.099347e+00, 2.699245e+02
1.579129e+01, 8.999693e+01
2.629708e+01, 8.999149e+01
1.939972e+01, 8.998909e+01
1.208385e+01, 8.998576e+01
6.949948e+00, 8.998024e+01
3.521037e+00, 8.996932e+01
1.201671e+00, 8.993089e+01
3.539473e-01, 2.701743e+02
1.314588e+00, 2.700332e+02
1.873661e+00, 2.700152e+02
2.154806e+00, 2.700073e+02
2.241447e+00, 2.700021e+02
2.190997e+00, 2.699980e+02
2.034531e+00, 2.699942e+02
1.807662e+00, 2.699902e+02
1.537304e+00, 2.699856e+02
1.243681e+00, 2.699796e+02
9.423720e-01, 2.699707e+02
6.425933e-01, 2.699551e+02
3.517662e-01, 2.699167e+02
7.557453e-02, 2.696160e+02
1.795204e-01, 9.015639e+01
4.104564e-01, 9.006475e+01
6.172638e-01, 9.003996e+01
8.007079e-01, 9.002803e+01
9.612055e-01, 9.002079e+01
1.098148e+00, 9.001579e+01
1.212504e+00, 9.001203e+01
1.306884e+00, 9.000901e+01
1.382011e+00, 9.000649e+01
1.439786e+00, 9.000430e+01
1.482209e+00, 9.000235e+01
1.511519e+00, 9.000058e+01
1.530492e+00, 8.999894e+01
1.540340e+00, 8.999740e+01
1.541961e+00, 8.999596e+01
1.536067e+00, 8.999462e+01
1.524594e+00, 8.999335e+01
1.509059e+00, 8.999216e+01
1.490483e+00, 8.999104e+01
1.469451e+00, 8.998999e+01
1.446378e+00, 8.998903e+01
1.421923e+00, 8.998817e+01
1.396692e+00, 8.998740e+01
1.371002e+00, 8.998673e+01
1.345043e+00, 8.998617e+01
1.319030e+00, 8.998573e+01
1.293193e+00, 8.998541e+01
1.267594e+00, 8.998521e+01
1.242208e+00, 8.998515e+01
1.217185e+00, 8.998523e+01
1.192545e+00, 8.998543e+01
1.168243e+00, 8.998576e+01
1.144324e+00, 8.998622e+01
1.120788e+00, 8.998680e+01
1.097636e+00, 8.998749e+01
1.074883e+00, 8.998827e+01
1.052591e+00, 8.998915e+01
1.030817e+00, 8.999010e+01
1.009560e+00, 8.999111e+01
9.888338e-01, 8.999215e+01
9.686824e-01, 8.999321e+01
9.492476e-01, 8.999426e+01
9.307220e-01, 8.999527e+01
9.131323e-01, 8.999622e+01
8.964673e-01, 8.999708e+01
8.807996e-01, 8.999784e+01
8.662853e-01, 8.999849e+01
8.530739e-01, 8.999897e+01
8.412308e-01, 8.999928e+01
8.308196e-01, 8.999940e+01
8.220906e-01, 8.999931e+01
8.150521e-01, 8.999901e+01
8.097366e-01, 8.999851e+01
8.062183e-01, 8.999781e+01
8.044980e-01, 8.999693e+01
8.047279e-01, 8.999588e+01
8.069685e-01, 8.999468e+01
8.113297e-01, 8.999336e+01
8.177771e-01, 8.999193e+01
8.262152e-01, 8.999045e+01
8.366922e-01, 8.998895e+01
8.490771e-01, 8.998746e+01
8.633030e-01, 8.998600e+01
8.793375e-01, 8.998461e+01
8.972135e-01, 8.998331e+01
9.166612e-01, 8.998212e+01
9.374293e-01, 8.998105e+01
9.593695e-01, 8.998011e+01
9.822945e-01, 8.997931e+01
1.005935e+00, 8.997865e+01
1.029990e+00, 8.997813e+01
1.054167e+00, 8.997775e+01
1.078133e+00, 8.997749e+01
1.101503e+00, 8.997736e+01
1.123882e+00, 8.997734e+01
1.144932e+00, 8.997741e+01
1.164309e+00, 8.997757e+01
1.181636e+00, 8.997781e+01
1.196049e+00, 8.997812e+01
1.207415e+00, 8.997850e+01
1.215767e+00, 8.997892e+01
1.220686e+00, 8.997937e+01
1.221438e+00, 8.997986e+01
1.217647e+00, 8.998037e+01
1.209352e+00, 8.998089e+01
1.196327e+00, 8.998142e+01
1.178655e+00, 8.998196e+01
1.156297e+00, 8.998250e+01
1.129249e+00, 8.998303e+01
1.097453e+00, 8.998356e+01
1.061352e+00, 8.998407e+01
1.021270e+00, 8.998458e+01
9.773192e-01, 8.998507e+01
9.303262e-01, 8.998555e+01
8.808635e-01, 8.998603e+01
8.296306e-01, 8.998651e+01
7.773844e-01, 8.998700e+01
7.248907e-01, 8.998750e+01
6.729046e-01, 8.998803e+01
6.226940e-01, 8.998859e+01
5.754246e-01, 8.998920e+01
5.316858e-01, 8.998989e+01
4.921637e-01, 8.999069e+01
4.578798e-01, 8.999160e+01
4.300277e-01, 8.999264e+01
4.097710e-01, 8.999381e+01
3.979076e-01, 8.999505e+01
3.945123e-01, 8.999631e+01
3.997346e-01, 8.999753e+01
4.144289e-01, 8.999861e+01
4.395094e-01, 8.999951e+01
4.740498e-01, 9.000019e+01
5.171702e-01, 9.000067e+01
5.693362e-01, 9.000096e+01
6.299049e-01, 9.000109e+01
6.981560e-01, 9.000109e+01
7.729883e-01, 9.000101e+01
8.531293e-01, 9.000086e+01
9.373667e-01, 9.000068e+01
1.024388e+00, 9.000048e+01
1.112839e+00, 9.000028e+01
1.200851e+00, 9.000008e+01
1.286683e+00, 8.999990e+01
1.368349e+00, 8.999974e+01
1.443994e+00, 8.999960e+01
1.511779e+00, 8.999949e+01
1.569926e+00, 8.999941e+01
1.615750e+00, 8.999937e+01
1.648293e+00, 8.999938e+01
1.667341e+00, 8.999942e+01
1.671667e+00, 8.999952e+01
1.658925e+00, 8.999970e+01
1.627782e+00, 8.999997e+01
1.578964e+00, 9.000034e+01
1.511404e+00, 9.000086e+01
1.425725e+00, 9.000156e+01
1.320689e+00, 9.000252e+01
1.196847e+00, 9.000383e+01
1.055598e+00, 9.000567e+01
8.977672e-01, 9.000835e+01
7.237879e-01, 9.001258e+01
5.324825e-01, 9.002023e+01
3.270867e-01, 9.003804e+01
1.093748e-01, 9.012873e+01
1.201740e-01, 2.698698e+02
3.611552e-01, 2.699527e+02
6.132735e-01, 2.699700e+02
8.758802e-01, 2.699777e+02
1.149350e+00, 2.699822e+02
1.433446e+00, 2.699853e+02
1.728458e+00, 2.699875e+02
2.034902e+00, 2.699894e+02
2.353457e+00, 2.699909e+02
2.684686e+00, 2.699922e+02
3.030305e+00, 2.699933e+02
3.394056e+00, 2.699944e+02
3.777637e+00, 2.699953e+02
4.185486e+00, 2.699962e+02
4.620274e+00, 2.699970e+02
5.084688e+00, 2.699978e+02
5.581214e+00, 2.699985e+02
6.113051e+00, 2.699991e+02
6.689804e+00, 2.699997e+02
7.311985e+00, 2.700002e+02
7.982080e+00, 2.700007e+02
8.704644e+00, 2.700011e+02
9.480900e+00, 2.700015e+02
1.031667e+01, 2.700018e+02
1.121536e+01, 2.700021e+02
1.217660e+01, 2.700023e+02
1.319310e+01, 2.700024e+02
1.426308e+01, 2.700025e+02
1.538666e+01, 2.700026e+02
1.655565e+01, 2.700026e+02
1.775378e+01, 2.700025e+02
1.896720e+01, 2.700024e+02
2.017925e+01, 2.700023e+02
2.136711e+01, 2.700021e+02
2.250125e+01, 2.700019e+02
2.355432e+01, 2.700017e+02
2.450265e+01, 2.700014e+02
2.530966e+01, 2.700012e+02
2.593951e+01, 2.700009e+02
2.633009e+01, 2.700006e+02
2.647326e+01, 2.700003e+02
2.635096e+01, 2.700000e+02
2.593781e+01, 2.699998e+02
2.523690e+01, 2.699995e+02
2.424204e+01, 2.699994e+02
2.295211e+01, 2.699993e+02
2.135883e+01, 2.699992e+02
1.954182e+01, 2.699993e+02
1.755249e+01, 2.699995e+02
1.543166e+01, 2.699999e+02
1.323744e+01, 2.700005e+02
1.103314e+01, 2.700014e+02
8.874293e+00, 2.700028e+02
6.820741e+00, 2.700051e+02
4.917308e+00, 2.700092e+02
3.211033e+00, 2.700173e+02
1.715055e+00, 2.700378e+02
4.162589e-01, 2.701744e+02
7.016163e-01, 8.988818e+01
1.653768e+00, 8.995074e+01
2.433029e+00, 8.996719e+01
3.094991e+00, 8.997621e+01
3.662349e+00, 8.998285e+01
4.146418e+00, 8.998849e+01
4.551757e+00, 8.999351e+01
4.862684e+00, 8.999810e+01
5.055821e+00, 9.000234e+01
5.068526e+00, 9.000643e+01
4.829493e+00, 9.001083e+01
4.241330e+00, 9.001661e+01
3.215892e+00, 9.002681e+01
1.734715e+00, 9.005666e+01
5.271559e-02, 2.680064e+02
1.861076e+00, 2.699440e+02
3.208941e+00, 2.699710e+02
3.771847e+00, 2.699803e+02
3.471767e+00, 2.699853e+02
2.665150e+00, 2.699892e+02
1.841507e+00, 2.699930e+02
1.396515e+00, 2.699961e+02
1.449366e+00, 2.699958e+02
1.940099e+00, 2.699930e+02
2.553758e+00, 2.699908e+02
3.059370e+00, 2.699895e+02
3.322427e+00, 2.699893e+02
3.294284e+00, 2.699901e+02
2.992762e+00, 2.699929e+02
2.503927e+00, 2.699988e+02
1.948666e+00, 2.700095e+02
1.430039e+00, 2.700272e+02
1.014355e+00, 2.700526e+02
7.462168e-01, 2.700766e+02
6.328948e-01, 2.700749e+02
6.471923e-01, 2.700375e+02
7.594807e-01, 2.699861e+02
9.418096e-01, 2.699418e+02
1.147000e+00, 2.699119e+02
1.336434e+00, 2.698943e+02
1.490862e+00, 2.698861e+02
1.601729e+00, 2.698859e+02
1.669184e+00, 2.698937e+02
1.704560e+00, 2.699092e+02
1.731805e+00, 2.699323e+02
1.786168e+00, 2.699581e+02
1.897313e+00, 2.699814e+02
2.083420e+00, 2.699973e+02
2.347877e+00, 2.700044e+02
2.680469e+00, 2.700038e+02
3.043712e+00, 2.699988e+02
3.380893e+00, 2.699924e+02
3.638848e+00, 2.699868e+02
3.786757e+00, 2.699831e+02
3.807977e+00, 2.699823e+02
3.704388e+00, 2.699849e+02
3.497303e+00, 2.699906e+02
3.211813e+00, 2.699982e+02
2.860654e+00, 2.700055e+02
2.435141e+00, 2.700090e+02
1.875051e+00, 2.700048e+02
1.177208e+00, 2.699870e+02
5.054811e-01, 2.699265e+02
1.862980e-01, 2.697605e+02
5.926124e-01, 2.699467e+02
2.108635e+00, 2.700002e+02
3.841432e+00, 2.700093e+02
5.475022e+00, 2.700122e+02
7.769015e+00, 2.700116e+02
1.045436e+01, 2.700100e+02
1.316464e+01, 2.700084e+02
1.573990e+01, 2.700071e+02
1.772029e+01, 2.700062e+02
1.856315e+01, 2.700056e+02
1.773110e+01, 2.700051e+02
1.478250e+01, 2.700049e+02
9.450652e+00, 2.700052e+02
1.531503e+00, 2.700176e+02
9.184943e+00, 8.999914e+01
2.256456e+01, 9.000022e+01
3.744808e+01, 9.000029e+01
5.247803e+01, 9.000021e+01
6.593616e+01, 9.000011e+01
7.615206e+01, 9.000003e+01
8.205114e+01, 8.999998e+01
8.322298e+01, 8.999998e+01
7.905456e+01, 9.000008e+01
7.140156e+01, 9.000029e+01
6.196369e+01, 9.000064e+01
5.196204e+01, 9.000118e+01
4.223393e+01, 9.000199e+01
3.342140e+01, 9.000315e+01
2.581607e+01, 9.000483e+01
1.955109e+01, 9.000718e+01
1.445705e+01, 9.001056e+01
1.039791e+01, 9.001548e+01
7.236483e+00, 9.002283e+01
4.806994e+00, 9.003447e+01
2.916904e+00, 9.005595e+01
1.464190e+00, 9.010789e+01
4.044798e-01, 9.037126e+01
3.890952e-01, 2.696386e+02
9.884014e-01, 2.698685e+02
1.455446e+00, 2.699184e+02
1.828983e+00, 2.699412e+02
2.135870e+00, 2.699547e+02
2.397282e+00, 2.699639e+02
2.629546e+00, 2.699704e+02
2.850795e+00, 2.699754e+02
3.067962e+00, 2.699793e+02
3.285194e+00, 2.699822e+02
3.504001e+00, 2.699844e+02
3.721394e+00, 2.699861e+02
3.927621e+00, 2.699874e+02
4.095291e+00, 2.699885e+02
4.194721e+00, 2.699895e+02
4.180214e+00, 2.699905e+02
3.972530e+00, 2.699916e+02
3.481478e+00, 2.699931e+02
2.586809e+00, 2.699961e+02
1.122072e+00, 2.700079e+02
1.308834e+00, 8.997336e+01
5.325197e+00, 8.998724e+01
1.261311e+01, 8.999145e+01
2.610980e+01, 8.999425e+01
5.163623e+01, 8.999636e+01
1.000000e+02, 8.999790e+01
##END
