##TITLE= Pf1-t20-h1484-205R4
##JCAMP-DX= 5.00 Bruker JCAMP library
##DATA TYPE= Shape Data
##ORIGIN= Bruker BioSpin GmbH
##OWNER= <Alexej Jerschow>
##DATE= 2009/02/26
##TIME= 15:17:32
##$SHAPE_PARAMETERS= 
##MINX= 1.322256e-03
##MAXX= 1.000000e+02
##MINY= 6.386276e+01
##MAXY= 2.793316e+02
##$SHAPE_EXMODE= 
##$SHAPE_TOTROT= 
##$SHAPE_TYPE= 
##$SHAPE_USER_DEF= 
##$SHAPE_REPHFAC= 
##$SHAPE_BWFAC= 
##$SHAPE_BWFAC50= 
##$SHAPE_INTEGFAC= 
##$SHAPE_MODE= 
##NPOINTS= 1000
##XYPOINTS= (XY..XY)
7.431223e-01, 9.018534e+01
7.322007e-01, 9.018774e+01
7.213173e-01, 9.019018e+01
7.104730e-01, 9.019265e+01
6.996685e-01, 9.019517e+01
6.889046e-01, 9.019773e+01
6.781821e-01, 9.020034e+01
6.675017e-01, 9.020298e+01
6.568640e-01, 9.020568e+01
6.462699e-01, 9.020842e+01
6.357225e-01, 9.021121e+01
6.252201e-01, 9.021406e+01
6.147633e-01, 9.021695e+01
6.043528e-01, 9.021990e+01
5.939892e-01, 9.022291e+01
5.836731e-01, 9.022597e+01
5.734051e-01, 9.022910e+01
5.631858e-01, 9.023228e+01
5.530157e-01, 9.023553e+01
5.428987e-01, 9.023885e+01
5.328321e-01, 9.024224e+01
5.228166e-01, 9.024570e+01
5.128525e-01, 9.024923e+01
5.029406e-01, 9.025284e+01
4.930812e-01, 9.025653e+01
4.832748e-01, 9.026031e+01
4.735219e-01, 9.026417e+01
4.638230e-01, 9.026813e+01
4.541821e-01, 9.027218e+01
4.445963e-01, 9.027634e+01
4.350659e-01, 9.028060e+01
4.255913e-01, 9.028497e+01
4.161730e-01, 9.028945e+01
4.068114e-01, 9.029405e+01
3.975068e-01, 9.029878e+01
3.882596e-01, 9.030364e+01
3.790702e-01, 9.030863e+01
3.699431e-01, 9.031379e+01
3.608748e-01, 9.031910e+01
3.518655e-01, 9.032457e+01
3.429155e-01, 9.033021e+01
3.340252e-01, 9.033604e+01
3.251949e-01, 9.034206e+01
3.164250e-01, 9.034830e+01
3.077158e-01, 9.035475e+01
2.990676e-01, 9.036144e+01
2.904850e-01, 9.036838e+01
2.819644e-01, 9.037560e+01
2.735057e-01, 9.038310e+01
2.651094e-01, 9.039092e+01
2.567756e-01, 9.039907e+01
2.485046e-01, 9.040758e+01
2.402968e-01, 9.041648e+01
2.321524e-01, 9.042581e+01
2.240717e-01, 9.043560e+01
2.160597e-01, 9.044590e+01
2.081122e-01, 9.045676e+01
2.002292e-01, 9.046822e+01
1.924111e-01, 9.048034e+01
1.846580e-01, 9.049321e+01
1.769702e-01, 9.050690e+01
1.693480e-01, 9.052151e+01
1.617916e-01, 9.053714e+01
1.543013e-01, 9.055393e+01
1.468822e-01, 9.057203e+01
1.395301e-01, 9.059162e+01
1.322448e-01, 9.061291e+01
1.250266e-01, 9.063617e+01
1.178758e-01, 9.066172e+01
1.107925e-01, 9.068995e+01
1.037770e-01, 9.072136e+01
9.682964e-02, 9.075656e+01
8.995052e-02, 9.079636e+01
8.314514e-02, 9.084176e+01
7.640900e-02, 9.089416e+01
6.974194e-02, 9.095542e+01
6.314422e-02, 9.102815e+01
5.661610e-02, 9.111609e+01
5.015785e-02, 9.122480e+01
4.376976e-02, 9.136295e+01
3.745217e-02, 9.154482e+01
3.120550e-02, 9.179570e+01
2.503577e-02, 9.216471e+01
1.893910e-02, 9.276336e+01
1.291748e-02, 9.390670e+01
6.980840e-03, 9.696664e+01
1.322256e-03, 1.279385e+02
4.834846e-03, 2.607307e+02
1.054038e-02, 2.659513e+02
1.619954e-02, 2.674907e+02
2.179169e-02, 2.682280e+02
2.730739e-02, 2.686610e+02
3.275033e-02, 2.689468e+02
3.812036e-02, 2.691502e+02
4.341700e-02, 2.693026e+02
4.863988e-02, 2.694215e+02
5.378866e-02, 2.695171e+02
5.886302e-02, 2.695959e+02
6.386269e-02, 2.696621e+02
6.878736e-02, 2.697188e+02
1.525863e+00, 9.002420e+01
1.489644e+00, 9.002389e+01
1.453889e+00, 9.002356e+01
1.418594e+00, 9.002320e+01
1.383753e+00, 9.002283e+01
1.349361e+00, 9.002244e+01
1.315414e+00, 9.002202e+01
1.281906e+00, 9.002157e+01
1.248831e+00, 9.002110e+01
1.216219e+00, 9.002061e+01
1.184033e+00, 9.002008e+01
1.152265e+00, 9.001951e+01
1.120909e+00, 9.001892e+01
1.089960e+00, 9.001828e+01
1.059412e+00, 9.001760e+01
1.029260e+00, 9.001688e+01
9.994984e-01, 9.001612e+01
9.701214e-01, 9.001530e+01
9.411528e-01, 9.001443e+01
9.125607e-01, 9.001350e+01
8.843354e-01, 9.001251e+01
8.564712e-01, 9.001144e+01
8.289627e-01, 9.001031e+01
8.018044e-01, 9.000909e+01
7.749899e-01, 9.000779e+01
7.485134e-01, 9.000639e+01
7.223690e-01, 9.000488e+01
6.965759e-01, 9.000326e+01
6.711057e-01, 9.000152e+01
6.459496e-01, 8.999963e+01
6.211026e-01, 8.999760e+01
5.965574e-01, 8.999539e+01
5.723078e-01, 8.999300e+01
5.483480e-01, 8.999040e+01
5.246719e-01, 8.998756e+01
5.012734e-01, 8.998446e+01
4.781678e-01, 8.998106e+01
4.553335e-01, 8.997732e+01
4.327582e-01, 8.997320e+01
4.104359e-01, 8.996864e+01
3.883605e-01, 8.996357e+01
3.665261e-01, 8.995791e+01
3.449266e-01, 8.995155e+01
3.235561e-01, 8.994437e+01
3.024127e-01, 8.993621e+01
2.815038e-01, 8.992686e+01
2.608081e-01, 8.991607e+01
2.403169e-01, 8.990348e+01
2.200242e-01, 8.988862e+01
1.999240e-01, 8.987084e+01
1.800106e-01, 8.984922e+01
1.602820e-01, 8.982239e+01
1.407306e-01, 8.978826e+01
1.213486e-01, 8.974343e+01
1.021429e-01, 8.968202e+01
8.309671e-02, 8.959288e+01
6.420200e-02, 8.945193e+01
4.545348e-02, 8.919587e+01
2.685032e-02, 8.858764e+01
8.401316e-03, 8.531763e+01
9.992041e-03, 2.740743e+02
2.819317e-02, 2.714922e+02
4.628893e-02, 2.709389e+02
6.426556e-02, 2.706982e+02
8.213515e-02, 2.705635e+02
9.990222e-02, 2.704775e+02
1.175683e-01, 2.704179e+02
1.351444e-01, 2.703742e+02
1.526358e-01, 2.703408e+02
1.700475e-01, 2.703144e+02
1.873849e-01, 2.702931e+02
2.046529e-01, 2.702755e+02
2.218505e-01, 2.702608e+02
2.389800e-01, 2.702484e+02
2.560556e-01, 2.702377e+02
2.730823e-01, 2.702284e+02
2.900648e-01, 2.702202e+02
3.070080e-01, 2.702130e+02
3.239165e-01, 2.702066e+02
3.407950e-01, 2.702009e+02
3.576388e-01, 2.701958e+02
3.744579e-01, 2.701912e+02
3.912602e-01, 2.701870e+02
4.080507e-01, 2.701832e+02
4.248337e-01, 2.701797e+02
4.416133e-01, 2.701765e+02
4.583937e-01, 2.701736e+02
4.751710e-01, 2.701708e+02
4.919532e-01, 2.701683e+02
5.087478e-01, 2.701660e+02
5.255588e-01, 2.701638e+02
5.423903e-01, 2.701618e+02
5.592457e-01, 2.701599e+02
5.761287e-01, 2.701582e+02
5.930367e-01, 2.701565e+02
6.099723e-01, 2.701550e+02
6.269452e-01, 2.701535e+02
6.439585e-01, 2.701522e+02
6.610153e-01, 2.701509e+02
2.108940e-01, 2.704884e+02
4.678740e+00, 8.997429e+01
5.114323e+00, 8.997622e+01
4.940991e+00, 8.997554e+01
4.771653e+00, 8.997480e+01
4.606275e+00, 8.997401e+01
4.444821e+00, 8.997316e+01
4.287347e+00, 8.997225e+01
4.133797e+00, 8.997127e+01
3.984346e+00, 8.997022e+01
3.838955e+00, 8.996911e+01
3.697264e+00, 8.996791e+01
3.559255e+00, 8.996664e+01
3.424945e+00, 8.996529e+01
3.294234e+00, 8.996384e+01
3.167017e+00, 8.996230e+01
3.043239e+00, 8.996066e+01
2.923058e+00, 8.995892e+01
2.806508e+00, 8.995707e+01
2.693398e+00, 8.995510e+01
2.583474e+00, 8.995300e+01
2.476674e+00, 8.995077e+01
2.372934e+00, 8.994840e+01
2.272192e+00, 8.994588e+01
2.174642e+00, 8.994320e+01
2.080071e+00, 8.994035e+01
1.988285e+00, 8.993731e+01
1.899398e+00, 8.993409e+01
1.813200e+00, 8.993065e+01
1.729597e+00, 8.992698e+01
1.648581e+00, 8.992307e+01
1.570086e+00, 8.991891e+01
1.494023e+00, 8.991445e+01
1.420211e+00, 8.990968e+01
1.348577e+00, 8.990456e+01
1.279109e+00, 8.989907e+01
1.211862e+00, 8.989317e+01
1.146580e+00, 8.988681e+01
1.083184e+00, 8.987993e+01
1.021660e+00, 8.987247e+01
9.618283e-01, 8.986435e+01
9.036522e-01, 8.985548e+01
8.470100e-01, 8.984574e+01
7.917832e-01, 8.983498e+01
7.378872e-01, 8.982300e+01
6.853272e-01, 8.980961e+01
6.340782e-01, 8.979453e+01
5.839480e-01, 8.977736e+01
5.347730e-01, 8.975754e+01
4.864653e-01, 8.973433e+01
4.389363e-01, 8.970672e+01
3.920998e-01, 8.967319e+01
3.459186e-01, 8.963153e+01
3.003305e-01, 8.957818e+01
2.551773e-01, 8.950694e+01
2.103283e-01, 8.940636e+01
1.656831e-01, 8.925277e+01
1.211655e-01, 8.898776e+01
7.670004e-02, 8.841733e+01
3.218897e-02, 8.626925e+01
1.275794e-02, 2.793316e+02
5.760763e-02, 2.720304e+02
1.029531e-01, 2.711195e+02
1.488056e-01, 2.707623e+02
1.952491e-01, 2.705710e+02
2.423873e-01, 2.704515e+02
2.903170e-01, 2.703695e+02
3.391452e-01, 2.703096e+02
3.889759e-01, 2.702637e+02
4.399022e-01, 2.702274e+02
4.920309e-01, 2.701979e+02
5.454655e-01, 2.701733e+02
6.004043e-01, 2.701526e+02
6.569013e-01, 2.701348e+02
7.150493e-01, 2.701194e+02
7.749965e-01, 2.701059e+02
8.367947e-01, 2.700939e+02
9.005471e-01, 2.700833e+02
9.663574e-01, 2.700737e+02
1.034332e+00, 2.700651e+02
1.104605e+00, 2.700574e+02
1.177438e+00, 2.700503e+02
1.252950e+00, 2.700438e+02
1.331084e+00, 2.700379e+02
1.411948e+00, 2.700325e+02
1.495672e+00, 2.700275e+02
1.582383e+00, 2.700230e+02
1.672167e+00, 2.700187e+02
1.765122e+00, 2.700149e+02
1.861506e+00, 2.700113e+02
1.961543e+00, 2.700079e+02
2.065246e+00, 2.700048e+02
2.172645e+00, 2.700020e+02
2.283806e+00, 2.699993e+02
2.398839e+00, 2.699969e+02
2.517858e+00, 2.699946e+02
2.641140e+00, 2.699925e+02
2.768801e+00, 2.699906e+02
2.900826e+00, 2.699888e+02
3.037592e+00, 2.699871e+02
1.220829e+00, 8.999809e+01
2.236325e+01, 8.998934e+01
2.620018e+01, 8.998807e+01
2.170225e+01, 8.998634e+01
1.764681e+01, 8.998427e+01
1.423675e+01, 8.998175e+01
1.137326e+01, 8.997862e+01
8.974331e+00, 8.997465e+01
7.004890e+00, 8.996960e+01
5.370281e+00, 8.996287e+01
4.007007e+00, 8.995340e+01
2.881697e+00, 8.993931e+01
1.944142e+00, 8.991573e+01
1.169548e+00, 8.986878e+01
5.358685e-01, 8.973170e+01
1.802811e-02, 8.250867e+01
4.029581e-01, 2.703130e+02
7.357035e-01, 2.701605e+02
9.909784e-01, 2.701116e+02
1.185760e+00, 2.700873e+02
1.328535e+00, 2.700729e+02
1.428818e+00, 2.700634e+02
1.492472e+00, 2.700567e+02
1.524584e+00, 2.700518e+02
1.529358e+00, 2.700482e+02
1.507789e+00, 2.700456e+02
1.465796e+00, 2.700437e+02
1.407671e+00, 2.700424e+02
1.336404e+00, 2.700416e+02
1.254132e+00, 2.700413e+02
1.162516e+00, 2.700414e+02
1.063328e+00, 2.700420e+02
9.582084e-01, 2.700433e+02
8.488683e-01, 2.700454e+02
7.366936e-01, 2.700485e+02
6.226489e-01, 2.700532e+02
5.077515e-01, 2.700604e+02
3.929669e-01, 2.700722e+02
2.790617e-01, 2.700940e+02
1.666986e-01, 2.701453e+02
5.645694e-02, 2.703960e+02
5.120343e-02, 8.959768e+01
1.558283e-01, 8.987840e+01
2.571495e-01, 8.993237e+01
3.547034e-01, 8.995511e+01
4.483672e-01, 8.996759e+01
5.379850e-01, 8.997544e+01
6.231522e-01, 8.998081e+01
7.040181e-01, 8.998473e+01
7.806817e-01, 8.998773e+01
8.531352e-01, 8.999009e+01
9.213952e-01, 8.999202e+01
9.854566e-01, 8.999364e+01
1.044904e+00, 8.999501e+01
1.099850e+00, 8.999621e+01
1.150896e+00, 8.999729e+01
1.198150e+00, 8.999827e+01
1.241713e+00, 8.999917e+01
1.281601e+00, 9.000002e+01
1.317940e+00, 9.000083e+01
1.350981e+00, 9.000162e+01
1.380645e+00, 9.000238e+01
1.407133e+00, 9.000313e+01
1.430682e+00, 9.000389e+01
1.451437e+00, 9.000464e+01
1.469598e+00, 9.000540e+01
1.485389e+00, 9.000618e+01
1.498943e+00, 9.000697e+01
1.510254e+00, 9.000777e+01
1.519473e+00, 9.000860e+01
1.526736e+00, 9.000946e+01
1.532185e+00, 9.001034e+01
1.536000e+00, 9.001126e+01
1.538346e+00, 9.001220e+01
1.539312e+00, 9.001318e+01
1.538863e+00, 9.001419e+01
1.537103e+00, 9.001524e+01
1.534270e+00, 9.001633e+01
1.530441e+00, 9.001746e+01
1.525690e+00, 9.001863e+01
1.520020e+00, 9.001985e+01
1.513460e+00, 9.002111e+01
1.506145e+00, 9.002243e+01
1.498105e+00, 9.002379e+01
1.489466e+00, 9.002520e+01
1.480267e+00, 9.002666e+01
1.470513e+00, 9.002818e+01
1.460243e+00, 9.002975e+01
1.449532e+00, 9.003137e+01
1.438394e+00, 9.003305e+01
1.426810e+00, 9.003480e+01
1.414876e+00, 9.003661e+01
1.402587e+00, 9.003849e+01
1.389982e+00, 9.004042e+01
1.377113e+00, 9.004243e+01
1.363996e+00, 9.004449e+01
1.350650e+00, 9.004663e+01
1.337022e+00, 9.004884e+01
1.323128e+00, 9.005114e+01
1.309050e+00, 9.005350e+01
1.294808e+00, 9.005595e+01
1.280417e+00, 9.005847e+01
1.265881e+00, 9.006107e+01
1.251188e+00, 9.006375e+01
1.236331e+00, 9.006652e+01
1.221362e+00, 9.006938e+01
1.206308e+00, 9.007232e+01
1.191178e+00, 9.007535e+01
1.175975e+00, 9.007847e+01
1.160697e+00, 9.008169e+01
1.145380e+00, 9.008500e+01
1.130033e+00, 9.008840e+01
1.114671e+00, 9.009189e+01
1.099318e+00, 9.009548e+01
1.083978e+00, 9.009916e+01
1.068665e+00, 9.010294e+01
1.053413e+00, 9.010681e+01
1.038240e+00, 9.011077e+01
1.023156e+00, 9.011483e+01
1.008172e+00, 9.011897e+01
9.933086e-01, 9.012321e+01
9.785872e-01, 9.012752e+01
9.640297e-01, 9.013192e+01
9.496524e-01, 9.013639e+01
9.354715e-01, 9.014094e+01
9.215173e-01, 9.014555e+01
9.078227e-01, 9.015022e+01
8.943873e-01, 9.015494e+01
8.812277e-01, 9.015971e+01
8.683603e-01, 9.016451e+01
8.558039e-01, 9.016935e+01
8.435856e-01, 9.017419e+01
8.317204e-01, 9.017904e+01
8.202461e-01, 9.018387e+01
8.091790e-01, 9.018869e+01
7.985281e-01, 9.019346e+01
7.883030e-01, 9.019818e+01
7.785314e-01, 9.020283e+01
7.692162e-01, 9.020739e+01
7.603631e-01, 9.021186e+01
7.520170e-01, 9.021620e+01
7.441805e-01, 9.022041e+01
7.368708e-01, 9.022445e+01
7.301341e-01, 9.022830e+01
7.239500e-01, 9.023196e+01
7.183060e-01, 9.023542e+01
7.132110e-01, 9.023866e+01
7.087122e-01, 9.024165e+01
7.048494e-01, 9.024436e+01
7.015801e-01, 9.024680e+01
6.988917e-01, 9.024896e+01
6.967888e-01, 9.025084e+01
6.953058e-01, 9.025242e+01
6.944638e-01, 9.025368e+01
6.942753e-01, 9.025461e+01
6.947335e-01, 9.025522e+01
6.957855e-01, 9.025553e+01
6.974293e-01, 9.025554e+01
6.996702e-01, 9.025525e+01
7.025323e-01, 9.025466e+01
7.059973e-01, 9.025378e+01
7.100670e-01, 9.025262e+01
7.147795e-01, 9.025119e+01
7.200440e-01, 9.024952e+01
7.258653e-01, 9.024762e+01
7.322459e-01, 9.024549e+01
7.391510e-01, 9.024318e+01
7.465518e-01, 9.024069e+01
7.544320e-01, 9.023805e+01
7.628173e-01, 9.023526e+01
7.716945e-01, 9.023234e+01
7.810303e-01, 9.022931e+01
7.907546e-01, 9.022620e+01
8.008439e-01, 9.022303e+01
8.112735e-01, 9.021981e+01
8.220238e-01, 9.021656e+01
8.330992e-01, 9.021328e+01
8.444423e-01, 9.020999e+01
8.560018e-01, 9.020672e+01
8.677535e-01, 9.020347e+01
8.796607e-01, 9.020025e+01
8.916856e-01, 9.019708e+01
9.037919e-01, 9.019395e+01
9.159346e-01, 9.019088e+01
9.280713e-01, 9.018789e+01
9.401605e-01, 9.018497e+01
9.521621e-01, 9.018213e+01
9.640304e-01, 9.017938e+01
9.757124e-01, 9.017672e+01
9.871646e-01, 9.017416e+01
9.983458e-01, 9.017170e+01
1.009195e+00, 9.016935e+01
1.019680e+00, 9.016711e+01
1.029747e+00, 9.016497e+01
1.039362e+00, 9.016294e+01
1.048491e+00, 9.016102e+01
1.057092e+00, 9.015920e+01
1.065094e+00, 9.015751e+01
1.072365e+00, 9.015595e+01
1.078943e+00, 9.015450e+01
1.084818e+00, 9.015317e+01
1.089956e+00, 9.015195e+01
1.094321e+00, 9.015085e+01
1.097866e+00, 9.014986e+01
1.100527e+00, 9.014898e+01
1.102228e+00, 9.014824e+01
1.102976e+00, 9.014763e+01
1.102754e+00, 9.014714e+01
1.101579e+00, 9.014677e+01
1.099405e+00, 9.014652e+01
1.096206e+00, 9.014639e+01
1.092001e+00, 9.014639e+01
1.086731e+00, 9.014652e+01
1.080420e+00, 9.014678e+01
1.073089e+00, 9.014717e+01
1.064656e+00, 9.014769e+01
1.055147e+00, 9.014837e+01
1.044650e+00, 9.014917e+01
1.033180e+00, 9.015012e+01
1.020719e+00, 9.015121e+01
1.007264e+00, 9.015246e+01
9.928762e-01, 9.015385e+01
9.776172e-01, 9.015540e+01
9.615363e-01, 9.015711e+01
9.446425e-01, 9.015898e+01
9.269810e-01, 9.016102e+01
9.086103e-01, 9.016324e+01
8.895714e-01, 9.016563e+01
8.699879e-01, 9.016820e+01
8.499220e-01, 9.017094e+01
8.294397e-01, 9.017386e+01
8.086097e-01, 9.017696e+01
7.875090e-01, 9.018023e+01
7.662177e-01, 9.018368e+01
7.448383e-01, 9.018731e+01
7.234633e-01, 9.019110e+01
7.021802e-01, 9.019503e+01
6.810926e-01, 9.019910e+01
6.603001e-01, 9.020326e+01
6.398812e-01, 9.020751e+01
6.199217e-01, 9.021181e+01
6.005777e-01, 9.021611e+01
5.819446e-01, 9.022037e+01
5.641705e-01, 9.022447e+01
5.472985e-01, 9.022839e+01
5.313870e-01, 9.023206e+01
5.165242e-01, 9.023539e+01
5.027970e-01, 9.023830e+01
4.904285e-01, 9.024061e+01
4.795100e-01, 9.024221e+01
4.700162e-01, 9.024306e+01
4.620669e-01, 9.024303e+01
4.557542e-01, 9.024205e+01
4.510839e-01, 9.024007e+01
4.481870e-01, 9.023700e+01
4.471942e-01, 9.023280e+01
4.481075e-01, 9.022752e+01
4.508622e-01, 9.022127e+01
4.554906e-01, 9.021412e+01
4.620587e-01, 9.020615e+01
4.707325e-01, 9.019743e+01
4.814672e-01, 9.018814e+01
4.941671e-01, 9.017846e+01
5.089133e-01, 9.016851e+01
5.255533e-01, 9.015847e+01
5.441098e-01, 9.014845e+01
5.645489e-01, 9.013856e+01
5.867595e-01, 9.012890e+01
6.106652e-01, 9.011956e+01
6.362685e-01, 9.011056e+01
6.636469e-01, 9.010194e+01
6.925386e-01, 9.009373e+01
7.228137e-01, 9.008597e+01
7.543339e-01, 9.007865e+01
7.869979e-01, 9.007177e+01
8.206987e-01, 9.006532e+01
8.553412e-01, 9.005927e+01
8.908561e-01, 9.005360e+01
9.270409e-01, 9.004830e+01
9.637356e-01, 9.004334e+01
1.000769e+00, 9.003871e+01
1.037992e+00, 9.003438e+01
1.075235e+00, 9.003032e+01
1.112328e+00, 9.002651e+01
1.149070e+00, 9.002295e+01
1.185291e+00, 9.001959e+01
1.220827e+00, 9.001644e+01
1.255430e+00, 9.001346e+01
1.288820e+00, 9.001064e+01
1.320900e+00, 9.000796e+01
1.351514e+00, 9.000542e+01
1.380399e+00, 9.000298e+01
1.407329e+00, 9.000065e+01
1.432141e+00, 8.999841e+01
1.454645e+00, 8.999623e+01
1.474763e+00, 8.999412e+01
1.492270e+00, 8.999205e+01
1.506965e+00, 8.999002e+01
1.518741e+00, 8.998802e+01
1.527173e+00, 8.998603e+01
1.532438e+00, 8.998404e+01
1.534525e+00, 8.998204e+01
1.533340e+00, 8.998002e+01
1.528797e+00, 8.997796e+01
1.520695e+00, 8.997586e+01
1.508721e+00, 8.997369e+01
1.492590e+00, 8.997143e+01
1.472804e+00, 8.996907e+01
1.449319e+00, 8.996658e+01
1.422052e+00, 8.996394e+01
1.390848e+00, 8.996113e+01
1.355727e+00, 8.995809e+01
1.316801e+00, 8.995479e+01
1.273797e+00, 8.995118e+01
1.226847e+00, 8.994717e+01
1.175883e+00, 8.994270e+01
1.121057e+00, 8.993764e+01
1.062558e+00, 8.993186e+01
1.000531e+00, 8.992519e+01
9.350583e-01, 8.991738e+01
8.660281e-01, 8.990805e+01
7.935175e-01, 8.989670e+01
7.177587e-01, 8.988258e+01
6.388961e-01, 8.986452e+01
5.570179e-01, 8.984054e+01
4.724136e-01, 8.980724e+01
3.851687e-01, 8.975779e+01
2.952346e-01, 8.967650e+01
2.027788e-01, 8.951808e+01
1.081073e-01, 8.907556e+01
1.143449e-02, 8.102984e+01
8.755084e-02, 2.711922e+02
1.884290e-01, 2.705658e+02
2.913587e-01, 2.703736e+02
3.961163e-01, 2.702805e+02
5.027020e-01, 2.702256e+02
6.109575e-01, 2.701894e+02
7.208601e-01, 2.701638e+02
8.324156e-01, 2.701447e+02
9.455823e-01, 2.701299e+02
1.060307e+00, 2.701181e+02
1.176629e+00, 2.701085e+02
1.294690e+00, 2.701006e+02
1.414325e+00, 2.700939e+02
1.535587e+00, 2.700881e+02
1.658477e+00, 2.700832e+02
1.783031e+00, 2.700789e+02
1.909318e+00, 2.700751e+02
2.037427e+00, 2.700717e+02
2.167668e+00, 2.700687e+02
2.300172e+00, 2.700660e+02
2.435111e+00, 2.700635e+02
2.572547e+00, 2.700612e+02
2.712693e+00, 2.700592e+02
2.855827e+00, 2.700573e+02
3.002290e+00, 2.700555e+02
3.152501e+00, 2.700538e+02
3.306630e+00, 2.700523e+02
3.464860e+00, 2.700508e+02
3.627631e+00, 2.700494e+02
3.795548e+00, 2.700481e+02
3.968712e+00, 2.700468e+02
4.147285e+00, 2.700456e+02
4.331743e+00, 2.700444e+02
4.522480e+00, 2.700433e+02
4.719606e+00, 2.700422e+02
4.923649e+00, 2.700411e+02
5.134879e+00, 2.700401e+02
5.353699e+00, 2.700391e+02
5.580692e+00, 2.700381e+02
5.815939e+00, 2.700371e+02
6.060372e+00, 2.700362e+02
6.314041e+00, 2.700353e+02
6.577021e+00, 2.700344e+02
6.849484e+00, 2.700335e+02
7.131707e+00, 2.700326e+02
7.423939e+00, 2.700318e+02
7.727185e+00, 2.700309e+02
8.042838e+00, 2.700301e+02
8.369051e+00, 2.700293e+02
8.705862e+00, 2.700285e+02
9.053250e+00, 2.700277e+02
9.411327e+00, 2.700269e+02
9.780204e+00, 2.700262e+02
1.015940e+01, 2.700255e+02
1.054909e+01, 2.700247e+02
1.094848e+01, 2.700240e+02
1.135714e+01, 2.700233e+02
1.177408e+01, 2.700227e+02
1.219857e+01, 2.700220e+02
1.262942e+01, 2.700213e+02
1.306551e+01, 2.700207e+02
1.350589e+01, 2.700201e+02
1.394906e+01, 2.700195e+02
1.439339e+01, 2.700189e+02
1.483702e+01, 2.700183e+02
1.527777e+01, 2.700178e+02
1.571374e+01, 2.700172e+02
1.614281e+01, 2.700167e+02
1.656202e+01, 2.700162e+02
1.696825e+01, 2.700157e+02
1.735946e+01, 2.700152e+02
1.773309e+01, 2.700147e+02
1.808636e+01, 2.700143e+02
1.841567e+01, 2.700138e+02
1.871554e+01, 2.700134e+02
1.898381e+01, 2.700130e+02
1.921655e+01, 2.700127e+02
1.941283e+01, 2.700123e+02
1.956983e+01, 2.700120e+02
1.968390e+01, 2.700117e+02
1.975117e+01, 2.700115e+02
1.977009e+01, 2.700112e+02
1.973783e+01, 2.700110e+02
1.964596e+01, 2.700109e+02
1.950033e+01, 2.700108e+02
1.929832e+01, 2.700107e+02
1.903864e+01, 2.700107e+02
1.872286e+01, 2.700107e+02
1.835186e+01, 2.700107e+02
1.792642e+01, 2.700109e+02
1.744362e+01, 2.700111e+02
1.690482e+01, 2.700114e+02
1.631338e+01, 2.700117e+02
1.567720e+01, 2.700122e+02
1.499980e+01, 2.700128e+02
1.428515e+01, 2.700134e+02
1.353674e+01, 2.700143e+02
1.275765e+01, 2.700153e+02
1.195540e+01, 2.700165e+02
1.113678e+01, 2.700179e+02
1.030707e+01, 2.700196e+02
9.472057e+00, 2.700217e+02
8.638030e+00, 2.700242e+02
7.810755e+00, 2.700272e+02
6.996127e+00, 2.700309e+02
6.199508e+00, 2.700356e+02
5.424780e+00, 2.700414e+02
4.676416e+00, 2.700490e+02
3.958825e+00, 2.700590e+02
3.275119e+00, 2.700727e+02
2.628649e+00, 2.700923e+02
2.019350e+00, 2.701223e+02
1.449993e+00, 2.701733e+02
9.191812e-01, 2.702778e+02
4.266511e-01, 2.706071e+02
3.038123e-02, 8.133159e+01
4.527765e-01, 8.941425e+01
8.435059e-01, 8.968287e+01
1.203766e+00, 8.977645e+01
1.531251e+00, 8.982383e+01
1.834292e+00, 8.985305e+01
2.115720e+00, 8.987310e+01
2.377534e+00, 8.988791e+01
2.621416e+00, 8.989944e+01
2.848161e+00, 8.990877e+01
3.058386e+00, 8.991656e+01
3.251773e+00, 8.992319e+01
3.428854e+00, 8.992892e+01
3.588145e+00, 8.993391e+01
3.728979e+00, 8.993827e+01
3.848167e+00, 8.994205e+01
3.942552e+00, 8.994529e+01
4.008735e+00, 8.994802e+01
4.039387e+00, 8.995020e+01
4.028541e+00, 8.995182e+01
3.968709e+00, 8.995283e+01
3.847146e+00, 8.995306e+01
3.651855e+00, 8.995229e+01
3.378861e+00, 8.995021e+01
3.020154e+00, 8.994618e+01
2.566226e+00, 8.993870e+01
2.011761e+00, 8.992411e+01
1.368151e+00, 8.989123e+01
6.542209e-01, 8.977699e+01
1.047712e-01, 2.713758e+02
8.742713e-01, 2.701645e+02
1.605444e+00, 2.700905e+02
2.240486e+00, 2.700663e+02
2.724976e+00, 2.700565e+02
3.036534e+00, 2.700530e+02
3.160930e+00, 2.700535e+02
3.103631e+00, 2.700575e+02
2.886920e+00, 2.700651e+02
2.555447e+00, 2.700772e+02
2.169214e+00, 2.700949e+02
1.794788e+00, 2.701186e+02
1.482506e+00, 2.701473e+02
1.264325e+00, 2.701757e+02
1.159941e+00, 2.701932e+02
1.169605e+00, 2.701918e+02
1.278396e+00, 2.701744e+02
1.465864e+00, 2.701503e+02
1.709122e+00, 2.701269e+02
1.976551e+00, 2.701076e+02
2.237882e+00, 2.700931e+02
2.470192e+00, 2.700827e+02
2.658095e+00, 2.700756e+02
2.790990e+00, 2.700712e+02
2.862973e+00, 2.700690e+02
2.866441e+00, 2.700691e+02
2.806315e+00, 2.700713e+02
2.693484e+00, 2.700757e+02
2.535999e+00, 2.700824e+02
2.342597e+00, 2.700921e+02
2.126581e+00, 2.701051e+02
1.898247e+00, 2.701222e+02
1.668696e+00, 2.701442e+02
1.447602e+00, 2.701721e+02
1.242208e+00, 2.702069e+02
1.058209e+00, 2.702492e+02
9.008305e-01, 2.702983e+02
7.740568e-01, 2.703510e+02
6.799265e-01, 2.704002e+02
6.163217e-01, 2.704379e+02
5.833111e-01, 2.704537e+02
5.766798e-01, 2.704451e+02
5.941213e-01, 2.704139e+02
6.317977e-01, 2.703683e+02
6.852626e-01, 2.703171e+02
7.506391e-01, 2.702669e+02
8.242587e-01, 2.702210e+02
9.025140e-01, 2.701812e+02
9.808143e-01, 2.701482e+02
1.056148e+00, 2.701214e+02
1.126219e+00, 2.701002e+02
1.189232e+00, 2.700839e+02
1.243907e+00, 2.700720e+02
1.289081e+00, 2.700642e+02
1.323994e+00, 2.700603e+02
1.349916e+00, 2.700599e+02
1.367819e+00, 2.700627e+02
1.379988e+00, 2.700681e+02
1.388498e+00, 2.700759e+02
1.395905e+00, 2.700855e+02
1.405126e+00, 2.700961e+02
1.419575e+00, 2.701071e+02
1.442250e+00, 2.701173e+02
1.475729e+00, 2.701259e+02
1.523127e+00, 2.701320e+02
1.587858e+00, 2.701348e+02
1.669199e+00, 2.701344e+02
1.767089e+00, 2.701312e+02
1.881074e+00, 2.701255e+02
2.009170e+00, 2.701179e+02
2.147435e+00, 2.701092e+02
2.291229e+00, 2.701002e+02
2.435308e+00, 2.700913e+02
2.574257e+00, 2.700829e+02
2.701692e+00, 2.700754e+02
2.812482e+00, 2.700689e+02
2.900142e+00, 2.700636e+02
2.964182e+00, 2.700597e+02
3.003442e+00, 2.700570e+02
3.017570e+00, 2.700557e+02
3.007042e+00, 2.700558e+02
2.971871e+00, 2.700574e+02
2.913544e+00, 2.700605e+02
2.831892e+00, 2.700653e+02
2.732666e+00, 2.700714e+02
2.618167e+00, 2.700788e+02
2.490733e+00, 2.700872e+02
2.352416e+00, 2.700965e+02
2.204626e+00, 2.701064e+02
2.046472e+00, 2.701167e+02
1.872285e+00, 2.701277e+02
1.674792e+00, 2.701405e+02
1.442308e+00, 2.701579e+02
1.172468e+00, 2.701856e+02
8.734051e-01, 2.702362e+02
5.649503e-01, 2.703461e+02
2.800201e-01, 2.706670e+02
7.014932e-02, 2.725899e+02
7.180463e-03, 6.386276e+01
8.949502e-02, 2.720748e+02
3.848755e-01, 2.705050e+02
9.076364e-01, 2.702275e+02
1.642272e+00, 2.701342e+02
2.589746e+00, 2.700906e+02
3.365466e+00, 2.700735e+02
3.317212e+00, 2.700782e+02
3.890701e+00, 2.700696e+02
5.036725e+00, 2.700555e+02
6.121529e+00, 2.700468e+02
7.171270e+00, 2.700405e+02
8.211296e+00, 2.700356e+02
9.256311e+00, 2.700316e+02
1.030317e+01, 2.700283e+02
1.133228e+01, 2.700256e+02
1.230791e+01, 2.700233e+02
1.317862e+01, 2.700215e+02
1.389036e+01, 2.700201e+02
1.438866e+01, 2.700190e+02
1.461573e+01, 2.700182e+02
1.446073e+01, 2.700178e+02
1.391953e+01, 2.700178e+02
1.294541e+01, 2.700183e+02
1.152818e+01, 2.700196e+02
9.645776e+00, 2.700221e+02
7.277148e+00, 2.700277e+02
4.404861e+00, 2.700433e+02
9.451598e-01, 2.701913e+02
3.056762e+00, 8.994348e+01
7.597725e+00, 8.997805e+01
1.259655e+01, 8.998705e+01
1.799213e+01, 8.999100e+01
2.370134e+01, 8.999311e+01
2.960787e+01, 8.999435e+01
3.555089e+01, 8.999512e+01
4.135787e+01, 8.999560e+01
4.685966e+01, 8.999590e+01
5.188378e+01, 8.999608e+01
5.617053e+01, 8.999617e+01
5.962714e+01, 8.999620e+01
6.217990e+01, 8.999618e+01
6.373737e+01, 8.999612e+01
6.427129e+01, 8.999604e+01
6.385485e+01, 8.999594e+01
6.253687e+01, 8.999581e+01
6.045344e+01, 8.999567e+01
5.774282e+01, 8.999551e+01
5.451360e+01, 8.999534e+01
5.094490e+01, 8.999515e+01
4.715684e+01, 8.999494e+01
4.328414e+01, 8.999472e+01
3.942497e+01, 8.999448e+01
3.565058e+01, 8.999422e+01
3.201595e+01, 8.999393e+01
2.856167e+01, 8.999361e+01
2.533211e+01, 8.999326e+01
2.237486e+01, 8.999287e+01
1.965142e+01, 8.999242e+01
1.715991e+01, 8.999191e+01
1.489405e+01, 8.999130e+01
1.284980e+01, 8.999058e+01
1.101846e+01, 8.998971e+01
9.379478e+00, 8.998864e+01
7.927526e+00, 8.998730e+01
6.638635e+00, 8.998558e+01
5.506459e+00, 8.998335e+01
4.508662e+00, 8.998036e+01
3.631289e+00, 8.997626e+01
2.857445e+00, 8.997038e+01
2.175899e+00, 8.996149e+01
1.580317e+00, 8.994707e+01
1.059895e+00, 8.992061e+01
6.056204e-01, 8.985927e+01
2.069754e-01, 8.958055e+01
1.406652e-01, 2.706318e+02
4.478039e-01, 2.702039e+02
7.198159e-01, 2.701306e+02
9.597317e-01, 2.701011e+02
1.171453e+00, 2.700856e+02
1.361877e+00, 2.700761e+02
1.534255e+00, 2.700698e+02
1.691392e+00, 2.700654e+02
1.835702e+00, 2.700621e+02
1.967973e+00, 2.700597e+02
2.091626e+00, 2.700578e+02
2.208138e+00, 2.700562e+02
2.319438e+00, 2.700548e+02
2.426616e+00, 2.700535e+02
2.530492e+00, 2.700524e+02
2.631811e+00, 2.700513e+02
2.731382e+00, 2.700502e+02
2.829757e+00, 2.700491e+02
2.927113e+00, 2.700481e+02
3.023898e+00, 2.700470e+02
3.120039e+00, 2.700460e+02
3.215343e+00, 2.700449e+02
3.309490e+00, 2.700439e+02
3.401806e+00, 2.700429e+02
3.491300e+00, 2.700420e+02
3.575990e+00, 2.700411e+02
3.653396e+00, 2.700404e+02
3.720319e+00, 2.700398e+02
3.774140e+00, 2.700394e+02
3.810848e+00, 2.700392e+02
3.825693e+00, 2.700393e+02
3.811603e+00, 2.700398e+02
3.758822e+00, 2.700409e+02
3.660973e+00, 2.700426e+02
3.510838e+00, 2.700452e+02
3.298693e+00, 2.700491e+02
3.005605e+00, 2.700553e+02
2.618613e+00, 2.700655e+02
2.124101e+00, 2.700836e+02
1.498583e+00, 2.701234e+02
7.111268e-01, 2.702721e+02
2.681347e-01, 8.924202e+01
1.500111e+00, 8.985711e+01
3.073283e+00, 8.992617e+01
5.092040e+00, 8.995272e+01
7.792187e+00, 8.996718e+01
1.141831e+01, 8.997622e+01
1.647717e+01, 8.998255e+01
2.362417e+01, 8.998719e+01
3.384804e+01, 8.999068e+01
4.846781e+01, 8.999331e+01
6.952578e+01, 8.999531e+01
1.000000e+02, 8.999682e+01
##END
