##TITLE= Pf1-t50-h1022-205R4
##JCAMP-DX= 5.00 Bruker JCAMP library
##DATA TYPE= Shape Data
##ORIGIN= Bruker BioSpin GmbH
##OWNER= <Alexej Jerschow>
##DATE= 2009/02/26
##TIME= 15:20:10
##$SHAPE_PARAMETERS= 
##MINX= 2.111880e-03
##MAXX= 1.000000e+02
##MINY= 8.730345e+01
##MAXY= 2.782594e+02
##$SHAPE_EXMODE= 
##$SHAPE_TOTROT= 
##$SHAPE_TYPE= 
##$SHAPE_USER_DEF= 
##$SHAPE_REPHFAC= 
##$SHAPE_BWFAC= 
##$SHAPE_BWFAC50= 
##$SHAPE_INTEGFAC= 
##$SHAPE_MODE= 
##NPOINTS= 1000
##XYPOINTS= (XY..XY)
7.279252e-02, 8.996459e+01
7.208538e-02, 8.996415e+01
7.138544e-02, 8.996374e+01
7.069339e-02, 8.996338e+01
7.000991e-02, 8.996306e+01
6.933567e-02, 8.996279e+01
6.867129e-02, 8.996256e+01
6.801741e-02, 8.996238e+01
6.737463e-02, 8.996226e+01
6.674352e-02, 8.996218e+01
6.612445e-02, 8.996215e+01
6.551813e-02, 8.996217e+01
6.492511e-02, 8.996225e+01
6.434587e-02, 8.996238e+01
6.378090e-02, 8.996258e+01
6.323065e-02, 8.996283e+01
6.269555e-02, 8.996314e+01
6.217603e-02, 8.996352e+01
6.167246e-02, 8.996396e+01
6.118489e-02, 8.996445e+01
6.071396e-02, 8.996501e+01
6.025999e-02, 8.996563e+01
5.982327e-02, 8.996631e+01
5.940407e-02, 8.996706e+01
5.900264e-02, 8.996786e+01
5.861919e-02, 8.996873e+01
5.825392e-02, 8.996966e+01
5.790700e-02, 8.997065e+01
5.757820e-02, 8.997169e+01
5.726799e-02, 8.997279e+01
5.697650e-02, 8.997394e+01
5.670378e-02, 8.997514e+01
5.644991e-02, 8.997640e+01
5.621490e-02, 8.997770e+01
5.599875e-02, 8.997905e+01
5.580145e-02, 8.998044e+01
5.562296e-02, 8.998188e+01
5.546277e-02, 8.998334e+01
5.532122e-02, 8.998484e+01
5.519820e-02, 8.998636e+01
5.509359e-02, 8.998792e+01
5.500723e-02, 8.998949e+01
5.493895e-02, 8.999109e+01
5.488856e-02, 8.999270e+01
5.485584e-02, 8.999432e+01
5.484056e-02, 8.999595e+01
5.484203e-02, 8.999758e+01
5.486039e-02, 8.999921e+01
5.489538e-02, 9.000084e+01
5.494669e-02, 9.000246e+01
5.501401e-02, 9.000407e+01
5.509699e-02, 9.000567e+01
5.519528e-02, 9.000725e+01
5.530852e-02, 9.000880e+01
5.543631e-02, 9.001033e+01
5.557784e-02, 9.001183e+01
5.573310e-02, 9.001331e+01
5.590171e-02, 9.001475e+01
5.608322e-02, 9.001615e+01
5.627720e-02, 9.001751e+01
5.648319e-02, 9.001883e+01
5.670073e-02, 9.002011e+01
5.692935e-02, 9.002135e+01
5.716857e-02, 9.002253e+01
5.741753e-02, 9.002367e+01
5.767611e-02, 9.002477e+01
5.794383e-02, 9.002581e+01
5.822019e-02, 9.002679e+01
5.850468e-02, 9.002773e+01
5.879680e-02, 9.002861e+01
5.909604e-02, 9.002943e+01
5.940187e-02, 9.003020e+01
5.971380e-02, 9.003091e+01
6.003103e-02, 9.003158e+01
6.035333e-02, 9.003219e+01
6.068020e-02, 9.003274e+01
6.101113e-02, 9.003323e+01
6.134563e-02, 9.003367e+01
6.168319e-02, 9.003406e+01
6.202332e-02, 9.003439e+01
6.236552e-02, 9.003467e+01
6.270930e-02, 9.003489e+01
6.305403e-02, 9.003507e+01
6.339941e-02, 9.003519e+01
6.374498e-02, 9.003527e+01
6.409030e-02, 9.003530e+01
6.443492e-02, 9.003527e+01
6.477839e-02, 9.003520e+01
6.512031e-02, 9.003508e+01
6.546024e-02, 9.003492e+01
6.579779e-02, 9.003471e+01
6.613254e-02, 9.003447e+01
6.646417e-02, 9.003419e+01
6.679232e-02, 9.003386e+01
6.711663e-02, 9.003350e+01
6.743677e-02, 9.003310e+01
6.775242e-02, 9.003266e+01
6.806327e-02, 9.003219e+01
6.836904e-02, 9.003169e+01
6.866944e-02, 9.003115e+01
8.708569e-02, 9.002846e+01
8.737252e-02, 9.002793e+01
8.766189e-02, 9.002737e+01
8.795363e-02, 9.002677e+01
8.824753e-02, 9.002615e+01
8.854337e-02, 9.002549e+01
8.884093e-02, 9.002480e+01
8.913994e-02, 9.002409e+01
8.944015e-02, 9.002337e+01
8.974139e-02, 9.002263e+01
9.004334e-02, 9.002186e+01
9.034568e-02, 9.002108e+01
9.064809e-02, 9.002028e+01
9.095027e-02, 9.001946e+01
9.125188e-02, 9.001863e+01
9.155261e-02, 9.001779e+01
9.185212e-02, 9.001695e+01
9.215001e-02, 9.001609e+01
9.244613e-02, 9.001523e+01
9.273995e-02, 9.001437e+01
9.303104e-02, 9.001350e+01
9.331902e-02, 9.001263e+01
9.360355e-02, 9.001176e+01
9.388424e-02, 9.001090e+01
9.416062e-02, 9.001004e+01
9.443227e-02, 9.000919e+01
9.469877e-02, 9.000834e+01
9.496004e-02, 9.000750e+01
9.521538e-02, 9.000667e+01
9.546440e-02, 9.000585e+01
9.570677e-02, 9.000505e+01
9.594191e-02, 9.000426e+01
9.616942e-02, 9.000349e+01
9.638886e-02, 9.000273e+01
9.659983e-02, 9.000199e+01
9.680190e-02, 9.000127e+01
9.699510e-02, 9.000058e+01
9.717893e-02, 8.999991e+01
9.735269e-02, 8.999926e+01
9.751598e-02, 8.999864e+01
9.766843e-02, 8.999804e+01
9.780964e-02, 8.999746e+01
9.793927e-02, 8.999692e+01
9.805695e-02, 8.999640e+01
9.816263e-02, 8.999592e+01
9.825618e-02, 8.999547e+01
9.833688e-02, 8.999505e+01
9.840435e-02, 8.999466e+01
9.845827e-02, 8.999430e+01
9.849838e-02, 8.999398e+01
9.852441e-02, 8.999370e+01
9.853635e-02, 8.999345e+01
9.853384e-02, 8.999324e+01
9.851656e-02, 8.999306e+01
9.848476e-02, 8.999293e+01
9.843790e-02, 8.999283e+01
9.837571e-02, 8.999277e+01
9.829806e-02, 8.999276e+01
9.820500e-02, 8.999278e+01
9.809646e-02, 8.999285e+01
9.797214e-02, 8.999295e+01
9.783198e-02, 8.999310e+01
9.767596e-02, 8.999330e+01
9.750449e-02, 8.999353e+01
9.731723e-02, 8.999381e+01
9.711420e-02, 8.999414e+01
9.689563e-02, 8.999450e+01
9.666132e-02, 8.999491e+01
9.641137e-02, 8.999537e+01
9.614589e-02, 8.999587e+01
9.586504e-02, 8.999642e+01
9.556897e-02, 8.999701e+01
9.525832e-02, 8.999765e+01
9.493326e-02, 8.999833e+01
9.459362e-02, 8.999905e+01
9.423966e-02, 8.999982e+01
9.387168e-02, 9.000064e+01
9.348998e-02, 9.000150e+01
9.309491e-02, 9.000241e+01
9.268682e-02, 9.000337e+01
9.226637e-02, 9.000436e+01
9.183404e-02, 9.000539e+01
9.138996e-02, 9.000647e+01
9.093450e-02, 9.000759e+01
9.046814e-02, 9.000875e+01
8.999137e-02, 9.000996e+01
8.950472e-02, 9.001120e+01
8.900888e-02, 9.001248e+01
8.850432e-02, 9.001380e+01
8.799152e-02, 9.001515e+01
8.747132e-02, 9.001654e+01
8.694414e-02, 9.001796e+01
8.641055e-02, 9.001941e+01
8.587120e-02, 9.002089e+01
8.532684e-02, 9.002240e+01
8.477817e-02, 9.002393e+01
8.422577e-02, 9.002548e+01
8.367035e-02, 9.002706e+01
8.311265e-02, 9.002865e+01
8.336856e-02, 9.002652e+01
9.148727e-02, 8.999232e+01
9.240941e-02, 8.998979e+01
9.234088e-02, 8.999118e+01
9.229180e-02, 8.999258e+01
9.226278e-02, 8.999399e+01
9.225444e-02, 8.999539e+01
9.226744e-02, 8.999678e+01
9.230225e-02, 8.999816e+01
9.235994e-02, 8.999952e+01
9.244092e-02, 9.000085e+01
9.254479e-02, 9.000217e+01
9.267190e-02, 9.000346e+01
9.282255e-02, 9.000472e+01
9.299700e-02, 9.000594e+01
9.319547e-02, 9.000713e+01
9.341817e-02, 9.000828e+01
9.366541e-02, 9.000939e+01
9.393707e-02, 9.001044e+01
9.423275e-02, 9.001144e+01
9.455256e-02, 9.001240e+01
9.489643e-02, 9.001330e+01
9.526420e-02, 9.001414e+01
9.565568e-02, 9.001493e+01
9.607001e-02, 9.001566e+01
9.650704e-02, 9.001631e+01
9.696662e-02, 9.001691e+01
9.744796e-02, 9.001744e+01
9.795068e-02, 9.001791e+01
9.847410e-02, 9.001831e+01
9.901720e-02, 9.001865e+01
9.957933e-02, 9.001891e+01
1.001597e-01, 9.001910e+01
1.007580e-01, 9.001923e+01
1.013731e-01, 9.001929e+01
1.020036e-01, 9.001928e+01
1.026477e-01, 9.001920e+01
1.033051e-01, 9.001906e+01
1.039748e-01, 9.001885e+01
1.046550e-01, 9.001857e+01
1.053449e-01, 9.001823e+01
1.060428e-01, 9.001782e+01
1.067477e-01, 9.001735e+01
1.074585e-01, 9.001681e+01
1.081737e-01, 9.001622e+01
1.088904e-01, 9.001557e+01
1.096058e-01, 9.001485e+01
1.103196e-01, 9.001407e+01
1.110313e-01, 9.001324e+01
1.117391e-01, 9.001236e+01
1.124414e-01, 9.001142e+01
1.131362e-01, 9.001042e+01
1.138208e-01, 9.000938e+01
1.144920e-01, 9.000828e+01
1.151480e-01, 9.000713e+01
1.157885e-01, 9.000593e+01
1.164119e-01, 9.000469e+01
1.170161e-01, 9.000339e+01
1.175984e-01, 9.000205e+01
1.181576e-01, 9.000066e+01
1.186903e-01, 8.999923e+01
1.191954e-01, 8.999775e+01
1.196715e-01, 8.999623e+01
1.201136e-01, 8.999467e+01
1.205211e-01, 8.999306e+01
1.208935e-01, 8.999140e+01
1.212290e-01, 8.998971e+01
1.215241e-01, 8.998796e+01
1.217766e-01, 8.998618e+01
1.219850e-01, 8.998436e+01
1.221481e-01, 8.998249e+01
1.222643e-01, 8.998057e+01
1.223295e-01, 8.997861e+01
1.223431e-01, 8.997660e+01
1.223030e-01, 8.997455e+01
1.222055e-01, 8.997246e+01
1.220520e-01, 8.997031e+01
1.218408e-01, 8.996812e+01
1.215703e-01, 8.996587e+01
1.212388e-01, 8.996357e+01
1.208437e-01, 8.996122e+01
1.203817e-01, 8.995881e+01
1.198508e-01, 8.995635e+01
1.192532e-01, 8.995383e+01
1.185876e-01, 8.995124e+01
1.178522e-01, 8.994859e+01
1.170457e-01, 8.994587e+01
1.161674e-01, 8.994308e+01
1.152167e-01, 8.994021e+01
1.141903e-01, 8.993726e+01
1.130872e-01, 8.993423e+01
1.119077e-01, 8.993112e+01
1.106522e-01, 8.992791e+01
1.093205e-01, 8.992460e+01
1.079122e-01, 8.992118e+01
1.064270e-01, 8.991765e+01
1.048629e-01, 8.991399e+01
1.032202e-01, 8.991022e+01
1.015000e-01, 8.990630e+01
9.970077e-02, 8.990223e+01
1.085023e-01, 8.992077e+01
1.609384e-01, 8.998894e+01
1.796698e-01, 9.000399e+01
1.789749e-01, 9.000402e+01
1.775177e-01, 9.000354e+01
1.760887e-01, 9.000312e+01
1.746904e-01, 9.000275e+01
1.733236e-01, 9.000244e+01
1.719916e-01, 9.000218e+01
1.706942e-01, 9.000199e+01
1.694328e-01, 9.000185e+01
1.682096e-01, 9.000179e+01
1.670225e-01, 9.000178e+01
1.658732e-01, 9.000183e+01
1.647642e-01, 9.000196e+01
1.636953e-01, 9.000214e+01
1.626659e-01, 9.000239e+01
1.616785e-01, 9.000270e+01
1.607358e-01, 9.000308e+01
1.598369e-01, 9.000352e+01
1.589808e-01, 9.000401e+01
1.581665e-01, 9.000456e+01
1.573949e-01, 9.000517e+01
1.566666e-01, 9.000583e+01
1.559817e-01, 9.000654e+01
1.553439e-01, 9.000729e+01
1.547521e-01, 9.000808e+01
1.542050e-01, 9.000890e+01
1.537013e-01, 9.000976e+01
1.532405e-01, 9.001065e+01
1.528236e-01, 9.001156e+01
1.524509e-01, 9.001248e+01
1.521229e-01, 9.001342e+01
1.518380e-01, 9.001436e+01
1.515949e-01, 9.001530e+01
1.513959e-01, 9.001623e+01
1.512403e-01, 9.001715e+01
1.511259e-01, 9.001805e+01
1.510516e-01, 9.001892e+01
1.510180e-01, 9.001976e+01
1.510247e-01, 9.002056e+01
1.510701e-01, 9.002132e+01
1.511541e-01, 9.002202e+01
1.512752e-01, 9.002267e+01
1.514336e-01, 9.002325e+01
1.516280e-01, 9.002377e+01
1.518574e-01, 9.002420e+01
1.521220e-01, 9.002455e+01
1.524188e-01, 9.002482e+01
1.527465e-01, 9.002499e+01
1.531046e-01, 9.002507e+01
1.534919e-01, 9.002505e+01
1.539062e-01, 9.002493e+01
1.543482e-01, 9.002469e+01
1.548170e-01, 9.002432e+01
1.553094e-01, 9.002384e+01
1.558233e-01, 9.002325e+01
1.563572e-01, 9.002253e+01
1.569102e-01, 9.002168e+01
1.574811e-01, 9.002071e+01
1.580671e-01, 9.001960e+01
1.586658e-01, 9.001836e+01
1.592771e-01, 9.001697e+01
1.598988e-01, 9.001545e+01
1.605275e-01, 9.001379e+01
1.611604e-01, 9.001199e+01
1.617971e-01, 9.001005e+01
1.624362e-01, 9.000798e+01
1.630742e-01, 9.000576e+01
1.637063e-01, 9.000340e+01
1.643316e-01, 9.000089e+01
1.649486e-01, 8.999823e+01
1.655548e-01, 8.999544e+01
1.661462e-01, 8.999251e+01
1.667208e-01, 8.998943e+01
1.672750e-01, 8.998620e+01
1.678056e-01, 8.998284e+01
1.683104e-01, 8.997933e+01
1.687864e-01, 8.997567e+01
1.692328e-01, 8.997188e+01
1.696441e-01, 8.996794e+01
1.700139e-01, 8.996386e+01
1.703399e-01, 8.995962e+01
1.706207e-01, 8.995524e+01
1.708558e-01, 8.995071e+01
1.710401e-01, 8.994604e+01
1.711674e-01, 8.994121e+01
1.712362e-01, 8.993624e+01
1.712457e-01, 8.993111e+01
1.711887e-01, 8.992582e+01
1.710552e-01, 8.992036e+01
1.708502e-01, 8.991474e+01
1.705695e-01, 8.990895e+01
1.702097e-01, 8.990299e+01
1.697671e-01, 8.989685e+01
1.692394e-01, 8.989053e+01
1.686250e-01, 8.988401e+01
1.679138e-01, 8.987729e+01
1.670977e-01, 8.987036e+01
1.661794e-01, 8.986321e+01
1.719980e-01, 8.990696e+01
1.989139e-01, 9.007517e+01
2.170554e-01, 9.016614e+01
2.179973e-01, 9.017275e+01
2.162253e-01, 9.016768e+01
2.143407e-01, 9.016248e+01
2.123742e-01, 9.015730e+01
2.103147e-01, 9.015213e+01
2.081597e-01, 9.014699e+01
2.059055e-01, 9.014188e+01
2.035492e-01, 9.013679e+01
2.010822e-01, 9.013173e+01
1.985007e-01, 9.012672e+01
1.958054e-01, 9.012174e+01
1.929882e-01, 9.011680e+01
1.900415e-01, 9.011186e+01
1.869605e-01, 9.010694e+01
1.837448e-01, 9.010204e+01
1.803913e-01, 9.009715e+01
1.768894e-01, 9.009226e+01
1.732388e-01, 9.008735e+01
1.694394e-01, 9.008240e+01
1.654895e-01, 9.007739e+01
1.613847e-01, 9.007230e+01
1.571222e-01, 9.006712e+01
1.526942e-01, 9.006181e+01
1.480914e-01, 9.005633e+01
1.433252e-01, 9.005064e+01
1.383933e-01, 9.004468e+01
1.332955e-01, 9.003838e+01
1.280313e-01, 9.003169e+01
1.225971e-01, 9.002450e+01
1.169931e-01, 9.001669e+01
1.112171e-01, 9.000813e+01
1.052709e-01, 8.999862e+01
9.915693e-02, 8.998793e+01
9.287845e-02, 8.997572e+01
8.643702e-02, 8.996160e+01
7.983685e-02, 8.994501e+01
7.308139e-02, 8.992512e+01
6.617102e-02, 8.990075e+01
5.911114e-02, 8.987010e+01
5.190689e-02, 8.983032e+01
4.456077e-02, 8.977656e+01
3.708048e-02, 8.969991e+01
2.947388e-02, 8.958193e+01
2.174702e-02, 8.937727e+01
1.390616e-02, 8.893631e+01
5.961909e-03, 8.730345e+01
2.111880e-03, 2.782594e+02
6.242025e-02, 8.971640e+01
3.834377e-01, 8.996319e+01
6.228415e-01, 8.998305e+01
6.341270e-01, 8.998488e+01
6.157065e-01, 8.998539e+01
5.973193e-01, 8.998589e+01
5.792608e-01, 8.998639e+01
5.615247e-01, 8.998689e+01
5.441038e-01, 8.998740e+01
5.269952e-01, 8.998790e+01
5.101915e-01, 8.998842e+01
4.936852e-01, 8.998894e+01
4.774677e-01, 8.998947e+01
4.615188e-01, 8.999001e+01
4.458288e-01, 8.999056e+01
4.303880e-01, 8.999112e+01
4.151813e-01, 8.999170e+01
4.001911e-01, 8.999229e+01
3.853977e-01, 8.999291e+01
3.707895e-01, 8.999356e+01
3.563541e-01, 8.999425e+01
3.420709e-01, 8.999498e+01
3.279166e-01, 8.999574e+01
3.138716e-01, 8.999657e+01
2.999146e-01, 8.999746e+01
2.860259e-01, 8.999844e+01
2.721882e-01, 8.999952e+01
2.583790e-01, 9.000071e+01
2.445759e-01, 9.000203e+01
2.307559e-01, 9.000353e+01
2.168956e-01, 9.000524e+01
2.029740e-01, 9.000720e+01
1.889697e-01, 9.000950e+01
1.748588e-01, 9.001221e+01
1.606177e-01, 9.001545e+01
1.462247e-01, 9.001939e+01
1.316581e-01, 9.002429e+01
1.168958e-01, 9.003055e+01
1.019137e-01, 9.003882e+01
8.668915e-02, 9.005019e+01
7.120268e-02, 9.006681e+01
5.543190e-02, 9.009339e+01
3.935716e-02, 9.014248e+01
2.295793e-02, 9.026350e+01
6.217722e-03, 9.104616e+01
1.088399e-02, 2.693593e+02
2.836024e-02, 2.697371e+02
4.623696e-02, 2.698281e+02
6.453959e-02, 2.698690e+02
7.952057e-02, 2.698878e+02
3.128393e-02, 9.024474e+01
5.005775e-01, 9.000272e+01
9.128706e-01, 8.999509e+01
9.708565e-01, 8.999412e+01
9.303096e-01, 8.999397e+01
8.875173e-01, 8.999383e+01
8.465510e-01, 8.999368e+01
8.074508e-01, 8.999350e+01
7.701220e-01, 8.999330e+01
7.345025e-01, 8.999307e+01
7.005623e-01, 8.999282e+01
6.682580e-01, 8.999252e+01
6.376259e-01, 8.999219e+01
6.085602e-01, 8.999182e+01
5.809748e-01, 8.999141e+01
5.549217e-01, 8.999095e+01
5.303269e-01, 8.999043e+01
5.070058e-01, 8.998984e+01
4.848968e-01, 8.998919e+01
4.639888e-01, 8.998847e+01
4.442644e-01, 8.998768e+01
4.255976e-01, 8.998679e+01
4.078550e-01, 8.998582e+01
3.909654e-01, 8.998474e+01
3.749142e-01, 8.998356e+01
3.595950e-01, 8.998225e+01
3.449088e-01, 8.998081e+01
3.308125e-01, 8.997922e+01
3.171754e-01, 8.997748e+01
3.039118e-01, 8.997556e+01
2.909215e-01, 8.997343e+01
2.781206e-01, 8.997107e+01
2.654485e-01, 8.996844e+01
2.528250e-01, 8.996549e+01
2.401730e-01, 8.996218e+01
2.273750e-01, 8.995842e+01
2.143449e-01, 8.995411e+01
2.010055e-01, 8.994911e+01
1.872796e-01, 8.994322e+01
1.730925e-01, 8.993619e+01
1.583696e-01, 8.992762e+01
1.430088e-01, 8.991688e+01
1.269367e-01, 8.990298e+01
1.100717e-01, 8.988419e+01
9.235853e-02, 8.985727e+01
7.373032e-02, 8.981531e+01
5.413019e-02, 8.974042e+01
3.350840e-02, 8.956779e+01
1.175632e-02, 8.873166e+01
9.018455e-03, 2.716844e+02
6.562470e-02, 8.985963e+01
4.923302e-01, 9.003965e+01
8.410671e-01, 9.005101e+01
8.657935e-01, 9.005205e+01
8.221604e-01, 9.005191e+01
7.795898e-01, 9.005166e+01
7.399496e-01, 9.005130e+01
7.030377e-01, 9.005084e+01
6.686949e-01, 9.005027e+01
6.367658e-01, 9.004957e+01
6.072915e-01, 9.004873e+01
5.801301e-01, 9.004773e+01
5.550739e-01, 9.004657e+01
5.319810e-01, 9.004523e+01
5.105907e-01, 9.004371e+01
4.908613e-01, 9.004199e+01
4.727161e-01, 9.004006e+01
4.559734e-01, 9.003790e+01
4.404672e-01, 9.003550e+01
4.261151e-01, 9.003286e+01
4.129419e-01, 9.002992e+01
4.006726e-01, 9.002670e+01
3.891629e-01, 9.002318e+01
3.783173e-01, 9.001932e+01
3.680548e-01, 9.001510e+01
3.582507e-01, 9.001048e+01
3.487923e-01, 9.000544e+01
3.396085e-01, 8.999990e+01
3.305907e-01, 8.999381e+01
3.216392e-01, 8.998708e+01
3.126420e-01, 8.997964e+01
3.035185e-01, 8.997141e+01
2.941834e-01, 8.996224e+01
2.845562e-01, 8.995195e+01
2.745506e-01, 8.994033e+01
2.641016e-01, 8.992715e+01
2.531399e-01, 8.991209e+01
2.415608e-01, 8.989465e+01
2.292996e-01, 8.987424e+01
2.163337e-01, 8.985016e+01
2.026080e-01, 8.982137e+01
1.880433e-01, 8.978629e+01
1.725927e-01, 8.974267e+01
1.562247e-01, 8.968714e+01
1.388940e-01, 8.961416e+01
1.205722e-01, 8.951427e+01
1.012154e-01, 8.936949e+01
8.081020e-02, 8.914182e+01
5.951074e-02, 8.873731e+01
4.841717e-02, 8.836517e+01
1.608285e-01, 8.962589e+01
5.493926e-01, 9.002030e+01
8.952322e-01, 9.008590e+01
9.486251e-01, 9.009468e+01
9.021711e-01, 9.009332e+01
8.527029e-01, 9.009106e+01
8.069530e-01, 9.008851e+01
7.642354e-01, 9.008571e+01
7.243176e-01, 9.008265e+01
6.869826e-01, 9.007937e+01
6.520733e-01, 9.007589e+01
6.193917e-01, 9.007220e+01
5.887541e-01, 9.006834e+01
5.600548e-01, 9.006435e+01
5.330013e-01, 9.006024e+01
5.074194e-01, 9.005603e+01
4.831421e-01, 9.005175e+01
4.599808e-01, 9.004740e+01
4.377129e-01, 9.004297e+01
4.161979e-01, 9.003846e+01
3.953726e-01, 9.003390e+01
3.750703e-01, 9.002927e+01
3.551031e-01, 9.002451e+01
3.353532e-01, 9.001958e+01
3.157147e-01, 9.001443e+01
2.960489e-01, 9.000892e+01
2.762416e-01, 9.000291e+01
2.562000e-01, 8.999622e+01
2.358211e-01, 8.998856e+01
2.150050e-01, 8.997948e+01
1.936874e-01, 8.996837e+01
1.718166e-01, 8.995425e+01
1.492879e-01, 8.993542e+01
1.259702e-01, 8.990865e+01
1.018767e-01, 8.986776e+01
7.696638e-02, 8.979783e+01
5.121990e-02, 8.965267e+01
2.458194e-02, 8.917847e+01
3.005622e-03, 2.776095e+02
3.146638e-02, 2.708151e+02
8.600921e-02, 8.968718e+01
1.183731e+00, 8.998694e+01
2.013914e+00, 8.999765e+01
1.975215e+00, 8.999815e+01
1.852498e+00, 8.999810e+01
1.737193e+00, 8.999811e+01
1.628781e+00, 8.999818e+01
1.526408e+00, 8.999831e+01
1.429440e+00, 8.999851e+01
1.338099e+00, 8.999879e+01
1.251993e+00, 8.999914e+01
1.170107e+00, 8.999959e+01
1.091740e+00, 9.000011e+01
1.016529e+00, 9.000074e+01
9.440816e-01, 9.000147e+01
8.739832e-01, 9.000232e+01
8.058227e-01, 9.000331e+01
7.390134e-01, 9.000446e+01
6.730843e-01, 9.000581e+01
6.076820e-01, 9.000742e+01
5.423871e-01, 9.000936e+01
4.766961e-01, 9.001178e+01
4.101915e-01, 9.001492e+01
3.424714e-01, 9.001920e+01
2.731517e-01, 9.002555e+01
2.018690e-01, 9.003631e+01
1.281233e-01, 9.005946e+01
5.153771e-02, 9.015194e+01
2.818030e-02, 2.697174e+02
1.114511e-01, 2.699281e+02
1.985581e-01, 2.699599e+02
2.902174e-01, 2.699732e+02
3.866205e-01, 2.699806e+02
4.879554e-01, 2.699855e+02
5.944635e-01, 2.699890e+02
7.065198e-01, 2.699918e+02
8.243025e-01, 2.699940e+02
9.485070e-01, 2.699959e+02
1.079432e+00, 2.699976e+02
1.115782e+00, 2.699994e+02
2.811561e-02, 2.701707e+02
3.295277e+00, 8.999510e+01
5.789513e+00, 8.999616e+01
5.845294e+00, 8.999668e+01
5.266238e+00, 8.999711e+01
4.709748e+00, 8.999743e+01
4.201003e+00, 8.999763e+01
3.738706e+00, 8.999770e+01
3.320065e+00, 8.999761e+01
2.941594e+00, 8.999733e+01
2.598456e+00, 8.999684e+01
2.289135e+00, 8.999611e+01
2.013961e+00, 8.999511e+01
1.768212e+00, 8.999380e+01
1.548442e+00, 8.999216e+01
1.352421e+00, 8.999018e+01
1.178117e+00, 8.998784e+01
1.020396e+00, 8.998512e+01
8.761546e-01, 8.998197e+01
7.440167e-01, 8.997842e+01
6.214940e-01, 8.997455e+01
5.037724e-01, 8.997004e+01
3.878640e-01, 8.996433e+01
2.712287e-01, 8.995585e+01
1.506669e-01, 8.993777e+01
2.188623e-02, 8.973220e+01
1.182130e-01, 2.700122e+02
2.731380e-01, 2.699855e+02
4.456321e-01, 2.699768e+02
6.392973e-01, 2.699721e+02
8.580730e-01, 2.699692e+02
1.106246e+00, 2.699671e+02
1.387350e+00, 2.699657e+02
1.706774e+00, 2.699647e+02
2.072988e+00, 2.699641e+02
2.484116e+00, 2.699638e+02
2.946939e+00, 2.699637e+02
3.468974e+00, 2.699637e+02
4.053444e+00, 2.699639e+02
4.703099e+00, 2.699643e+02
3.019430e+00, 2.699455e+02
1.702518e+01, 8.999584e+01
2.674356e+01, 8.999042e+01
1.709840e+01, 8.998698e+01
8.992045e+00, 8.998092e+01
3.893744e+00, 8.996685e+01
7.699982e-01, 8.987771e+01
1.076082e+00, 2.700609e+02
2.032274e+00, 2.700208e+02
2.441722e+00, 2.700096e+02
2.520119e+00, 2.700032e+02
2.374639e+00, 2.699982e+02
2.077378e+00, 2.699934e+02
1.701661e+00, 2.699879e+02
1.289909e+00, 2.699801e+02
8.717634e-01, 2.699670e+02
4.663750e-01, 2.699348e+02
8.699561e-02, 2.696461e+02
2.557789e-01, 9.011753e+01
5.568492e-01, 9.005114e+01
8.156841e-01, 9.003219e+01
1.032023e+00, 9.002285e+01
1.207964e+00, 9.001706e+01
1.344576e+00, 9.001299e+01
1.448660e+00, 9.000987e+01
1.523341e+00, 9.000733e+01
1.572903e+00, 9.000518e+01
1.602273e+00, 9.000331e+01
1.615635e+00, 9.000164e+01
1.615097e+00, 9.000014e+01
1.601328e+00, 8.999884e+01
1.580122e+00, 8.999769e+01
1.553988e+00, 8.999667e+01
1.524391e+00, 8.999579e+01
1.492361e+00, 8.999507e+01
1.459044e+00, 8.999453e+01
1.425375e+00, 8.999417e+01
1.391841e+00, 8.999403e+01
1.358888e+00, 8.999410e+01
1.326875e+00, 8.999440e+01
1.295801e+00, 8.999493e+01
1.265722e+00, 8.999570e+01
1.236661e+00, 8.999668e+01
1.208546e+00, 8.999789e+01
1.181375e+00, 8.999932e+01
1.155080e+00, 9.000093e+01
1.129614e+00, 9.000271e+01
1.105038e+00, 9.000462e+01
1.081408e+00, 9.000663e+01
1.058629e+00, 9.000870e+01
1.036756e+00, 9.001079e+01
1.016078e+00, 9.001283e+01
9.968129e-01, 9.001475e+01
9.788811e-01, 9.001652e+01
9.623750e-01, 9.001811e+01
9.475359e-01, 9.001947e+01
9.346127e-01, 9.002053e+01
9.238784e-01, 9.002124e+01
9.155642e-01, 9.002156e+01
9.099039e-01, 9.002148e+01
9.067796e-01, 9.002104e+01
9.063013e-01, 9.002025e+01
9.086451e-01, 9.001913e+01
9.140194e-01, 9.001770e+01
9.225237e-01, 9.001601e+01
9.341411e-01, 9.001411e+01
9.493481e-01, 9.001208e+01
9.674231e-01, 9.000999e+01
9.883179e-01, 9.000790e+01
1.011993e+00, 9.000587e+01
1.038149e+00, 9.000395e+01
1.066387e+00, 9.000216e+01
1.096395e+00, 9.000055e+01
1.127814e+00, 8.999915e+01
1.159990e+00, 8.999795e+01
1.192264e+00, 8.999697e+01
1.223911e+00, 8.999619e+01
1.254200e+00, 8.999561e+01
1.282445e+00, 8.999522e+01
1.307963e+00, 8.999498e+01
1.329312e+00, 8.999491e+01
1.345753e+00, 8.999500e+01
1.357225e+00, 8.999520e+01
1.362718e+00, 8.999551e+01
1.360635e+00, 8.999592e+01
1.351114e+00, 8.999642e+01
1.333925e+00, 8.999699e+01
1.308710e+00, 8.999763e+01
1.275263e+00, 8.999834e+01
1.234008e+00, 8.999912e+01
1.185431e+00, 8.999995e+01
1.130032e+00, 9.000086e+01
1.068548e+00, 9.000185e+01
1.002085e+00, 9.000293e+01
9.323629e-01, 9.000411e+01
8.608889e-01, 9.000540e+01
7.894573e-01, 9.000681e+01
7.201250e-01, 9.000835e+01
6.550037e-01, 9.000999e+01
5.955745e-01, 9.001171e+01
5.434751e-01, 9.001346e+01
5.011387e-01, 9.001507e+01
4.730912e-01, 9.001623e+01
4.587491e-01, 9.001681e+01
4.585083e-01, 9.001669e+01
4.735829e-01, 9.001586e+01
5.049793e-01, 9.001442e+01
5.517446e-01, 9.001263e+01
6.133513e-01, 9.001071e+01
6.903158e-01, 9.000879e+01
7.805189e-01, 9.000699e+01
8.819681e-01, 9.000537e+01
9.912684e-01, 9.000397e+01
1.105924e+00, 9.000276e+01
1.223073e+00, 9.000172e+01
1.339306e+00, 9.000083e+01
1.450350e+00, 9.000007e+01
1.552230e+00, 8.999942e+01
1.641411e+00, 8.999886e+01
1.713472e+00, 8.999839e+01
1.763078e+00, 8.999800e+01
1.790390e+00, 8.999767e+01
1.793030e+00, 8.999740e+01
1.766062e+00, 8.999722e+01
1.707536e+00, 8.999712e+01
1.618706e+00, 8.999713e+01
1.498944e+00, 8.999726e+01
1.347545e+00, 8.999757e+01
1.165388e+00, 8.999812e+01
9.527688e-01, 8.999908e+01
7.120217e-01, 9.000084e+01
4.421327e-01, 9.000490e+01
1.498783e-01, 9.002484e+01
1.628396e-01, 2.699681e+02
4.953522e-01, 2.699869e+02
8.469274e-01, 2.699911e+02
1.217404e+00, 2.699931e+02
1.607095e+00, 2.699945e+02
2.019515e+00, 2.699956e+02
2.452923e+00, 2.699966e+02
2.908964e+00, 2.699974e+02
3.390945e+00, 2.699982e+02
3.904367e+00, 2.699989e+02
4.455562e+00, 2.699996e+02
5.051312e+00, 2.700003e+02
5.701548e+00, 2.700008e+02
6.410140e+00, 2.700014e+02
7.191262e+00, 2.700019e+02
8.051630e+00, 2.700023e+02
8.995291e+00, 2.700027e+02
1.002873e+01, 2.700030e+02
1.115863e+01, 2.700033e+02
1.239924e+01, 2.700035e+02
1.374955e+01, 2.700036e+02
1.519641e+01, 2.700036e+02
1.673552e+01, 2.700036e+02
1.836258e+01, 2.700036e+02
2.004271e+01, 2.700034e+02
2.174383e+01, 2.700033e+02
2.342440e+01, 2.700030e+02
2.502642e+01, 2.700028e+02
2.649188e+01, 2.700024e+02
2.776329e+01, 2.700021e+02
2.877109e+01, 2.700017e+02
2.941532e+01, 2.700013e+02
2.960114e+01, 2.700010e+02
2.931586e+01, 2.700006e+02
2.849993e+01, 2.700003e+02
2.718753e+01, 2.700001e+02
2.537329e+01, 2.700000e+02
2.308970e+01, 2.700001e+02
2.044335e+01, 2.700003e+02
1.754011e+01, 2.700008e+02
1.448531e+01, 2.700016e+02
1.142089e+01, 2.700032e+02
8.483470e+00, 2.700059e+02
5.780150e+00, 2.700110e+02
3.392658e+00, 2.700229e+02
1.355402e+00, 2.700668e+02
3.500795e-01, 8.971221e+01
1.756564e+00, 8.993901e+01
2.856790e+00, 8.996278e+01
3.743827e+00, 8.997390e+01
4.463711e+00, 8.998185e+01
5.046410e+00, 8.998844e+01
5.475407e+00, 8.999417e+01
5.691167e+00, 8.999929e+01
5.577850e+00, 9.000415e+01
4.929387e+00, 9.000976e+01
3.571531e+00, 9.001939e+01
1.505589e+00, 9.005587e+01
9.469386e-01, 2.699060e+02
2.981266e+00, 2.699738e+02
3.846444e+00, 2.699861e+02
3.413943e+00, 2.699935e+02
2.349557e+00, 2.700020e+02
1.576989e+00, 2.700123e+02
1.561539e+00, 2.700129e+02
2.178565e+00, 2.700049e+02
2.947490e+00, 2.699995e+02
3.453562e+00, 2.699974e+02
3.466596e+00, 2.699985e+02
3.036378e+00, 2.700038e+02
2.338982e+00, 2.700166e+02
1.629380e+00, 2.700411e+02
1.066214e+00, 2.700813e+02
7.359259e-01, 2.701211e+02
6.472875e-01, 2.701075e+02
7.530600e-01, 2.700382e+02
9.956031e-01, 2.699703e+02
1.284610e+00, 2.699288e+02
1.533909e+00, 2.699091e+02
1.716131e+00, 2.699044e+02
1.827735e+00, 2.699127e+02
1.890560e+00, 2.699330e+02
1.955002e+00, 2.699621e+02
2.084585e+00, 2.699911e+02
2.337815e+00, 2.700100e+02
2.722701e+00, 2.700154e+02
3.207851e+00, 2.700104e+02
3.688450e+00, 2.700020e+02
4.060016e+00, 2.699945e+02
4.252482e+00, 2.699904e+02
4.237325e+00, 2.699908e+02
4.021874e+00, 2.699964e+02
3.655339e+00, 2.700054e+02
3.169146e+00, 2.700141e+02
2.522343e+00, 2.700172e+02
1.642951e+00, 2.700095e+02
7.856664e-01, 2.699834e+02
5.425037e-01, 2.699644e+02
1.676717e+00, 2.700043e+02
3.932311e+00, 2.700134e+02
6.425977e+00, 2.700147e+02
9.603507e+00, 2.700130e+02
1.329950e+01, 2.700105e+02
1.696817e+01, 2.700085e+02
1.977464e+01, 2.700071e+02
2.059832e+01, 2.700063e+02
1.816768e+01, 2.700059e+02
1.189038e+01, 2.700066e+02
1.282657e+00, 2.700383e+02
1.393643e+01, 8.999819e+01
3.300315e+01, 8.999964e+01
5.371204e+01, 8.999981e+01
7.290975e+01, 8.999977e+01
8.585244e+01, 8.999969e+01
9.114259e+01, 8.999965e+01
8.818458e+01, 8.999970e+01
7.858529e+01, 8.999987e+01
6.570964e+01, 9.000022e+01
5.204340e+01, 9.000082e+01
3.925885e+01, 9.000183e+01
2.848255e+01, 9.000342e+01
1.995216e+01, 9.000589e+01
1.353118e+01, 9.000970e+01
8.736532e+00, 9.001585e+01
5.243009e+00, 9.002664e+01
2.711022e+00, 9.005011e+01
9.270523e-01, 9.013780e+01
2.679683e-01, 2.695666e+02
1.081018e+00, 2.699052e+02
1.660246e+00, 2.699469e+02
2.086965e+00, 2.699645e+02
2.409339e+00, 2.699746e+02
2.677599e+00, 2.699812e+02
2.923760e+00, 2.699858e+02
3.164851e+00, 2.699889e+02
3.407669e+00, 2.699909e+02
3.648549e+00, 2.699921e+02
3.864305e+00, 2.699930e+02
4.005382e+00, 2.699936e+02
3.998230e+00, 2.699944e+02
3.674882e+00, 2.699957e+02
2.844117e+00, 2.699987e+02
1.156272e+00, 2.700146e+02
1.950989e+00, 8.997549e+01
7.883866e+00, 8.998851e+01
1.998258e+01, 8.999284e+01
4.556171e+01, 8.999569e+01
1.000000e+02, 8.999767e+01
##END
