##TITLE= Pf1-t55-h966-205R4
##JCAMP-DX= 5.00 Bruker JCAMP library
##DATA TYPE= Shape Data
##ORIGIN= Bruker BioSpin GmbH
##OWNER= <Alexej Jerschow>
##DATE= 2009/02/26
##TIME= 15:20:24
##$SHAPE_PARAMETERS= 
##MINX= 2.255983e-04
##MAXX= 1.000000e+02
##MINY= 8.755102e+01
##MAXY= 2.809110e+02
##$SHAPE_EXMODE= 
##$SHAPE_TOTROT= 
##$SHAPE_TYPE= 
##$SHAPE_USER_DEF= 
##$SHAPE_REPHFAC= 
##$SHAPE_BWFAC= 
##$SHAPE_BWFAC50= 
##$SHAPE_INTEGFAC= 
##$SHAPE_MODE= 
##NPOINTS= 1000
##XYPOINTS= (XY..XY)
1.080923e-02, 8.990368e+01
1.125846e-02, 8.990674e+01
1.170689e-02, 8.990966e+01
1.215402e-02, 8.991245e+01
1.259935e-02, 8.991513e+01
1.304237e-02, 8.991771e+01
1.348259e-02, 8.992019e+01
1.391948e-02, 8.992258e+01
1.435255e-02, 8.992489e+01
1.478127e-02, 8.992714e+01
1.520485e-02, 8.992932e+01
1.562293e-02, 8.993144e+01
1.603503e-02, 8.993351e+01
1.644063e-02, 8.993553e+01
1.683922e-02, 8.993750e+01
1.723030e-02, 8.993943e+01
1.761336e-02, 8.994132e+01
1.798790e-02, 8.994317e+01
1.835343e-02, 8.994500e+01
1.870873e-02, 8.994680e+01
1.905379e-02, 8.994857e+01
1.938826e-02, 8.995032e+01
1.971166e-02, 8.995204e+01
2.002353e-02, 8.995375e+01
2.032341e-02, 8.995544e+01
2.061084e-02, 8.995712e+01
2.088538e-02, 8.995879e+01
2.114658e-02, 8.996045e+01
2.139303e-02, 8.996209e+01
2.162485e-02, 8.996374e+01
2.184199e-02, 8.996538e+01
2.204407e-02, 8.996702e+01
2.223069e-02, 8.996865e+01
2.240150e-02, 8.997029e+01
2.255613e-02, 8.997193e+01
2.269423e-02, 8.997358e+01
2.281549e-02, 8.997524e+01
2.291845e-02, 8.997690e+01
2.300325e-02, 8.997858e+01
2.307023e-02, 8.998028e+01
2.311914e-02, 8.998198e+01
2.314971e-02, 8.998371e+01
2.316173e-02, 8.998546e+01
2.315497e-02, 8.998723e+01
2.312925e-02, 8.998902e+01
2.308438e-02, 8.999085e+01
2.301909e-02, 8.999270e+01
2.293341e-02, 8.999460e+01
2.282813e-02, 8.999653e+01
2.270317e-02, 8.999850e+01
2.255844e-02, 9.000052e+01
2.239389e-02, 9.000259e+01
2.220950e-02, 9.000471e+01
2.200524e-02, 9.000689e+01
2.178114e-02, 9.000914e+01
2.153627e-02, 9.001146e+01
2.127049e-02, 9.001386e+01
2.098504e-02, 9.001634e+01
2.068002e-02, 9.001891e+01
2.035558e-02, 9.002159e+01
2.001186e-02, 9.002438e+01
1.964904e-02, 9.002729e+01
1.926731e-02, 9.003034e+01
1.886691e-02, 9.003354e+01
1.844737e-02, 9.003690e+01
1.800845e-02, 9.004045e+01
1.755173e-02, 9.004421e+01
1.707753e-02, 9.004819e+01
1.658620e-02, 9.005243e+01
1.607812e-02, 9.005696e+01
1.555369e-02, 9.006181e+01
1.501333e-02, 9.006704e+01
1.445748e-02, 9.007268e+01
1.388617e-02, 9.007882e+01
1.329921e-02, 9.008553e+01
1.269835e-02, 9.009289e+01
1.208411e-02, 9.010102e+01
1.145708e-02, 9.011006e+01
1.081783e-02, 9.012020e+01
1.016699e-02, 9.013165e+01
9.505170e-03, 9.014472e+01
8.833039e-03, 9.015981e+01
8.151071e-03, 9.017744e+01
7.459353e-03, 9.019838e+01
6.759535e-03, 9.022367e+01
6.052354e-03, 9.025489e+01
5.338568e-03, 9.029447e+01
4.618952e-03, 9.034638e+01
3.894298e-03, 9.041760e+01
3.165419e-03, 9.052159e+01
2.433145e-03, 9.068811e+01
1.698304e-03, 9.099854e+01
9.616169e-04, 9.178425e+01
2.255983e-04, 9.770718e+01
5.147498e-04, 2.665989e+02
1.250545e-03, 2.685892e+02
1.984744e-03, 2.691048e+02
2.716116e-03, 2.693420e+02
3.443689e-03, 2.694785e+02
6.438377e-02, 8.999029e+01
7.141167e-02, 8.998700e+01
6.991951e-02, 8.998669e+01
6.846122e-02, 8.998639e+01
6.703825e-02, 8.998610e+01
6.565195e-02, 8.998583e+01
6.430358e-02, 8.998558e+01
6.299435e-02, 8.998535e+01
6.172538e-02, 8.998515e+01
6.049752e-02, 8.998496e+01
5.931184e-02, 8.998479e+01
5.817261e-02, 8.998465e+01
5.707778e-02, 8.998455e+01
5.602774e-02, 8.998447e+01
5.502310e-02, 8.998443e+01
5.406443e-02, 8.998442e+01
5.315218e-02, 8.998445e+01
5.228649e-02, 8.998451e+01
5.146781e-02, 8.998460e+01
5.069646e-02, 8.998473e+01
4.997603e-02, 8.998491e+01
4.930398e-02, 8.998513e+01
4.867956e-02, 8.998538e+01
4.810267e-02, 8.998568e+01
4.757316e-02, 8.998602e+01
4.709056e-02, 8.998639e+01
4.665460e-02, 8.998680e+01
4.626513e-02, 8.998725e+01
4.592171e-02, 8.998773e+01
4.562684e-02, 8.998825e+01
4.537804e-02, 8.998880e+01
4.517353e-02, 8.998938e+01
4.501262e-02, 8.998999e+01
4.489431e-02, 8.999062e+01
4.481774e-02, 8.999127e+01
4.478232e-02, 8.999194e+01
4.478713e-02, 8.999262e+01
4.483121e-02, 8.999332e+01
4.491583e-02, 8.999402e+01
4.503881e-02, 8.999473e+01
4.519772e-02, 8.999545e+01
4.539120e-02, 8.999616e+01
4.561789e-02, 8.999687e+01
4.587691e-02, 8.999757e+01
4.616699e-02, 8.999827e+01
4.648685e-02, 8.999895e+01
4.683515e-02, 8.999962e+01
4.721202e-02, 9.000028e+01
4.761567e-02, 9.000092e+01
4.804331e-02, 9.000153e+01
4.849327e-02, 9.000213e+01
4.896447e-02, 9.000271e+01
4.945549e-02, 9.000327e+01
4.996487e-02, 9.000380e+01
5.049115e-02, 9.000431e+01
5.103286e-02, 9.000479e+01
5.158925e-02, 9.000525e+01
5.215877e-02, 9.000568e+01
5.273871e-02, 9.000609e+01
5.332796e-02, 9.000647e+01
5.392509e-02, 9.000683e+01
5.452866e-02, 9.000716e+01
5.513723e-02, 9.000746e+01
5.574939e-02, 9.000774e+01
5.636375e-02, 9.000800e+01
5.697907e-02, 9.000823e+01
5.759370e-02, 9.000844e+01
5.820623e-02, 9.000863e+01
5.881541e-02, 9.000879e+01
5.941995e-02, 9.000893e+01
6.001862e-02, 9.000905e+01
6.061020e-02, 9.000915e+01
6.119354e-02, 9.000922e+01
6.176749e-02, 9.000928e+01
6.233064e-02, 9.000932e+01
6.288177e-02, 9.000934e+01
6.342021e-02, 9.000934e+01
6.394501e-02, 9.000932e+01
6.445525e-02, 9.000928e+01
6.495007e-02, 9.000923e+01
6.542863e-02, 9.000916e+01
6.589016e-02, 9.000908e+01
6.633394e-02, 9.000898e+01
6.675909e-02, 9.000887e+01
6.716416e-02, 9.000875e+01
6.754958e-02, 9.000861e+01
6.791483e-02, 9.000845e+01
6.825949e-02, 9.000829e+01
6.858316e-02, 9.000811e+01
6.888551e-02, 9.000792e+01
8.431427e-02, 9.000999e+01
8.860295e-02, 9.001023e+01
8.885663e-02, 9.000997e+01
8.910367e-02, 9.000968e+01
8.934425e-02, 9.000938e+01
8.957829e-02, 9.000905e+01
8.980573e-02, 9.000871e+01
9.002649e-02, 9.000837e+01
9.024054e-02, 9.000801e+01
9.044784e-02, 9.000765e+01
9.064825e-02, 9.000727e+01
9.084168e-02, 9.000688e+01
9.102750e-02, 9.000648e+01
9.120610e-02, 9.000606e+01
9.137741e-02, 9.000565e+01
9.154130e-02, 9.000523e+01
9.169775e-02, 9.000480e+01
9.184670e-02, 9.000437e+01
9.198789e-02, 9.000393e+01
9.212119e-02, 9.000349e+01
9.224654e-02, 9.000305e+01
9.236316e-02, 9.000262e+01
9.247140e-02, 9.000218e+01
9.257119e-02, 9.000174e+01
9.266254e-02, 9.000130e+01
9.274545e-02, 9.000087e+01
9.281959e-02, 9.000044e+01
9.288492e-02, 9.000003e+01
9.294121e-02, 8.999962e+01
9.298828e-02, 8.999921e+01
9.302519e-02, 8.999882e+01
9.305237e-02, 8.999843e+01
9.307002e-02, 8.999805e+01
9.307839e-02, 8.999770e+01
9.307709e-02, 8.999736e+01
9.306578e-02, 8.999703e+01
9.304434e-02, 8.999671e+01
9.301266e-02, 8.999642e+01
9.297061e-02, 8.999614e+01
9.291727e-02, 8.999588e+01
9.285343e-02, 8.999565e+01
9.277943e-02, 8.999544e+01
9.269476e-02, 8.999525e+01
9.259927e-02, 8.999509e+01
9.249290e-02, 8.999495e+01
9.237559e-02, 8.999484e+01
9.224750e-02, 8.999476e+01
9.210858e-02, 8.999470e+01
9.195782e-02, 8.999468e+01
9.179604e-02, 8.999469e+01
9.162324e-02, 8.999473e+01
9.143937e-02, 8.999480e+01
9.124454e-02, 8.999491e+01
9.103892e-02, 8.999506e+01
9.082243e-02, 8.999523e+01
9.059502e-02, 8.999545e+01
9.035677e-02, 8.999570e+01
9.010756e-02, 8.999600e+01
8.984724e-02, 8.999633e+01
8.957659e-02, 8.999671e+01
8.929581e-02, 8.999712e+01
8.900481e-02, 8.999758e+01
8.870377e-02, 8.999808e+01
8.839290e-02, 8.999862e+01
8.807239e-02, 8.999921e+01
8.774292e-02, 8.999984e+01
8.740428e-02, 9.000051e+01
8.705615e-02, 9.000122e+01
8.669946e-02, 9.000199e+01
8.633453e-02, 9.000280e+01
8.596169e-02, 9.000365e+01
8.558131e-02, 9.000456e+01
8.519395e-02, 9.000550e+01
8.480024e-02, 9.000649e+01
8.440032e-02, 9.000751e+01
8.399414e-02, 9.000859e+01
8.358196e-02, 9.000971e+01
8.316485e-02, 9.001088e+01
8.274339e-02, 9.001209e+01
8.231821e-02, 9.001333e+01
8.188973e-02, 9.001462e+01
8.145862e-02, 9.001594e+01
8.102545e-02, 9.001730e+01
8.059067e-02, 9.001869e+01
8.015480e-02, 9.002013e+01
7.971851e-02, 9.002159e+01
7.928275e-02, 9.002307e+01
7.884811e-02, 9.002458e+01
7.841531e-02, 9.002612e+01
7.848535e-02, 9.002526e+01
8.475729e-02, 8.999709e+01
8.843859e-02, 8.998381e+01
8.881267e-02, 8.998441e+01
8.900532e-02, 8.998587e+01
8.923253e-02, 8.998734e+01
8.949288e-02, 8.998880e+01
8.978701e-02, 8.999026e+01
9.011564e-02, 8.999169e+01
9.047964e-02, 8.999311e+01
9.087876e-02, 8.999450e+01
9.131281e-02, 8.999587e+01
9.178200e-02, 8.999721e+01
9.228667e-02, 8.999852e+01
9.282926e-02, 8.999979e+01
9.340720e-02, 9.000102e+01
9.402053e-02, 9.000221e+01
9.466867e-02, 9.000334e+01
9.535108e-02, 9.000442e+01
9.606750e-02, 9.000546e+01
9.681749e-02, 9.000645e+01
9.760049e-02, 9.000738e+01
9.841522e-02, 9.000826e+01
9.926348e-02, 9.000906e+01
1.001421e-01, 9.000981e+01
1.010497e-01, 9.001051e+01
1.019855e-01, 9.001114e+01
1.029478e-01, 9.001171e+01
1.039352e-01, 9.001221e+01
1.049465e-01, 9.001266e+01
1.059804e-01, 9.001304e+01
1.070355e-01, 9.001336e+01
1.081106e-01, 9.001362e+01
1.092018e-01, 9.001381e+01
1.103080e-01, 9.001394e+01
1.114270e-01, 9.001402e+01
1.125565e-01, 9.001403e+01
1.136944e-01, 9.001399e+01
1.148386e-01, 9.001388e+01
1.159871e-01, 9.001372e+01
1.171378e-01, 9.001351e+01
1.182856e-01, 9.001324e+01
1.194270e-01, 9.001290e+01
1.205609e-01, 9.001252e+01
1.216858e-01, 9.001208e+01
1.227988e-01, 9.001159e+01
1.238970e-01, 9.001105e+01
1.249766e-01, 9.001046e+01
1.260331e-01, 9.000981e+01
1.270630e-01, 9.000912e+01
1.280629e-01, 9.000837e+01
1.290314e-01, 9.000758e+01
1.299654e-01, 9.000673e+01
1.308615e-01, 9.000583e+01
1.317164e-01, 9.000489e+01
1.325264e-01, 9.000390e+01
1.332894e-01, 9.000286e+01
1.339996e-01, 9.000177e+01
1.346542e-01, 9.000063e+01
1.352487e-01, 8.999943e+01
1.357809e-01, 8.999818e+01
1.362480e-01, 8.999688e+01
1.366466e-01, 8.999553e+01
1.369744e-01, 8.999413e+01
1.372290e-01, 8.999267e+01
1.374059e-01, 8.999116e+01
1.375019e-01, 8.998958e+01
1.375144e-01, 8.998795e+01
1.374340e-01, 8.998625e+01
1.372619e-01, 8.998449e+01
1.369988e-01, 8.998267e+01
1.366419e-01, 8.998076e+01
1.361880e-01, 8.997879e+01
1.356327e-01, 8.997675e+01
1.349719e-01, 8.997463e+01
1.342062e-01, 8.997243e+01
1.333347e-01, 8.997014e+01
1.323504e-01, 8.996775e+01
1.312500e-01, 8.996527e+01
1.300373e-01, 8.996268e+01
1.287100e-01, 8.995998e+01
1.272644e-01, 8.995717e+01
1.256995e-01, 8.995423e+01
1.240155e-01, 8.995116e+01
1.222121e-01, 8.994795e+01
1.202886e-01, 8.994458e+01
1.182403e-01, 8.994103e+01
1.160618e-01, 8.993730e+01
1.137598e-01, 8.993338e+01
1.113346e-01, 8.992924e+01
1.142089e-01, 8.993456e+01
1.513701e-01, 8.998275e+01
1.875691e-01, 9.001155e+01
1.924991e-01, 9.001522e+01
1.905223e-01, 9.001475e+01
1.884255e-01, 9.001423e+01
1.863729e-01, 9.001377e+01
1.843638e-01, 9.001336e+01
1.824016e-01, 9.001300e+01
1.804869e-01, 9.001270e+01
1.786225e-01, 9.001246e+01
1.768083e-01, 9.001228e+01
1.750448e-01, 9.001216e+01
1.733352e-01, 9.001211e+01
1.716814e-01, 9.001212e+01
1.700862e-01, 9.001220e+01
1.685492e-01, 9.001234e+01
1.670727e-01, 9.001255e+01
1.656557e-01, 9.001282e+01
1.642969e-01, 9.001314e+01
1.629962e-01, 9.001353e+01
1.617550e-01, 9.001396e+01
1.605735e-01, 9.001445e+01
1.594567e-01, 9.001499e+01
1.584091e-01, 9.001557e+01
1.574233e-01, 9.001618e+01
1.564979e-01, 9.001683e+01
1.556332e-01, 9.001751e+01
1.548303e-01, 9.001820e+01
1.540901e-01, 9.001890e+01
1.534117e-01, 9.001961e+01
1.527935e-01, 9.002032e+01
1.522376e-01, 9.002101e+01
1.517503e-01, 9.002168e+01
1.513226e-01, 9.002232e+01
1.509539e-01, 9.002293e+01
1.506449e-01, 9.002349e+01
1.503948e-01, 9.002400e+01
1.502028e-01, 9.002444e+01
1.500679e-01, 9.002482e+01
1.499902e-01, 9.002511e+01
1.499687e-01, 9.002531e+01
1.500075e-01, 9.002541e+01
1.501020e-01, 9.002539e+01
1.502486e-01, 9.002526e+01
1.504462e-01, 9.002501e+01
1.506944e-01, 9.002464e+01
1.509914e-01, 9.002414e+01
1.513367e-01, 9.002349e+01
1.517305e-01, 9.002268e+01
1.521697e-01, 9.002172e+01
1.526548e-01, 9.002060e+01
1.531814e-01, 9.001931e+01
1.537482e-01, 9.001786e+01
1.543530e-01, 9.001624e+01
1.549929e-01, 9.001445e+01
1.556663e-01, 9.001248e+01
1.563721e-01, 9.001033e+01
1.571066e-01, 9.000801e+01
1.578660e-01, 9.000550e+01
1.586511e-01, 9.000280e+01
1.594589e-01, 8.999993e+01
1.602838e-01, 8.999687e+01
1.611212e-01, 8.999363e+01
1.619699e-01, 8.999020e+01
1.628272e-01, 8.998660e+01
1.636888e-01, 8.998282e+01
1.645511e-01, 8.997887e+01
1.654100e-01, 8.997474e+01
1.662599e-01, 8.997042e+01
1.670977e-01, 8.996592e+01
1.679202e-01, 8.996125e+01
1.687241e-01, 8.995641e+01
1.695014e-01, 8.995139e+01
1.702455e-01, 8.994620e+01
1.709537e-01, 8.994083e+01
1.716247e-01, 8.993530e+01
1.722528e-01, 8.992959e+01
1.728264e-01, 8.992370e+01
1.733422e-01, 8.991762e+01
1.737994e-01, 8.991138e+01
1.741860e-01, 8.990494e+01
1.744953e-01, 8.989831e+01
1.747278e-01, 8.989150e+01
1.748774e-01, 8.988449e+01
1.749384e-01, 8.987728e+01
1.749060e-01, 8.986986e+01
1.747720e-01, 8.986222e+01
1.745203e-01, 8.985434e+01
1.741467e-01, 8.984622e+01
1.764027e-01, 8.985817e+01
1.948128e-01, 8.997601e+01
2.215111e-01, 9.011429e+01
2.305775e-01, 9.015332e+01
2.300329e-01, 9.015016e+01
2.285657e-01, 9.014350e+01
2.270021e-01, 9.013690e+01
2.253289e-01, 9.013041e+01
2.235458e-01, 9.012402e+01
2.216457e-01, 9.011773e+01
2.196193e-01, 9.011156e+01
2.174552e-01, 9.010550e+01
2.151492e-01, 9.009956e+01
2.126920e-01, 9.009374e+01
2.100704e-01, 9.008802e+01
2.072696e-01, 9.008239e+01
2.042771e-01, 9.007688e+01
2.010963e-01, 9.007146e+01
1.977134e-01, 9.006611e+01
1.941256e-01, 9.006080e+01
1.903292e-01, 9.005553e+01
1.863172e-01, 9.005026e+01
1.820820e-01, 9.004497e+01
1.776125e-01, 9.003964e+01
1.728892e-01, 9.003423e+01
1.679068e-01, 9.002869e+01
1.626791e-01, 9.002296e+01
1.572033e-01, 9.001697e+01
1.514748e-01, 9.001066e+01
1.454885e-01, 9.000393e+01
1.392406e-01, 8.999666e+01
1.327291e-01, 8.998872e+01
1.259553e-01, 8.997989e+01
1.189192e-01, 8.996996e+01
1.116025e-01, 8.995859e+01
1.040307e-01, 8.994539e+01
9.620597e-02, 8.992977e+01
8.812957e-02, 8.991090e+01
7.980757e-02, 8.988757e+01
7.124405e-02, 8.985793e+01
6.244564e-02, 8.981901e+01
5.342229e-02, 8.976569e+01
4.418220e-02, 8.968830e+01
3.471519e-02, 8.956580e+01
2.505214e-02, 8.934445e+01
4.056955e-02, 8.956951e+01
2.353356e-01, 8.993253e+01
5.644574e-01, 8.997954e+01
6.859944e-01, 8.998682e+01
6.747981e-01, 8.998801e+01
6.530206e-01, 8.998882e+01
6.316656e-01, 8.998963e+01
6.108308e-01, 8.999045e+01
5.904678e-01, 8.999128e+01
5.705631e-01, 8.999213e+01
5.511017e-01, 8.999299e+01
5.320679e-01, 8.999387e+01
5.134371e-01, 8.999476e+01
4.951842e-01, 8.999568e+01
4.772908e-01, 8.999663e+01
4.597324e-01, 8.999760e+01
4.424992e-01, 8.999860e+01
4.255400e-01, 8.999965e+01
4.088281e-01, 9.000075e+01
3.923367e-01, 9.000191e+01
3.760296e-01, 9.000313e+01
3.598709e-01, 9.000443e+01
3.438257e-01, 9.000584e+01
3.278597e-01, 9.000736e+01
3.119416e-01, 9.000903e+01
2.960337e-01, 9.001086e+01
2.800940e-01, 9.001290e+01
2.640837e-01, 9.001520e+01
2.479647e-01, 9.001781e+01
2.317011e-01, 9.002082e+01
2.152550e-01, 9.002435e+01
1.985868e-01, 9.002852e+01
1.816588e-01, 9.003354e+01
1.644342e-01, 9.003974e+01
1.468557e-01, 9.004758e+01
1.288872e-01, 9.005784e+01
1.105021e-01, 9.007181e+01
9.166560e-02, 9.009196e+01
7.234168e-02, 9.012358e+01
5.249599e-02, 9.018029e+01
3.209631e-02, 9.031169e+01
1.111310e-02, 9.095036e+01
1.048952e-02, 2.689384e+02
3.277254e-02, 2.696423e+02
5.510401e-02, 2.697764e+02
3.701601e-02, 2.696660e+02
2.393479e-01, 9.003683e+01
7.586581e-01, 9.000219e+01
1.012651e+00, 8.999782e+01
1.004336e+00, 8.999737e+01
9.535731e-01, 8.999737e+01
9.041354e-01, 8.999737e+01
8.573641e-01, 8.999735e+01
8.131500e-01, 8.999731e+01
7.712802e-01, 8.999723e+01
7.316979e-01, 8.999711e+01
6.943737e-01, 8.999695e+01
6.592590e-01, 8.999674e+01
6.262099e-01, 8.999647e+01
5.952156e-01, 8.999615e+01
5.662154e-01, 8.999574e+01
5.390276e-01, 8.999526e+01
5.135698e-01, 8.999468e+01
4.897166e-01, 8.999400e+01
4.673916e-01, 8.999322e+01
4.464043e-01, 8.999232e+01
4.265969e-01, 8.999128e+01
4.079019e-01, 8.999011e+01
3.902113e-01, 8.998877e+01
3.733738e-01, 8.998727e+01
3.573172e-01, 8.998557e+01
3.418776e-01, 8.998367e+01
3.268718e-01, 8.998154e+01
3.121566e-01, 8.997914e+01
2.976177e-01, 8.997644e+01
2.831495e-01, 8.997339e+01
2.686337e-01, 8.996993e+01
2.539193e-01, 8.996596e+01
2.388636e-01, 8.996138e+01
2.233378e-01, 8.995601e+01
2.071824e-01, 8.994960e+01
1.903177e-01, 8.994182e+01
1.726205e-01, 8.993214e+01
1.539528e-01, 8.991968e+01
1.341981e-01, 8.990294e+01
1.132523e-01, 8.987912e+01
9.101924e-02, 8.984224e+01
6.740571e-02, 8.977703e+01
4.231751e-02, 8.962904e+01
1.575686e-02, 8.896268e+01
1.327571e-02, 8.884643e+01
2.261440e-01, 8.999880e+01
6.887372e-01, 9.004467e+01
9.050903e-01, 9.005028e+01
8.846649e-01, 9.005052e+01
8.335058e-01, 9.005008e+01
7.856714e-01, 9.004951e+01
7.415822e-01, 9.004879e+01
7.012800e-01, 9.004791e+01
6.642449e-01, 9.004687e+01
6.304561e-01, 9.004564e+01
5.996693e-01, 9.004421e+01
5.716174e-01, 9.004256e+01
5.460054e-01, 9.004070e+01
5.226334e-01, 9.003860e+01
5.013990e-01, 9.003625e+01
4.820741e-01, 9.003363e+01
4.645365e-01, 9.003074e+01
4.485428e-01, 9.002754e+01
4.340043e-01, 9.002402e+01
4.205859e-01, 9.002016e+01
4.081049e-01, 9.001594e+01
3.964299e-01, 9.001132e+01
3.854049e-01, 9.000626e+01
3.748595e-01, 9.000072e+01
3.646717e-01, 8.999463e+01
3.546972e-01, 8.998788e+01
3.447607e-01, 8.998037e+01
3.347063e-01, 8.997202e+01
3.244132e-01, 8.996268e+01
3.137587e-01, 8.995216e+01
3.026206e-01, 8.994020e+01
2.908891e-01, 8.992651e+01
2.784642e-01, 8.991072e+01
2.652067e-01, 8.989223e+01
2.509462e-01, 8.987019e+01
2.356681e-01, 8.984373e+01
2.193057e-01, 8.981142e+01
2.017566e-01, 8.977109e+01
1.829588e-01, 8.971945e+01
1.628541e-01, 8.965120e+01
1.413877e-01, 8.955705e+01
1.185013e-01, 8.941923e+01
9.416010e-02, 8.919923e+01
6.928091e-02, 8.881337e+01
7.900093e-02, 8.895301e+01
2.949160e-01, 8.984890e+01
7.323780e-01, 9.005003e+01
9.801060e-01, 9.008690e+01
9.768902e-01, 9.009011e+01
9.197711e-01, 9.008762e+01
8.649118e-01, 9.008451e+01
8.143099e-01, 9.008108e+01
7.676576e-01, 9.007734e+01
7.245721e-01, 9.007334e+01
6.846522e-01, 9.006910e+01
6.476102e-01, 9.006465e+01
6.132151e-01, 9.006002e+01
5.811845e-01, 9.005526e+01
5.511847e-01, 9.005040e+01
5.229656e-01, 9.004548e+01
4.962599e-01, 9.004051e+01
4.707935e-01, 9.003550e+01
4.463409e-01, 9.003048e+01
4.227184e-01, 9.002544e+01
3.996745e-01, 9.002034e+01
3.769735e-01, 9.001512e+01
3.544496e-01, 9.000972e+01
3.319223e-01, 9.000403e+01
3.092111e-01, 8.999788e+01
2.861702e-01, 8.999105e+01
2.626314e-01, 8.998322e+01
2.384218e-01, 8.997388e+01
2.134781e-01, 8.996225e+01
1.877023e-01, 8.994711e+01
1.609295e-01, 8.992618e+01
1.330613e-01, 8.989512e+01
1.040727e-01, 8.984450e+01
7.392161e-02, 8.974846e+01
4.254254e-02, 8.950099e+01
9.861060e-03, 8.755102e+01
2.500450e-03, 2.809110e+02
3.942495e-01, 8.993628e+01
1.581072e+00, 8.999250e+01
2.123791e+00, 8.999814e+01
2.026903e+00, 8.999843e+01
1.888581e+00, 8.999849e+01
1.759625e+00, 8.999862e+01
1.638953e+00, 8.999884e+01
1.525695e+00, 8.999915e+01
1.420322e+00, 8.999955e+01
1.321575e+00, 9.000007e+01
1.228114e+00, 9.000070e+01
1.139094e+00, 9.000144e+01
1.053962e+00, 9.000232e+01
9.721269e-01, 9.000335e+01
8.929841e-01, 9.000455e+01
8.157651e-01, 9.000596e+01
7.397501e-01, 9.000763e+01
6.643842e-01, 9.000964e+01
5.889439e-01, 9.001209e+01
5.127292e-01, 9.001520e+01
4.351368e-01, 9.001935e+01
3.555888e-01, 9.002527e+01
2.735359e-01, 9.003467e+01
1.883303e-01, 9.005261e+01
9.936011e-02, 9.010305e+01
6.162607e-03, 9.169949e+01
9.232739e-02, 2.698854e+02
1.962428e-01, 2.699462e+02
3.064385e-01, 2.699661e+02
4.232103e-01, 2.699762e+02
5.468832e-01, 2.699825e+02
6.779202e-01, 2.699869e+02
8.167201e-01, 2.699902e+02
9.640484e-01, 2.699929e+02
1.120502e+00, 2.699952e+02
1.049393e+00, 2.699972e+02
7.202395e-01, 8.999340e+01
4.338336e+00, 8.999626e+01
6.155004e+00, 8.999687e+01
5.855838e+00, 8.999741e+01
5.190500e+00, 8.999788e+01
4.575587e+00, 8.999823e+01
4.022054e+00, 8.999843e+01
3.526418e+00, 8.999845e+01
3.087250e+00, 8.999824e+01
2.694848e+00, 8.999779e+01
2.346726e+00, 8.999707e+01
2.041009e+00, 8.999602e+01
1.771680e+00, 8.999462e+01
1.534626e+00, 8.999286e+01
1.326785e+00, 8.999073e+01
1.142396e+00, 8.998824e+01
9.762419e-01, 8.998537e+01
8.266649e-01, 8.998227e+01
6.887751e-01, 8.997910e+01
5.559238e-01, 8.997574e+01
4.240285e-01, 8.997201e+01
2.890780e-01, 8.996747e+01
1.457640e-01, 8.995971e+01
1.110240e-02, 2.701052e+02
1.863395e-01, 2.699744e+02
3.842058e-01, 2.699688e+02
6.115464e-01, 2.699662e+02
8.739902e-01, 2.699646e+02
1.176562e+00, 2.699635e+02
1.525182e+00, 2.699629e+02
1.929276e+00, 2.699626e+02
2.394186e+00, 2.699625e+02
2.924192e+00, 2.699627e+02
3.529755e+00, 2.699629e+02
4.217435e+00, 2.699634e+02
4.843540e+00, 2.699631e+02
4.195603e-01, 9.031647e+01
2.088848e+01, 8.999384e+01
2.430984e+01, 8.998947e+01
1.380360e+01, 8.998498e+01
6.236559e+00, 8.997548e+01
1.766701e+00, 8.993838e+01
7.665207e-01, 2.700958e+02
2.037391e+00, 2.700223e+02
2.525108e+00, 2.700092e+02
2.571014e+00, 2.700023e+02
2.350549e+00, 2.699967e+02
1.965553e+00, 2.699910e+02
1.503002e+00, 2.699836e+02
1.014251e+00, 2.699712e+02
5.328914e-01, 2.699405e+02
8.051309e-02, 2.695977e+02
3.270820e-01, 9.009674e+01
6.794435e-01, 9.004372e+01
9.737676e-01, 9.002765e+01
1.213608e+00, 9.001945e+01
1.401645e+00, 9.001424e+01
1.542397e+00, 9.001048e+01
1.643224e+00, 9.000752e+01
1.709439e+00, 9.000508e+01
1.747665e+00, 9.000298e+01
1.764140e+00, 9.000112e+01
1.762088e+00, 8.999945e+01
1.742909e+00, 8.999802e+01
1.715044e+00, 8.999675e+01
1.681612e+00, 8.999564e+01
1.644444e+00, 8.999470e+01
1.605040e+00, 8.999396e+01
1.564837e+00, 8.999342e+01
1.524750e+00, 8.999312e+01
1.485401e+00, 8.999307e+01
1.447321e+00, 8.999330e+01
1.410639e+00, 8.999381e+01
1.375310e+00, 8.999459e+01
1.341307e+00, 8.999563e+01
1.308541e+00, 8.999693e+01
1.276949e+00, 8.999846e+01
1.246428e+00, 9.000020e+01
1.216984e+00, 9.000210e+01
1.188676e+00, 9.000413e+01
1.161414e+00, 9.000624e+01
1.135337e+00, 9.000836e+01
1.110737e+00, 9.001041e+01
1.087798e+00, 9.001232e+01
1.066475e+00, 9.001406e+01
1.046977e+00, 9.001556e+01
1.029636e+00, 9.001677e+01
1.014816e+00, 9.001760e+01
1.002855e+00, 9.001801e+01
9.940783e-01, 9.001798e+01
9.886920e-01, 9.001749e+01
9.865750e-01, 9.001662e+01
9.879906e-01, 9.001538e+01
9.931878e-01, 9.001382e+01
1.002248e+00, 9.001198e+01
1.015503e+00, 9.000994e+01
1.032663e+00, 9.000780e+01
1.053353e+00, 9.000565e+01
1.077533e+00, 9.000355e+01
1.105079e+00, 9.000157e+01
1.135203e+00, 8.999976e+01
1.167446e+00, 8.999815e+01
1.201190e+00, 8.999679e+01
1.235533e+00, 8.999568e+01
1.269524e+00, 8.999481e+01
1.302156e+00, 8.999419e+01
1.332460e+00, 8.999378e+01
1.359491e+00, 8.999356e+01
1.380960e+00, 8.999356e+01
1.396089e+00, 8.999374e+01
1.404574e+00, 8.999404e+01
1.404732e+00, 8.999447e+01
1.395288e+00, 8.999501e+01
1.376178e+00, 8.999565e+01
1.346968e+00, 8.999636e+01
1.307275e+00, 8.999716e+01
1.257440e+00, 8.999804e+01
1.197530e+00, 8.999900e+01
1.128731e+00, 9.000005e+01
1.052403e+00, 9.000120e+01
9.703433e-01, 9.000248e+01
8.848302e-01, 9.000391e+01
7.981525e-01, 9.000553e+01
7.130197e-01, 9.000735e+01
6.323580e-01, 9.000940e+01
5.584855e-01, 9.001169e+01
4.943710e-01, 9.001412e+01
4.438655e-01, 9.001646e+01
4.114693e-01, 9.001820e+01
3.967878e-01, 9.001905e+01
4.008380e-01, 9.001877e+01
4.252164e-01, 9.001735e+01
4.698561e-01, 9.001517e+01
5.338291e-01, 9.001268e+01
6.174815e-01, 9.001019e+01
7.193448e-01, 9.000789e+01
8.359131e-01, 9.000588e+01
9.620189e-01, 9.000420e+01
1.094045e+00, 9.000282e+01
1.227718e+00, 9.000167e+01
1.357725e+00, 9.000072e+01
1.478319e+00, 8.999994e+01
1.584326e+00, 8.999928e+01
1.669919e+00, 8.999875e+01
1.726719e+00, 8.999831e+01
1.753346e+00, 8.999797e+01
1.747137e+00, 8.999773e+01
1.702348e+00, 8.999760e+01
1.617889e+00, 8.999761e+01
1.494314e+00, 8.999779e+01
1.330660e+00, 8.999820e+01
1.127280e+00, 8.999899e+01
8.848031e-01, 9.000048e+01
6.046201e-01, 9.000365e+01
2.860471e-01, 9.001437e+01
6.070306e-02, 2.699015e+02
4.334904e-01, 2.699822e+02
8.313978e-01, 2.699889e+02
1.253809e+00, 2.699917e+02
1.700907e+00, 2.699934e+02
2.175935e+00, 2.699948e+02
2.678783e+00, 2.699959e+02
3.211578e+00, 2.699968e+02
3.780900e+00, 2.699977e+02
4.392838e+00, 2.699986e+02
5.056529e+00, 2.699993e+02
5.783135e+00, 2.700000e+02
6.582959e+00, 2.700007e+02
7.469013e+00, 2.700013e+02
8.454963e+00, 2.700018e+02
9.547712e+00, 2.700023e+02
1.075763e+01, 2.700027e+02
1.210319e+01, 2.700030e+02
1.359189e+01, 2.700032e+02
1.521769e+01, 2.700033e+02
1.696619e+01, 2.700034e+02
1.883105e+01, 2.700034e+02
2.078382e+01, 2.700033e+02
2.277729e+01, 2.700031e+02
2.475676e+01, 2.700029e+02
2.664411e+01, 2.700026e+02
2.833666e+01, 2.700022e+02
2.975859e+01, 2.700019e+02
3.080093e+01, 2.700015e+02
3.132559e+01, 2.700011e+02
3.124835e+01, 2.700007e+02
3.051902e+01, 2.700003e+02
2.913236e+01, 2.700001e+02
2.710050e+01, 2.699999e+02
2.445715e+01, 2.699999e+02
2.130640e+01, 2.700002e+02
1.785213e+01, 2.700007e+02
1.425550e+01, 2.700018e+02
1.071358e+01, 2.700038e+02
7.401016e+00, 2.700078e+02
4.450195e+00, 2.700166e+02
1.936910e+00, 2.700460e+02
1.403194e-01, 8.927507e+01
1.823075e+00, 8.993982e+01
3.088957e+00, 8.996502e+01
4.087244e+00, 8.997646e+01
4.880959e+00, 8.998470e+01
5.491524e+00, 8.999154e+01
5.871455e+00, 8.999750e+01
5.898503e+00, 9.000296e+01
5.337200e+00, 9.000890e+01
3.926709e+00, 9.001864e+01
1.603380e+00, 9.005705e+01
1.222671e+00, 2.699216e+02
3.358489e+00, 2.699761e+02
3.943873e+00, 2.699876e+02
3.150929e+00, 2.699955e+02
2.060791e+00, 2.700051e+02
1.662529e+00, 2.700110e+02
2.142758e+00, 2.700052e+02
3.002500e+00, 2.699992e+02
3.633405e+00, 2.699967e+02
3.625456e+00, 2.699981e+02
3.065922e+00, 2.700049e+02
2.242886e+00, 2.700211e+02
1.472921e+00, 2.700521e+02
9.391687e-01, 2.700962e+02
7.112518e-01, 2.701106e+02
7.575623e-01, 2.700516e+02
1.002297e+00, 2.699755e+02
1.331269e+00, 2.699274e+02
1.617214e+00, 2.699061e+02
1.813848e+00, 2.699034e+02
1.925703e+00, 2.699162e+02
1.995603e+00, 2.699427e+02
2.101547e+00, 2.699756e+02
2.329669e+00, 2.700021e+02
2.723402e+00, 2.700133e+02
3.259180e+00, 2.700103e+02
3.819250e+00, 2.700016e+02
4.245331e+00, 2.699934e+02
4.429858e+00, 2.699895e+02
4.349014e+00, 2.699914e+02
4.030208e+00, 2.699988e+02
3.532995e+00, 2.700086e+02
2.854520e+00, 2.700149e+02
1.913071e+00, 2.700108e+02
8.937189e-01, 2.699857e+02
4.899574e-01, 2.699503e+02
1.784475e+00, 2.700031e+02
4.463553e+00, 2.700131e+02
7.577673e+00, 2.700137e+02
1.150977e+01, 2.700116e+02
1.583150e+01, 2.700092e+02
1.959296e+01, 2.700075e+02
2.140588e+01, 2.700064e+02
1.956236e+01, 2.700058e+02
1.293944e+01, 2.700063e+02
6.234271e-01, 2.700758e+02
1.785216e+01, 8.999883e+01
4.070272e+01, 8.999979e+01
6.445796e+01, 8.999985e+01
8.386840e+01, 8.999978e+01
9.433299e+01, 8.999971e+01
9.446304e+01, 8.999973e+01
8.530198e+01, 8.999988e+01
7.082809e+01, 9.000023e+01
5.485647e+01, 9.000089e+01
4.012528e+01, 9.000203e+01
2.805455e+01, 9.000391e+01
1.883636e+01, 9.000693e+01
1.210539e+01, 9.001181e+01
7.277576e+00, 9.002026e+01
3.883715e+00, 9.003734e+01
1.551815e+00, 9.008819e+01
3.331725e-02, 9.372333e+01
9.429940e-01, 2.698852e+02
1.591912e+00, 2.699424e+02
2.056054e+00, 2.699632e+02
2.404037e+00, 2.699744e+02
2.697723e+00, 2.699815e+02
2.973152e+00, 2.699860e+02
3.246945e+00, 2.699889e+02
3.519944e+00, 2.699907e+02
3.768415e+00, 2.699917e+02
3.929977e+00, 2.699924e+02
3.870938e+00, 2.699933e+02
3.356946e+00, 2.699949e+02
2.061420e+00, 2.699999e+02
6.099335e-01, 8.995345e+01
5.950388e+00, 8.998800e+01
1.731405e+01, 8.999260e+01
4.269200e+01, 8.999554e+01
1.000000e+02, 8.999763e+01
##END
