##TITLE= Pf1-t16-h1569-205R4
##JCAMP-DX= 5.00 Bruker JCAMP library
##DATA TYPE= Shape Data
##ORIGIN= Bruker BioSpin GmbH
##OWNER= <Alexej Jerschow>
##DATE= 2009/02/26
##TIME= 15:16:53
##$SHAPE_PARAMETERS= 
##MINX= 1.327246e-03
##MAXX= 1.000000e+02
##MINY= 8.024956e+01
##MAXY= 3.182972e+02
##$SHAPE_EXMODE= 
##$SHAPE_TOTROT= 
##$SHAPE_TYPE= 
##$SHAPE_USER_DEF= 
##$SHAPE_REPHFAC= 
##$SHAPE_BWFAC= 
##$SHAPE_BWFAC50= 
##$SHAPE_INTEGFAC= 
##$SHAPE_MODE= 
##NPOINTS= 1000
##XYPOINTS= (XY..XY)
5.673887e+00, 8.999676e+01
5.549971e+00, 8.999705e+01
5.427338e+00, 8.999735e+01
5.305990e+00, 8.999766e+01
5.185933e+00, 8.999797e+01
5.067168e+00, 8.999829e+01
4.949699e+00, 8.999861e+01
4.833527e+00, 8.999895e+01
4.718792e+00, 8.999929e+01
4.605355e+00, 8.999964e+01
4.493216e+00, 9.000001e+01
4.382375e+00, 9.000038e+01
4.272830e+00, 9.000077e+01
4.164579e+00, 9.000117e+01
4.057621e+00, 9.000159e+01
3.952089e+00, 9.000202e+01
3.847842e+00, 9.000247e+01
3.744875e+00, 9.000294e+01
3.643183e+00, 9.000342e+01
3.542763e+00, 9.000393e+01
3.443607e+00, 9.000446e+01
3.345712e+00, 9.000501e+01
3.249201e+00, 9.000560e+01
3.153934e+00, 9.000621e+01
3.059902e+00, 9.000685e+01
2.967098e+00, 9.000752e+01
2.875512e+00, 9.000824e+01
2.785136e+00, 9.000899e+01
2.695965e+00, 9.000979e+01
2.608107e+00, 9.001063e+01
2.521427e+00, 9.001153e+01
2.435915e+00, 9.001248e+01
2.351557e+00, 9.001349e+01
2.268343e+00, 9.001457e+01
2.186261e+00, 9.001573e+01
2.105302e+00, 9.001697e+01
2.025563e+00, 9.001830e+01
1.946914e+00, 9.001973e+01
1.869341e+00, 9.002127e+01
1.792829e+00, 9.002293e+01
1.717365e+00, 9.002473e+01
1.642934e+00, 9.002668e+01
1.569523e+00, 9.002881e+01
1.497216e+00, 9.003113e+01
1.425892e+00, 9.003367e+01
1.355533e+00, 9.003646e+01
1.286122e+00, 9.003953e+01
1.217643e+00, 9.004294e+01
1.150078e+00, 9.004673e+01
1.083414e+00, 9.005096e+01
1.017717e+00, 9.005571e+01
9.528767e-01, 9.006109e+01
8.888732e-01, 9.006720e+01
8.256877e-01, 9.007422e+01
7.633007e-01, 9.008233e+01
7.016927e-01, 9.009182e+01
6.408480e-01, 9.010304e+01
5.808163e-01, 9.011650e+01
5.214987e-01, 9.013292e+01
4.628741e-01, 9.015338e+01
4.049214e-01, 9.017953e+01
3.476193e-01, 9.021409e+01
2.909460e-01, 9.026180e+01
2.348838e-01, 9.033184e+01
1.794651e-01, 9.044440e+01
1.246055e-01, 9.065478e+01
7.028513e-02, 9.118738e+01
1.652211e-02, 9.517205e+01
3.690284e-02, 2.676349e+02
8.974559e-02, 2.690061e+02
1.421564e-01, 2.693587e+02
1.941104e-01, 2.695200e+02
2.456758e-01, 2.696124e+02
2.968763e-01, 2.696723e+02
3.477361e-01, 2.697142e+02
3.982798e-01, 2.697451e+02
4.485321e-01, 2.697689e+02
4.985156e-01, 2.697876e+02
5.482346e-01, 2.698028e+02
5.977422e-01, 2.698154e+02
6.470640e-01, 2.698259e+02
6.962254e-01, 2.698348e+02
7.452523e-01, 2.698426e+02
7.941703e-01, 2.698492e+02
8.430049e-01, 2.698551e+02
8.917779e-01, 2.698603e+02
9.405255e-01, 2.698649e+02
9.892738e-01, 2.698690e+02
1.038049e+00, 2.698726e+02
1.086879e+00, 2.698760e+02
1.135788e+00, 2.698790e+02
1.184805e+00, 2.698818e+02
1.233970e+00, 2.698843e+02
1.283301e+00, 2.698866e+02
1.332823e+00, 2.698888e+02
1.382565e+00, 2.698908e+02
1.432553e+00, 2.698926e+02
1.482814e+00, 2.698943e+02
1.533377e+00, 2.698959e+02
1.584301e+00, 2.698974e+02
1.635583e+00, 2.698988e+02
1.687251e+00, 2.699002e+02
1.739331e+00, 2.699014e+02
1.791852e+00, 2.699026e+02
1.844838e+00, 2.699037e+02
1.898324e+00, 2.699048e+02
1.952381e+00, 2.699059e+02
2.006990e+00, 2.699068e+02
2.062177e+00, 2.699078e+02
2.117969e+00, 2.699087e+02
2.174392e+00, 2.699096e+02
2.231474e+00, 2.699104e+02
2.289247e+00, 2.699113e+02
2.347800e+00, 2.699121e+02
2.407094e+00, 2.699129e+02
2.467154e+00, 2.699136e+02
2.528008e+00, 2.699144e+02
2.589679e+00, 2.699151e+02
2.652194e+00, 2.699158e+02
2.715589e+00, 2.699165e+02
2.779963e+00, 2.699172e+02
2.845260e+00, 2.699179e+02
2.911505e+00, 2.699186e+02
2.978722e+00, 2.699192e+02
3.046935e+00, 2.699199e+02
2.623454e+01, 8.999715e+01
2.643585e+01, 8.999591e+01
2.254127e+01, 8.999579e+01
1.915288e+01, 8.999572e+01
1.620597e+01, 8.999569e+01
1.364380e+01, 8.999573e+01
1.141676e+01, 8.999586e+01
9.481586e+00, 8.999611e+01
7.803846e+00, 8.999652e+01
6.365439e+00, 8.999717e+01
5.115120e+00, 8.999815e+01
4.029081e+00, 8.999965e+01
3.086644e+00, 9.000200e+01
2.269854e+00, 9.000584e+01
1.563117e+00, 9.001273e+01
9.541936e-01, 9.002737e+01
4.368725e-01, 9.007302e+01
7.730961e-03, 2.651667e+02
3.881253e-01, 2.698908e+02
7.118880e-01, 2.699338e+02
9.855421e-01, 2.699477e+02
1.214820e+00, 2.699542e+02
1.404181e+00, 2.699576e+02
1.555766e+00, 2.699595e+02
1.676987e+00, 2.699604e+02
1.771170e+00, 2.699608e+02
1.841264e+00, 2.699608e+02
1.889895e+00, 2.699604e+02
1.919401e+00, 2.699598e+02
1.931619e+00, 2.699589e+02
1.927462e+00, 2.699578e+02
1.910145e+00, 2.699565e+02
1.881153e+00, 2.699550e+02
1.841831e+00, 2.699533e+02
1.793401e+00, 2.699514e+02
1.736975e+00, 2.699493e+02
1.673457e+00, 2.699468e+02
1.603417e+00, 2.699441e+02
1.528317e+00, 2.699410e+02
1.448916e+00, 2.699375e+02
1.365904e+00, 2.699335e+02
1.279915e+00, 2.699290e+02
1.191532e+00, 2.699238e+02
1.101259e+00, 2.699177e+02
1.009533e+00, 2.699105e+02
9.169535e-01, 2.699019e+02
8.239156e-01, 2.698915e+02
7.307780e-01, 2.698786e+02
6.378661e-01, 2.698620e+02
5.454743e-01, 2.698402e+02
4.538872e-01, 2.698100e+02
3.634410e-01, 2.697656e+02
2.742677e-01, 2.696934e+02
1.865499e-01, 2.695556e+02
1.004502e-01, 2.691871e+02
1.615198e-02, 2.650203e+02
6.639610e-02, 9.118910e+01
1.468397e-01, 9.052781e+01
2.250269e-01, 9.033776e+01
3.010653e-01, 9.024731e+01
3.749001e-01, 9.019436e+01
4.464895e-01, 9.015953e+01
5.158033e-01, 9.013485e+01
5.828223e-01, 9.011642e+01
6.474885e-01, 9.010211e+01
7.096429e-01, 9.009068e+01
7.695017e-01, 9.008130e+01
8.270810e-01, 9.007345e+01
8.824030e-01, 9.006678e+01
9.354952e-01, 9.006101e+01
9.863903e-01, 9.005598e+01
1.035079e+00, 9.005154e+01
1.081463e+00, 9.004760e+01
1.125780e+00, 9.004405e+01
1.168076e+00, 9.004084e+01
1.208399e+00, 9.003792e+01
1.246800e+00, 9.003523e+01
1.283330e+00, 9.003276e+01
1.318001e+00, 9.003046e+01
1.350756e+00, 9.002833e+01
1.381807e+00, 9.002634e+01
1.411209e+00, 9.002446e+01
1.439012e+00, 9.002269e+01
1.465268e+00, 9.002102e+01
1.490029e+00, 9.001943e+01
1.513311e+00, 9.001792e+01
1.535079e+00, 9.001648e+01
1.555506e+00, 9.001510e+01
1.574640e+00, 9.001377e+01
1.592523e+00, 9.001250e+01
1.609200e+00, 9.001126e+01
1.624711e+00, 9.001007e+01
1.639071e+00, 9.000892e+01
1.652252e+00, 9.000781e+01
1.664389e+00, 9.000672e+01
1.675518e+00, 9.000567e+01
1.685672e+00, 9.000464e+01
1.694881e+00, 9.000363e+01
1.703176e+00, 9.000265e+01
1.710563e+00, 9.000168e+01
1.717020e+00, 9.000074e+01
1.722649e+00, 8.999982e+01
1.727474e+00, 8.999891e+01
1.731517e+00, 8.999801e+01
1.734800e+00, 8.999713e+01
1.737344e+00, 8.999626e+01
1.739149e+00, 8.999541e+01
1.740192e+00, 8.999456e+01
1.740554e+00, 8.999373e+01
1.740251e+00, 8.999290e+01
1.739298e+00, 8.999208e+01
1.737710e+00, 8.999127e+01
1.735501e+00, 8.999046e+01
1.732668e+00, 8.998966e+01
1.729191e+00, 8.998886e+01
1.725134e+00, 8.998807e+01
1.720510e+00, 8.998728e+01
1.715330e+00, 8.998649e+01
1.709606e+00, 8.998570e+01
1.703350e+00, 8.998491e+01
1.696558e+00, 8.998412e+01
1.689213e+00, 8.998334e+01
1.681372e+00, 8.998255e+01
1.673044e+00, 8.998175e+01
1.664243e+00, 8.998096e+01
1.654978e+00, 8.998015e+01
1.645261e+00, 8.997935e+01
1.635092e+00, 8.997853e+01
1.624459e+00, 8.997771e+01
1.613413e+00, 8.997688e+01
1.601964e+00, 8.997604e+01
1.590127e+00, 8.997519e+01
1.577914e+00, 8.997433e+01
1.565338e+00, 8.997345e+01
1.552403e+00, 8.997256e+01
1.539105e+00, 8.997166e+01
1.525489e+00, 8.997073e+01
1.511568e+00, 8.996979e+01
1.497358e+00, 8.996883e+01
1.482874e+00, 8.996785e+01
1.468131e+00, 8.996685e+01
1.453138e+00, 8.996582e+01
1.437901e+00, 8.996476e+01
1.422456e+00, 8.996368e+01
1.406821e+00, 8.996257e+01
1.391012e+00, 8.996142e+01
1.375047e+00, 8.996025e+01
1.358941e+00, 8.995904e+01
1.342711e+00, 8.995779e+01
1.326370e+00, 8.995650e+01
1.309946e+00, 8.995517e+01
1.293458e+00, 8.995380e+01
1.276923e+00, 8.995239e+01
1.260360e+00, 8.995093e+01
1.243786e+00, 8.994942e+01
1.227222e+00, 8.994786e+01
1.210688e+00, 8.994625e+01
1.194203e+00, 8.994458e+01
1.177785e+00, 8.994286e+01
1.161451e+00, 8.994107e+01
1.145221e+00, 8.993923e+01
1.129111e+00, 8.993733e+01
1.113145e+00, 8.993536e+01
1.097350e+00, 8.993332e+01
1.081733e+00, 8.993122e+01
1.066309e+00, 8.992905e+01
1.051098e+00, 8.992680e+01
1.036114e+00, 8.992449e+01
1.021374e+00, 8.992211e+01
1.006903e+00, 8.991966e+01
9.927327e-01, 8.991713e+01
9.788562e-01, 8.991453e+01
9.652887e-01, 8.991185e+01
9.520446e-01, 8.990911e+01
9.391378e-01, 8.990630e+01
9.265817e-01, 8.990342e+01
9.144020e-01, 8.990047e+01
9.026297e-01, 8.989746e+01
8.912478e-01, 8.989439e+01
8.802678e-01, 8.989126e+01
8.697001e-01, 8.988808e+01
8.595551e-01, 8.988484e+01
8.498421e-01, 8.988157e+01
8.405857e-01, 8.987825e+01
8.318146e-01, 8.987490e+01
8.235018e-01, 8.987152e+01
8.156542e-01, 8.986813e+01
8.082778e-01, 8.986472e+01
8.013781e-01, 8.986130e+01
7.949597e-01, 8.985789e+01
7.890441e-01, 8.985448e+01
7.836553e-01, 8.985110e+01
7.787580e-01, 8.984774e+01
7.743540e-01, 8.984442e+01
7.704442e-01, 8.984114e+01
7.670285e-01, 8.983792e+01
7.641064e-01, 8.983475e+01
7.616941e-01, 8.983165e+01
7.598088e-01, 8.982863e+01
7.584097e-01, 8.982570e+01
7.574927e-01, 8.982285e+01
7.570531e-01, 8.982010e+01
7.570854e-01, 8.981745e+01
7.575833e-01, 8.981491e+01
7.585561e-01, 8.981248e+01
7.600124e-01, 8.981016e+01
7.619085e-01, 8.980796e+01
7.642349e-01, 8.980588e+01
7.669809e-01, 8.980392e+01
7.701355e-01, 8.980208e+01
7.736866e-01, 8.980036e+01
7.776355e-01, 8.979876e+01
7.819805e-01, 8.979729e+01
7.866786e-01, 8.979592e+01
7.917147e-01, 8.979468e+01
7.970729e-01, 8.979354e+01
8.027366e-01, 8.979251e+01
8.086888e-01, 8.979158e+01
8.149212e-01, 8.979074e+01
8.214217e-01, 8.979001e+01
8.281511e-01, 8.978936e+01
8.350894e-01, 8.978879e+01
8.422162e-01, 8.978829e+01
8.495105e-01, 8.978787e+01
8.569506e-01, 8.978752e+01
8.645187e-01, 8.978722e+01
8.721924e-01, 8.978697e+01
8.799399e-01, 8.978677e+01
8.877375e-01, 8.978662e+01
8.955615e-01, 8.978649e+01
9.033877e-01, 8.978640e+01
9.111917e-01, 8.978633e+01
9.189460e-01, 8.978628e+01
9.266203e-01, 8.978624e+01
9.341927e-01, 8.978620e+01
9.416383e-01, 8.978616e+01
9.489317e-01, 8.978612e+01
9.560480e-01, 8.978607e+01
9.629619e-01, 8.978601e+01
9.696385e-01, 8.978593e+01
9.760419e-01, 8.978582e+01
9.821638e-01, 8.978568e+01
9.879801e-01, 8.978550e+01
9.934671e-01, 8.978529e+01
9.986013e-01, 8.978504e+01
1.003360e+00, 8.978474e+01
1.007703e+00, 8.978438e+01
1.011595e+00, 8.978397e+01
1.015042e+00, 8.978349e+01
1.018024e+00, 8.978294e+01
1.020523e+00, 8.978233e+01
1.022519e+00, 8.978165e+01
1.023996e+00, 8.978089e+01
1.024914e+00, 8.978004e+01
1.025240e+00, 8.977909e+01
1.024999e+00, 8.977805e+01
1.024177e+00, 8.977692e+01
1.022764e+00, 8.977568e+01
1.020748e+00, 8.977433e+01
1.018122e+00, 8.977287e+01
1.014852e+00, 8.977129e+01
1.010915e+00, 8.976957e+01
1.006351e+00, 8.976771e+01
1.001156e+00, 8.976572e+01
9.953306e-01, 8.976359e+01
9.888759e-01, 8.976131e+01
9.817949e-01, 8.975886e+01
9.740654e-01, 8.975625e+01
9.656806e-01, 8.975344e+01
9.566911e-01, 8.975045e+01
9.471075e-01, 8.974727e+01
9.369426e-01, 8.974389e+01
9.262108e-01, 8.974030e+01
9.149285e-01, 8.973649e+01
9.030914e-01, 8.973244e+01
8.907117e-01, 8.972813e+01
8.778469e-01, 8.972356e+01
8.645217e-01, 8.971873e+01
8.507624e-01, 8.971362e+01
8.365972e-01, 8.970823e+01
8.220561e-01, 8.970252e+01
8.071572e-01, 8.969649e+01
7.919326e-01, 8.969012e+01
7.764400e-01, 8.968340e+01
7.607166e-01, 8.967633e+01
7.448011e-01, 8.966889e+01
7.287339e-01, 8.966107e+01
7.125564e-01, 8.965285e+01
6.963108e-01, 8.964423e+01
6.800475e-01, 8.963519e+01
6.638155e-01, 8.962573e+01
6.476615e-01, 8.961586e+01
6.316328e-01, 8.960557e+01
6.157778e-01, 8.959487e+01
6.001453e-01, 8.958376e+01
5.848003e-01, 8.957228e+01
5.698059e-01, 8.956044e+01
5.551939e-01, 8.954828e+01
5.410147e-01, 8.953584e+01
5.273190e-01, 8.952317e+01
5.141572e-01, 8.951034e+01
5.015793e-01, 8.949742e+01
4.896680e-01, 8.948454e+01
4.784908e-01, 8.947182e+01
4.680548e-01, 8.945935e+01
4.584075e-01, 8.944726e+01
4.495954e-01, 8.943570e+01
4.416639e-01, 8.942483e+01
4.346572e-01, 8.941481e+01
4.286668e-01, 8.940587e+01
4.237545e-01, 8.939819e+01
4.198974e-01, 8.939186e+01
4.171322e-01, 8.938702e+01
4.154936e-01, 8.938378e+01
4.150141e-01, 8.938225e+01
4.157235e-01, 8.938248e+01
4.177103e-01, 8.938459e+01
4.210185e-01, 8.938859e+01
4.255925e-01, 8.939433e+01
4.314499e-01, 8.940173e+01
4.386049e-01, 8.941067e+01
4.470680e-01, 8.942102e+01
4.568465e-01, 8.943263e+01
4.680091e-01, 8.944538e+01
4.805701e-01, 8.945910e+01
4.944426e-01, 8.947353e+01
5.096168e-01, 8.948847e+01
5.260790e-01, 8.950377e+01
5.438113e-01, 8.951926e+01
5.627917e-01, 8.953480e+01
5.830543e-01, 8.955032e+01
6.045762e-01, 8.956569e+01
6.272485e-01, 8.958077e+01
6.510327e-01, 8.959550e+01
6.758865e-01, 8.960980e+01
7.017642e-01, 8.962364e+01
7.286169e-01, 8.963698e+01
7.564368e-01, 8.964982e+01
7.851678e-01, 8.966213e+01
8.146967e-01, 8.967390e+01
8.449621e-01, 8.968512e+01
8.759003e-01, 8.969580e+01
9.074450e-01, 8.970595e+01
9.395276e-01, 8.971559e+01
9.720968e-01, 8.972473e+01
1.005071e+00, 8.973338e+01
1.038346e+00, 8.974157e+01
1.071844e+00, 8.974931e+01
1.105482e+00, 8.975661e+01
1.139178e+00, 8.976351e+01
1.172843e+00, 8.977000e+01
1.206379e+00, 8.977613e+01
1.239678e+00, 8.978188e+01
1.272654e+00, 8.978729e+01
1.305212e+00, 8.979238e+01
1.337253e+00, 8.979715e+01
1.368677e+00, 8.980162e+01
1.399385e+00, 8.980580e+01
1.429225e+00, 8.980970e+01
1.458075e+00, 8.981333e+01
1.485885e+00, 8.981671e+01
1.512552e+00, 8.981984e+01
1.537977e+00, 8.982274e+01
1.562063e+00, 8.982542e+01
1.584715e+00, 8.982788e+01
1.605750e+00, 8.983011e+01
1.625063e+00, 8.983213e+01
1.642657e+00, 8.983395e+01
1.658449e+00, 8.983558e+01
1.672363e+00, 8.983701e+01
1.684325e+00, 8.983826e+01
1.694264e+00, 8.983932e+01
1.701998e+00, 8.984018e+01
1.707454e+00, 8.984086e+01
1.710694e+00, 8.984135e+01
1.711666e+00, 8.984165e+01
1.710322e+00, 8.984177e+01
1.706619e+00, 8.984171e+01
1.700515e+00, 8.984144e+01
1.691834e+00, 8.984097e+01
1.680542e+00, 8.984028e+01
1.666744e+00, 8.983937e+01
1.650417e+00, 8.983823e+01
1.631540e+00, 8.983685e+01
1.610097e+00, 8.983521e+01
1.586075e+00, 8.983329e+01
1.559319e+00, 8.983105e+01
1.529833e+00, 8.982848e+01
1.497761e+00, 8.982554e+01
1.463111e+00, 8.982220e+01
1.425898e+00, 8.981842e+01
1.386141e+00, 8.981414e+01
1.343865e+00, 8.980929e+01
1.298958e+00, 8.980378e+01
1.251471e+00, 8.979750e+01
1.201584e+00, 8.979036e+01
1.149342e+00, 8.978221e+01
1.094800e+00, 8.977285e+01
1.038015e+00, 8.976205e+01
9.790500e-01, 8.974949e+01
9.178514e-01, 8.973474e+01
8.545110e-01, 8.971723e+01
7.892133e-01, 8.969623e+01
7.220332e-01, 8.967063e+01
6.530469e-01, 8.963885e+01
5.823313e-01, 8.959844e+01
5.099633e-01, 8.954545e+01
4.359304e-01, 8.947301e+01
3.603293e-01, 8.936827e+01
2.833148e-01, 8.920405e+01
2.049587e-01, 8.891023e+01
1.253358e-01, 8.823508e+01
4.457867e-02, 8.508170e+01
3.779438e-02, 2.757453e+02
1.208461e-01, 2.717757e+02
2.051015e-01, 2.710353e+02
2.903647e-01, 2.707236e+02
3.765829e-01, 2.705519e+02
4.637139e-01, 2.704434e+02
5.517207e-01, 2.703686e+02
6.405696e-01, 2.703139e+02
7.302775e-01, 2.702723e+02
8.208055e-01, 2.702395e+02
9.120893e-01, 2.702131e+02
1.004108e+00, 2.701914e+02
1.096846e+00, 2.701731e+02
1.190287e+00, 2.701577e+02
1.284424e+00, 2.701444e+02
1.379294e+00, 2.701329e+02
1.474889e+00, 2.701228e+02
1.571185e+00, 2.701139e+02
1.668198e+00, 2.701060e+02
1.765951e+00, 2.700989e+02
1.864476e+00, 2.700926e+02
1.963815e+00, 2.700868e+02
2.064076e+00, 2.700816e+02
2.165319e+00, 2.700769e+02
2.267575e+00, 2.700725e+02
2.370928e+00, 2.700685e+02
2.475474e+00, 2.700648e+02
2.581313e+00, 2.700614e+02
2.688559e+00, 2.700582e+02
2.797435e+00, 2.700553e+02
2.908063e+00, 2.700525e+02
3.020503e+00, 2.700500e+02
3.134892e+00, 2.700476e+02
3.251373e+00, 2.700453e+02
3.370088e+00, 2.700432e+02
3.491183e+00, 2.700412e+02
3.614974e+00, 2.700393e+02
3.741589e+00, 2.700375e+02
3.871056e+00, 2.700358e+02
4.003527e+00, 2.700342e+02
4.139152e+00, 2.700326e+02
4.278086e+00, 2.700312e+02
4.420488e+00, 2.700298e+02
4.566762e+00, 2.700285e+02
4.717032e+00, 2.700272e+02
4.871300e+00, 2.700260e+02
5.029741e+00, 2.700249e+02
5.192533e+00, 2.700238e+02
5.359856e+00, 2.700228e+02
5.531895e+00, 2.700218e+02
5.709161e+00, 2.700208e+02
5.891766e+00, 2.700199e+02
6.079659e+00, 2.700190e+02
6.273008e+00, 2.700182e+02
6.471974e+00, 2.700174e+02
6.676704e+00, 2.700166e+02
6.887336e+00, 2.700159e+02
7.104393e+00, 2.700152e+02
7.327868e+00, 2.700145e+02
7.557570e+00, 2.700138e+02
7.793561e+00, 2.700132e+02
8.035880e+00, 2.700126e+02
8.284546e+00, 2.700120e+02
8.539552e+00, 2.700114e+02
8.801283e+00, 2.700109e+02
9.069523e+00, 2.700103e+02
9.343895e+00, 2.700098e+02
9.624269e+00, 2.700093e+02
9.910482e+00, 2.700088e+02
1.020233e+01, 2.700084e+02
1.049958e+01, 2.700079e+02
1.080227e+01, 2.700075e+02
1.110990e+01, 2.700071e+02
1.142186e+01, 2.700067e+02
1.173773e+01, 2.700063e+02
1.205700e+01, 2.700059e+02
1.237915e+01, 2.700056e+02
1.270356e+01, 2.700052e+02
1.302965e+01, 2.700048e+02
1.335655e+01, 2.700045e+02
1.368339e+01, 2.700042e+02
1.400930e+01, 2.700038e+02
1.433338e+01, 2.700035e+02
1.465462e+01, 2.700032e+02
1.497197e+01, 2.700029e+02
1.528390e+01, 2.700026e+02
1.558919e+01, 2.700023e+02
1.588682e+01, 2.700021e+02
1.617548e+01, 2.700018e+02
1.645381e+01, 2.700015e+02
1.672042e+01, 2.700013e+02
1.697386e+01, 2.700010e+02
1.721154e+01, 2.700008e+02
1.743216e+01, 2.700005e+02
1.763483e+01, 2.700003e+02
1.781800e+01, 2.700001e+02
1.798016e+01, 2.699999e+02
1.811979e+01, 2.699997e+02
1.823543e+01, 2.699995e+02
1.832373e+01, 2.699993e+02
1.838391e+01, 2.699991e+02
1.841570e+01, 2.699989e+02
1.841791e+01, 2.699987e+02
1.838943e+01, 2.699986e+02
1.832929e+01, 2.699984e+02
1.823664e+01, 2.699983e+02
1.810837e+01, 2.699982e+02
1.794497e+01, 2.699981e+02
1.774745e+01, 2.699980e+02
1.751570e+01, 2.699979e+02
1.724983e+01, 2.699978e+02
1.695013e+01, 2.699977e+02
1.661713e+01, 2.699977e+02
1.624931e+01, 2.699977e+02
1.584887e+01, 2.699976e+02
1.541836e+01, 2.699976e+02
1.495923e+01, 2.699977e+02
1.447318e+01, 2.699977e+02
1.396209e+01, 2.699978e+02
1.342805e+01, 2.699978e+02
1.287194e+01, 2.699979e+02
1.229724e+01, 2.699981e+02
1.170730e+01, 2.699982e+02
1.110476e+01, 2.699984e+02
1.049238e+01, 2.699987e+02
9.872949e+00, 2.699989e+02
9.249282e+00, 2.699993e+02
8.624290e+00, 2.699997e+02
8.001150e+00, 2.700001e+02
7.382592e+00, 2.700007e+02
6.771202e+00, 2.700013e+02
6.169436e+00, 2.700021e+02
5.579594e+00, 2.700030e+02
5.003794e+00, 2.700042e+02
4.445266e+00, 2.700056e+02
3.905270e+00, 2.700073e+02
3.384590e+00, 2.700096e+02
2.884344e+00, 2.700126e+02
2.405381e+00, 2.700166e+02
1.948278e+00, 2.700222e+02
1.513343e+00, 2.700308e+02
1.102279e+00, 2.700450e+02
7.139388e-01, 2.700733e+02
3.470369e-01, 2.701577e+02
1.327246e-03, 3.182972e+02
3.253746e-01, 8.982048e+01
6.327171e-01, 8.990581e+01
9.222230e-01, 8.993464e+01
1.193835e+00, 8.994942e+01
1.449517e+00, 8.995867e+01
1.690939e+00, 8.996521e+01
1.919112e+00, 8.997023e+01
2.134936e+00, 8.997432e+01
2.339168e+00, 8.997781e+01
2.532407e+00, 8.998090e+01
2.714267e+00, 8.998370e+01
2.885415e+00, 8.998629e+01
3.046171e+00, 8.998870e+01
3.196276e+00, 8.999097e+01
3.335243e+00, 8.999312e+01
3.462342e+00, 8.999517e+01
3.576578e+00, 8.999712e+01
3.675434e+00, 8.999899e+01
3.757665e+00, 9.000078e+01
3.821664e+00, 9.000251e+01
3.864927e+00, 9.000421e+01
3.884490e+00, 9.000588e+01
3.876912e+00, 9.000755e+01
3.838279e+00, 9.000927e+01
3.761076e+00, 9.001109e+01
3.641631e+00, 9.001308e+01
3.476265e+00, 9.001534e+01
3.260297e+00, 9.001803e+01
2.989601e+00, 9.002140e+01
2.661082e+00, 9.002586e+01
2.273250e+00, 9.003223e+01
1.822522e+00, 9.004238e+01
1.316429e+00, 9.006123e+01
7.651459e-01, 9.010883e+01
1.810901e-01, 9.047012e+01
4.191667e-01, 2.697947e+02
1.015203e+00, 2.699154e+02
1.583733e+00, 2.699466e+02
2.093883e+00, 2.699608e+02
2.521700e+00, 2.699690e+02
2.849219e+00, 2.699744e+02
3.062872e+00, 2.699781e+02
3.157074e+00, 2.699810e+02
3.135255e+00, 2.699832e+02
3.009823e+00, 2.699851e+02
2.796431e+00, 2.699868e+02
2.528918e+00, 2.699884e+02
2.238735e+00, 2.699899e+02
1.954033e+00, 2.699916e+02
1.699607e+00, 2.699934e+02
1.495057e+00, 2.699952e+02
1.353711e+00, 2.699969e+02
1.288091e+00, 2.699982e+02
1.294226e+00, 2.699988e+02
1.364062e+00, 2.699987e+02
1.487842e+00, 2.699982e+02
1.653293e+00, 2.699974e+02
1.846831e+00, 2.699965e+02
2.054622e+00, 2.699957e+02
2.262543e+00, 2.699950e+02
2.457521e+00, 2.699944e+02
2.629975e+00, 2.699940e+02
2.772381e+00, 2.699937e+02
2.879362e+00, 2.699936e+02
2.947631e+00, 2.699937e+02
2.975858e+00, 2.699940e+02
2.961330e+00, 2.699945e+02
2.908612e+00, 2.699954e+02
2.822250e+00, 2.699966e+02
2.706557e+00, 2.699982e+02
2.566461e+00, 2.700002e+02
2.407257e+00, 2.700029e+02
2.234384e+00, 2.700062e+02
2.052972e+00, 2.700104e+02
1.869196e+00, 2.700155e+02
1.687940e+00, 2.700217e+02
1.513378e+00, 2.700291e+02
1.349120e+00, 2.700378e+02
1.198165e+00, 2.700477e+02
1.062879e+00, 2.700587e+02
9.465721e-01, 2.700702e+02
8.493822e-01, 2.700813e+02
7.712452e-01, 2.700911e+02
7.120487e-01, 2.700979e+02
6.712242e-01, 2.701007e+02
6.478088e-01, 2.700983e+02
6.405106e-01, 2.700907e+02
6.488686e-01, 2.700781e+02
6.700296e-01, 2.700624e+02
7.017143e-01, 2.700450e+02
7.419538e-01, 2.700273e+02
7.887728e-01, 2.700103e+02
8.402371e-01, 2.699945e+02
8.944952e-01, 2.699803e+02
9.497677e-01, 2.699680e+02
1.004256e+00, 2.699574e+02
1.056585e+00, 2.699487e+02
1.105606e+00, 2.699416e+02
1.150383e+00, 2.699362e+02
1.190214e+00, 2.699324e+02
1.224626e+00, 2.699301e+02
1.252898e+00, 2.699295e+02
1.275436e+00, 2.699304e+02
1.292681e+00, 2.699329e+02
1.305163e+00, 2.699368e+02
1.313622e+00, 2.699421e+02
1.318998e+00, 2.699489e+02
1.322406e+00, 2.699569e+02
1.325175e+00, 2.699662e+02
1.328909e+00, 2.699765e+02
1.335102e+00, 2.699873e+02
1.345261e+00, 2.699984e+02
1.360870e+00, 2.700093e+02
1.383330e+00, 2.700197e+02
1.413906e+00, 2.700291e+02
1.454543e+00, 2.700371e+02
1.505459e+00, 2.700434e+02
1.566813e+00, 2.700479e+02
1.638575e+00, 2.700506e+02
1.720285e+00, 2.700517e+02
1.811026e+00, 2.700513e+02
1.909421e+00, 2.700498e+02
2.013976e+00, 2.700472e+02
2.121790e+00, 2.700441e+02
2.230160e+00, 2.700406e+02
2.336332e+00, 2.700371e+02
2.437501e+00, 2.700335e+02
2.530950e+00, 2.700302e+02
2.614183e+00, 2.700272e+02
2.683771e+00, 2.700247e+02
2.738759e+00, 2.700226e+02
2.778332e+00, 2.700212e+02
2.801914e+00, 2.700204e+02
2.809383e+00, 2.700202e+02
2.800996e+00, 2.700208e+02
2.777290e+00, 2.700222e+02
2.737740e+00, 2.700245e+02
2.684329e+00, 2.700276e+02
2.618301e+00, 2.700316e+02
2.540706e+00, 2.700365e+02
2.452730e+00, 2.700422e+02
2.355697e+00, 2.700486e+02
2.251015e+00, 2.700557e+02
2.139517e+00, 2.700634e+02
2.022578e+00, 2.700713e+02
1.900214e+00, 2.700796e+02
1.771081e+00, 2.700880e+02
1.632449e+00, 2.700969e+02
1.480407e+00, 2.701067e+02
1.310593e+00, 2.701187e+02
1.117371e+00, 2.701350e+02
9.019166e-01, 2.701607e+02
6.693708e-01, 2.702067e+02
4.304137e-01, 2.703069e+02
2.018541e-01, 2.706285e+02
5.975734e-03, 2.911325e+02
1.335774e-01, 8.908323e+01
1.809535e-01, 8.931147e+01
1.194486e-01, 8.891375e+01
6.442027e-02, 2.721379e+02
3.789365e-01, 2.703906e+02
8.268958e-01, 2.701937e+02
1.406930e+00, 2.701232e+02
2.116242e+00, 2.700882e+02
2.965696e+00, 2.700673e+02
3.343510e+00, 2.700632e+02
2.691148e+00, 2.700829e+02
3.627244e+00, 2.700646e+02
4.508120e+00, 2.700542e+02
5.347191e+00, 2.700473e+02
6.158213e+00, 2.700422e+02
6.953623e+00, 2.700382e+02
7.745465e+00, 2.700349e+02
8.539079e+00, 2.700320e+02
9.333985e+00, 2.700296e+02
1.012339e+01, 2.700275e+02
1.089406e+01, 2.700258e+02
1.162681e+01, 2.700243e+02
1.228894e+01, 2.700230e+02
1.285464e+01, 2.700221e+02
1.329551e+01, 2.700213e+02
1.358247e+01, 2.700208e+02
1.368806e+01, 2.700205e+02
1.358736e+01, 2.700205e+02
1.325844e+01, 2.700207e+02
1.265705e+01, 2.700213e+02
1.178602e+01, 2.700224e+02
1.063576e+01, 2.700243e+02
9.194664e+00, 2.700274e+02
7.452625e+00, 2.700328e+02
5.401100e+00, 2.700440e+02
3.033631e+00, 2.700759e+02
3.158201e-01, 2.707084e+02
2.723845e+00, 8.992013e+01
6.072240e+00, 8.996508e+01
9.712965e+00, 8.997866e+01
1.362035e+01, 8.998508e+01
1.775848e+01, 8.998874e+01
2.208061e+01, 8.999105e+01
2.653499e+01, 8.999261e+01
3.103500e+01, 8.999371e+01
3.550130e+01, 8.999451e+01
3.985054e+01, 8.999510e+01
4.399655e+01, 8.999555e+01
4.785365e+01, 8.999589e+01
5.134008e+01, 8.999616e+01
5.433148e+01, 8.999636e+01
5.679944e+01, 8.999652e+01
5.870510e+01, 8.999665e+01
6.002096e+01, 8.999676e+01
6.073757e+01, 8.999685e+01
6.086354e+01, 8.999693e+01
6.042439e+01, 8.999700e+01
5.941355e+01, 8.999707e+01
5.793635e+01, 8.999714e+01
5.606129e+01, 8.999722e+01
5.385497e+01, 8.999731e+01
5.138494e+01, 8.999742e+01
4.871705e+01, 8.999753e+01
4.591319e+01, 8.999767e+01
4.302691e+01, 8.999784e+01
4.011891e+01, 8.999803e+01
3.723105e+01, 8.999825e+01
3.439743e+01, 8.999851e+01
3.164551e+01, 8.999882e+01
2.899665e+01, 8.999918e+01
2.646674e+01, 8.999959e+01
2.408069e+01, 9.000007e+01
2.183373e+01, 9.000062e+01
1.972730e+01, 9.000126e+01
1.776157e+01, 9.000200e+01
1.593458e+01, 9.000285e+01
1.424273e+01, 9.000383e+01
1.268120e+01, 9.000496e+01
1.125625e+01, 9.000626e+01
9.949305e+00, 9.000776e+01
8.752388e+00, 9.000950e+01
7.658526e+00, 9.001153e+01
6.660727e+00, 9.001391e+01
5.752091e+00, 9.001673e+01
4.925889e+00, 9.002012e+01
4.182777e+00, 9.002419e+01
3.508857e+00, 9.002922e+01
2.897671e+00, 9.003562e+01
2.343739e+00, 9.004405e+01
1.841918e+00, 9.005573e+01
1.387404e+00, 9.007314e+01
9.757300e-01, 9.010221e+01
6.063574e-01, 9.016068e+01
2.714503e-01, 9.034864e+01
3.278158e-02, 2.672109e+02
3.093748e-01, 2.697164e+02
5.613358e-01, 2.698509e+02
7.912749e-01, 2.698998e+02
1.001597e+00, 2.699255e+02
1.192878e+00, 2.699417e+02
1.368944e+00, 2.699530e+02
1.531657e+00, 2.699616e+02
1.682584e+00, 2.699684e+02
1.823134e+00, 2.699740e+02
1.954566e+00, 2.699788e+02
2.078009e+00, 2.699829e+02
2.193822e+00, 2.699866e+02
2.303653e+00, 2.699899e+02
2.408308e+00, 2.699929e+02
2.508458e+00, 2.699957e+02
2.604694e+00, 2.699982e+02
2.697533e+00, 2.700006e+02
2.787423e+00, 2.700027e+02
2.874512e+00, 2.700048e+02
2.959410e+00, 2.700066e+02
3.042394e+00, 2.700084e+02
3.123673e+00, 2.700101e+02
3.203404e+00, 2.700116e+02
3.281687e+00, 2.700131e+02
3.358562e+00, 2.700145e+02
3.433831e+00, 2.700158e+02
3.507509e+00, 2.700170e+02
3.579376e+00, 2.700182e+02
3.649092e+00, 2.700193e+02
3.716186e+00, 2.700204e+02
3.780034e+00, 2.700215e+02
3.839840e+00, 2.700225e+02
3.893927e+00, 2.700236e+02
3.941436e+00, 2.700247e+02
3.980842e+00, 2.700258e+02
4.010317e+00, 2.700270e+02
4.027732e+00, 2.700283e+02
4.030634e+00, 2.700298e+02
4.016236e+00, 2.700314e+02
3.978807e+00, 2.700333e+02
3.916602e+00, 2.700355e+02
3.825708e+00, 2.700382e+02
3.701751e+00, 2.700414e+02
3.539928e+00, 2.700455e+02
3.334951e+00, 2.700507e+02
3.080946e+00, 2.700576e+02
2.764407e+00, 2.700675e+02
2.382680e+00, 2.700824e+02
1.926377e+00, 2.701072e+02
1.383762e+00, 2.701572e+02
7.399416e-01, 2.703095e+02
2.486269e-02, 8.024956e+01
9.353164e-01, 8.972823e+01
2.052175e+00, 8.986944e+01
3.410288e+00, 8.991721e+01
5.079968e+00, 8.994148e+01
7.158129e+00, 8.995632e+01
9.777687e+00, 8.996644e+01
1.312071e+01, 8.997382e+01
1.743640e+01, 8.997946e+01
2.326258e+01, 8.998403e+01
3.099984e+01, 8.998766e+01
4.135640e+01, 8.999058e+01
5.531623e+01, 8.999293e+01
7.424243e+01, 8.999482e+01
1.000000e+02, 8.999633e+01
##END
