##TITLE= Pf1-t30-h1212-205R4
##JCAMP-DX= 5.00 Bruker JCAMP library
##DATA TYPE= Shape Data
##ORIGIN= Bruker BioSpin GmbH
##OWNER= <Alexej Jerschow>
##DATE= 2009/02/26
##TIME= 15:19:07
##$SHAPE_PARAMETERS= 
##MINX= 2.132403e-03
##MAXX= 1.000000e+02
##MINY= 8.713684e+01
##MAXY= 2.738367e+02
##$SHAPE_EXMODE= 
##$SHAPE_TOTROT= 
##$SHAPE_TYPE= 
##$SHAPE_USER_DEF= 
##$SHAPE_REPHFAC= 
##$SHAPE_BWFAC= 
##$SHAPE_BWFAC50= 
##$SHAPE_INTEGFAC= 
##$SHAPE_MODE= 
##NPOINTS= 1000
##XYPOINTS= (XY..XY)
7.261190e-02, 9.012931e+01
7.285911e-02, 9.012962e+01
7.311776e-02, 9.012987e+01
7.338784e-02, 9.013004e+01
7.366931e-02, 9.013014e+01
7.396216e-02, 9.013017e+01
7.426637e-02, 9.013014e+01
7.458382e-02, 9.013003e+01
7.491249e-02, 9.012986e+01
7.525231e-02, 9.012962e+01
7.560322e-02, 9.012930e+01
7.596516e-02, 9.012892e+01
7.633808e-02, 9.012847e+01
7.672366e-02, 9.012795e+01
7.711998e-02, 9.012737e+01
7.752693e-02, 9.012672e+01
7.794441e-02, 9.012600e+01
7.837233e-02, 9.012521e+01
7.881061e-02, 9.012436e+01
7.926067e-02, 9.012345e+01
7.972073e-02, 9.012247e+01
8.019066e-02, 9.012143e+01
8.067032e-02, 9.012033e+01
8.115956e-02, 9.011916e+01
8.165829e-02, 9.011794e+01
8.216763e-02, 9.011666e+01
8.268600e-02, 9.011532e+01
8.321322e-02, 9.011392e+01
8.374911e-02, 9.011246e+01
8.429348e-02, 9.011095e+01
8.484622e-02, 9.010939e+01
8.540812e-02, 9.010777e+01
8.597782e-02, 9.010610e+01
8.655511e-02, 9.010438e+01
8.713977e-02, 9.010261e+01
8.773157e-02, 9.010079e+01
8.833035e-02, 9.009892e+01
8.893659e-02, 9.009700e+01
8.954916e-02, 9.009504e+01
9.016782e-02, 9.009304e+01
9.079232e-02, 9.009099e+01
9.142237e-02, 9.008890e+01
9.205777e-02, 9.008676e+01
9.269868e-02, 9.008459e+01
9.334424e-02, 9.008238e+01
9.399415e-02, 9.008013e+01
9.464813e-02, 9.007784e+01
9.530587e-02, 9.007552e+01
9.596710e-02, 9.007316e+01
9.663166e-02, 9.007076e+01
9.729895e-02, 9.006834e+01
9.796866e-02, 9.006588e+01
9.864047e-02, 9.006339e+01
9.931404e-02, 9.006087e+01
9.998903e-02, 9.005832e+01
1.006650e-01, 9.005574e+01
1.013415e-01, 9.005313e+01
1.020184e-01, 9.005050e+01
1.026952e-01, 9.004784e+01
1.033715e-01, 9.004515e+01
1.040471e-01, 9.004244e+01
1.047210e-01, 9.003971e+01
1.053932e-01, 9.003695e+01
1.060635e-01, 9.003417e+01
1.067314e-01, 9.003137e+01
1.073965e-01, 9.002855e+01
1.080584e-01, 9.002571e+01
1.087159e-01, 9.002284e+01
1.093694e-01, 9.001996e+01
1.100185e-01, 9.001706e+01
1.106628e-01, 9.001414e+01
1.113018e-01, 9.001121e+01
1.119351e-01, 9.000826e+01
1.125611e-01, 9.000529e+01
1.131807e-01, 9.000230e+01
1.137932e-01, 8.999930e+01
1.143985e-01, 8.999629e+01
1.149960e-01, 8.999327e+01
1.155850e-01, 8.999023e+01
1.161640e-01, 8.998717e+01
1.167339e-01, 8.998410e+01
1.172943e-01, 8.998101e+01
1.178447e-01, 8.997792e+01
1.183848e-01, 8.997482e+01
1.189138e-01, 8.997170e+01
1.194298e-01, 8.996857e+01
1.199342e-01, 8.996542e+01
1.204264e-01, 8.996227e+01
1.209061e-01, 8.995911e+01
1.213729e-01, 8.995594e+01
1.218260e-01, 8.995276e+01
1.222632e-01, 8.994956e+01
1.226862e-01, 8.994636e+01
1.230946e-01, 8.994314e+01
1.234879e-01, 8.993992e+01
1.238658e-01, 8.993669e+01
1.242272e-01, 8.993345e+01
1.245702e-01, 8.993020e+01
1.248965e-01, 8.992694e+01
1.252057e-01, 8.992367e+01
1.254974e-01, 8.992039e+01
1.257712e-01, 8.991711e+01
1.260262e-01, 8.991382e+01
1.262601e-01, 8.991051e+01
1.264750e-01, 8.990719e+01
1.266705e-01, 8.990387e+01
1.268463e-01, 8.990054e+01
1.270019e-01, 8.989721e+01
1.271365e-01, 8.989387e+01
1.272477e-01, 8.989050e+01
1.273377e-01, 8.988714e+01
1.274062e-01, 8.988376e+01
1.274530e-01, 8.988038e+01
1.274777e-01, 8.987699e+01
1.274793e-01, 8.987360e+01
1.274554e-01, 8.987018e+01
1.274086e-01, 8.986676e+01
1.273385e-01, 8.986333e+01
1.272450e-01, 8.985989e+01
1.271276e-01, 8.985645e+01
1.269854e-01, 8.985299e+01
1.268162e-01, 8.984952e+01
1.266225e-01, 8.984604e+01
1.264041e-01, 8.984255e+01
1.261608e-01, 8.983905e+01
1.258925e-01, 8.983555e+01
1.255980e-01, 8.983203e+01
1.252752e-01, 8.982849e+01
1.249270e-01, 8.982495e+01
1.245529e-01, 8.982139e+01
1.241531e-01, 8.981783e+01
1.237273e-01, 8.981426e+01
1.232745e-01, 8.981067e+01
1.227928e-01, 8.980706e+01
1.222849e-01, 8.980344e+01
1.217507e-01, 8.979982e+01
1.211903e-01, 8.979618e+01
1.206035e-01, 8.979253e+01
1.199893e-01, 8.978886e+01
1.193462e-01, 8.978518e+01
1.186767e-01, 8.978148e+01
1.179810e-01, 8.977777e+01
1.172591e-01, 8.977405e+01
1.590724e-01, 9.013737e+01
1.637863e-01, 9.017057e+01
1.626881e-01, 9.016856e+01
1.615594e-01, 9.016649e+01
1.604001e-01, 9.016438e+01
1.592104e-01, 9.016221e+01
1.579905e-01, 9.016000e+01
1.567390e-01, 9.015772e+01
1.554546e-01, 9.015539e+01
1.541404e-01, 9.015300e+01
1.527960e-01, 9.015055e+01
1.514216e-01, 9.014803e+01
1.500178e-01, 9.014545e+01
1.485836e-01, 9.014280e+01
1.471176e-01, 9.014009e+01
1.456228e-01, 9.013732e+01
1.440995e-01, 9.013447e+01
1.425478e-01, 9.013157e+01
1.409681e-01, 9.012859e+01
1.393592e-01, 9.012553e+01
1.377200e-01, 9.012236e+01
1.360535e-01, 9.011911e+01
1.343603e-01, 9.011578e+01
1.326405e-01, 9.011236e+01
1.308945e-01, 9.010885e+01
1.291217e-01, 9.010523e+01
1.273213e-01, 9.010151e+01
1.254960e-01, 9.009767e+01
1.236462e-01, 9.009372e+01
1.217720e-01, 9.008963e+01
1.198739e-01, 9.008540e+01
1.179517e-01, 9.008102e+01
1.160051e-01, 9.007649e+01
1.140364e-01, 9.007181e+01
1.120461e-01, 9.006695e+01
1.100349e-01, 9.006192e+01
1.080031e-01, 9.005669e+01
1.059507e-01, 9.005125e+01
1.038775e-01, 9.004558e+01
1.017855e-01, 9.003965e+01
9.967558e-02, 9.003347e+01
9.754843e-02, 9.002701e+01
9.540469e-02, 9.002025e+01
9.324442e-02, 9.001317e+01
9.106799e-02, 9.000573e+01
8.887725e-02, 8.999792e+01
8.667293e-02, 8.998970e+01
8.445579e-02, 8.998103e+01
8.222646e-02, 8.997187e+01
7.998544e-02, 8.996216e+01
7.773351e-02, 8.995188e+01
7.547218e-02, 8.994095e+01
7.320232e-02, 8.992934e+01
7.092478e-02, 8.991696e+01
6.864045e-02, 8.990374e+01
6.635009e-02, 8.988957e+01
6.405470e-02, 8.987437e+01
6.175545e-02, 8.985801e+01
5.945331e-02, 8.984034e+01
5.714929e-02, 8.982124e+01
5.484436e-02, 8.980051e+01
5.253971e-02, 8.977795e+01
5.023658e-02, 8.975330e+01
4.793582e-02, 8.972629e+01
4.563846e-02, 8.969655e+01
4.334558e-02, 8.966368e+01
4.105823e-02, 8.962716e+01
3.877816e-02, 8.958639e+01
3.650675e-02, 8.954061e+01
3.424444e-02, 8.948887e+01
3.199238e-02, 8.942997e+01
2.668545e-01, 8.994146e+01
5.806855e-01, 8.998054e+01
5.965009e-01, 8.998236e+01
5.874132e-01, 8.998289e+01
5.783241e-01, 8.998343e+01
5.692329e-01, 8.998400e+01
5.601415e-01, 8.998458e+01
5.510537e-01, 8.998518e+01
5.419706e-01, 8.998580e+01
5.328905e-01, 8.998644e+01
5.238152e-01, 8.998710e+01
5.147488e-01, 8.998779e+01
5.056922e-01, 8.998850e+01
4.966463e-01, 8.998924e+01
4.876118e-01, 8.999000e+01
4.785874e-01, 8.999079e+01
4.695756e-01, 8.999161e+01
4.605748e-01, 8.999246e+01
4.515864e-01, 8.999335e+01
4.426127e-01, 8.999427e+01
4.336550e-01, 8.999522e+01
4.247134e-01, 8.999621e+01
4.157874e-01, 8.999725e+01
4.068768e-01, 8.999832e+01
3.979804e-01, 8.999944e+01
3.890961e-01, 9.000061e+01
3.802277e-01, 9.000183e+01
3.713760e-01, 9.000311e+01
3.625398e-01, 9.000445e+01
3.537189e-01, 9.000584e+01
3.449128e-01, 9.000731e+01
3.361212e-01, 9.000884e+01
3.273442e-01, 9.001045e+01
3.185789e-01, 9.001215e+01
3.098262e-01, 9.001394e+01
3.010863e-01, 9.001583e+01
2.923586e-01, 9.001782e+01
2.836425e-01, 9.001993e+01
2.749379e-01, 9.002216e+01
2.662440e-01, 9.002453e+01
2.575591e-01, 9.002705e+01
2.488821e-01, 9.002974e+01
2.402129e-01, 9.003261e+01
2.315512e-01, 9.003569e+01
2.228968e-01, 9.003900e+01
2.142486e-01, 9.004257e+01
2.056052e-01, 9.004641e+01
1.969658e-01, 9.005058e+01
1.883296e-01, 9.005512e+01
1.796960e-01, 9.006008e+01
1.710646e-01, 9.006552e+01
1.624345e-01, 9.007152e+01
1.538051e-01, 9.007818e+01
1.451758e-01, 9.008560e+01
1.365453e-01, 9.009394e+01
1.279126e-01, 9.010337e+01
1.192782e-01, 9.011415e+01
1.106416e-01, 9.012658e+01
1.020011e-01, 9.014108e+01
9.335608e-02, 9.015822e+01
8.470590e-02, 9.017881e+01
7.605037e-02, 9.020402e+01
6.739116e-02, 9.023570e+01
5.872602e-02, 9.027665e+01
5.005574e-02, 9.033173e+01
4.138021e-02, 9.040981e+01
3.269773e-02, 9.052923e+01
2.400822e-02, 9.073495e+01
1.531214e-02, 9.117422e+01
6.612032e-03, 9.276969e+01
2.132403e-03, 2.612308e+02
5.216438e-02, 9.034656e+01
7.646076e-01, 9.001105e+01
9.540426e-01, 9.000594e+01
9.285495e-01, 9.000620e+01
9.035745e-01, 9.000645e+01
8.790961e-01, 9.000670e+01
8.551172e-01, 9.000695e+01
8.316399e-01, 9.000719e+01
8.086641e-01, 9.000743e+01
7.862595e-01, 9.000767e+01
7.644114e-01, 9.000790e+01
7.430671e-01, 9.000812e+01
7.222246e-01, 9.000834e+01
7.018814e-01, 9.000854e+01
6.820340e-01, 9.000873e+01
6.627147e-01, 9.000891e+01
6.439116e-01, 9.000907e+01
6.256094e-01, 9.000921e+01
6.077893e-01, 9.000934e+01
5.904560e-01, 9.000945e+01
5.735917e-01, 9.000954e+01
5.572151e-01, 9.000960e+01
5.413037e-01, 9.000963e+01
5.258262e-01, 9.000964e+01
5.107811e-01, 9.000961e+01
4.961647e-01, 9.000955e+01
4.819547e-01, 9.000946e+01
4.681678e-01, 9.000932e+01
4.547886e-01, 9.000914e+01
4.417905e-01, 9.000892e+01
4.291452e-01, 9.000866e+01
4.168398e-01, 9.000834e+01
4.048693e-01, 9.000796e+01
3.932505e-01, 9.000754e+01
3.819456e-01, 9.000705e+01
3.709240e-01, 9.000649e+01
3.601701e-01, 9.000587e+01
3.496721e-01, 9.000517e+01
3.394251e-01, 9.000440e+01
3.294211e-01, 9.000355e+01
3.196403e-01, 9.000261e+01
3.100606e-01, 9.000159e+01
3.006532e-01, 9.000047e+01
2.914026e-01, 8.999924e+01
2.822934e-01, 8.999790e+01
2.733197e-01, 8.999645e+01
2.644602e-01, 8.999486e+01
2.557013e-01, 8.999314e+01
2.470287e-01, 8.999128e+01
2.384184e-01, 8.998925e+01
2.298501e-01, 8.998704e+01
2.213101e-01, 8.998463e+01
2.127802e-01, 8.998201e+01
2.042468e-01, 8.997913e+01
1.956945e-01, 8.997597e+01
1.871060e-01, 8.997249e+01
1.784696e-01, 8.996865e+01
1.697615e-01, 8.996438e+01
1.609657e-01, 8.995961e+01
1.520726e-01, 8.995423e+01
1.430705e-01, 8.994813e+01
1.339438e-01, 8.994113e+01
1.246781e-01, 8.993302e+01
1.152473e-01, 8.992350e+01
1.056426e-01, 8.991212e+01
9.585818e-02, 8.989827e+01
8.588331e-02, 8.988102e+01
7.570625e-02, 8.985887e+01
6.531551e-02, 8.982930e+01
5.468154e-02, 8.978764e+01
4.380424e-02, 8.972439e+01
5.839741e-02, 8.981394e+01
4.560900e-01, 9.003320e+01
8.211029e-01, 9.004732e+01
8.362898e-01, 9.004753e+01
8.104545e-01, 9.004681e+01
7.856909e-01, 9.004602e+01
7.618971e-01, 9.004516e+01
7.390568e-01, 9.004422e+01
7.171798e-01, 9.004320e+01
6.962439e-01, 9.004210e+01
6.762588e-01, 9.004091e+01
6.571396e-01, 9.003963e+01
6.388323e-01, 9.003826e+01
6.213181e-01, 9.003679e+01
6.046104e-01, 9.003523e+01
5.886626e-01, 9.003357e+01
5.734956e-01, 9.003180e+01
5.590469e-01, 9.002992e+01
5.452398e-01, 9.002794e+01
5.320462e-01, 9.002584e+01
5.194470e-01, 9.002364e+01
5.074268e-01, 9.002132e+01
4.959969e-01, 9.001889e+01
4.850998e-01, 9.001633e+01
4.747021e-01, 9.001365e+01
4.647615e-01, 9.001084e+01
4.552384e-01, 9.000791e+01
4.461191e-01, 9.000485e+01
4.374134e-01, 9.000165e+01
4.290530e-01, 8.999832e+01
4.209997e-01, 8.999484e+01
4.132290e-01, 8.999122e+01
4.057289e-01, 8.998745e+01
3.984844e-01, 8.998351e+01
3.914834e-01, 8.997940e+01
3.846661e-01, 8.997511e+01
3.780017e-01, 8.997064e+01
3.714694e-01, 8.996598e+01
3.650502e-01, 8.996111e+01
3.587217e-01, 8.995601e+01
3.524782e-01, 8.995067e+01
3.462805e-01, 8.994505e+01
3.401012e-01, 8.993916e+01
3.339225e-01, 8.993295e+01
3.277253e-01, 8.992641e+01
3.214882e-01, 8.991951e+01
3.151889e-01, 8.991220e+01
3.088126e-01, 8.990444e+01
3.023389e-01, 8.989618e+01
2.957531e-01, 8.988738e+01
2.890377e-01, 8.987798e+01
2.821741e-01, 8.986791e+01
2.751254e-01, 8.985704e+01
2.679005e-01, 8.984531e+01
2.604910e-01, 8.983261e+01
2.528755e-01, 8.981883e+01
2.450359e-01, 8.980377e+01
2.369668e-01, 8.978729e+01
2.286385e-01, 8.976910e+01
2.200624e-01, 8.974898e+01
2.112275e-01, 8.972660e+01
2.021165e-01, 8.970153e+01
1.927265e-01, 8.967328e+01
1.830541e-01, 8.964123e+01
1.730597e-01, 8.960439e+01
1.627689e-01, 8.956180e+01
1.521804e-01, 8.951205e+01
1.412919e-01, 8.945318e+01
1.301043e-01, 8.938250e+01
1.186209e-01, 8.929614e+01
1.069205e-01, 8.918898e+01
1.113806e-01, 8.921923e+01
3.036464e-01, 8.982797e+01
7.670335e-01, 9.004416e+01
9.322821e-01, 9.007124e+01
9.068885e-01, 9.007060e+01
8.754508e-01, 9.006896e+01
8.452410e-01, 9.006722e+01
8.162058e-01, 9.006539e+01
7.883792e-01, 9.006345e+01
7.617040e-01, 9.006142e+01
7.360497e-01, 9.005929e+01
7.114556e-01, 9.005707e+01
6.877881e-01, 9.005477e+01
6.650086e-01, 9.005240e+01
6.430852e-01, 9.004995e+01
6.219560e-01, 9.004743e+01
6.015901e-01, 9.004484e+01
5.820044e-01, 9.004219e+01
5.631043e-01, 9.003949e+01
5.448436e-01, 9.003673e+01
5.271554e-01, 9.003393e+01
5.100015e-01, 9.003107e+01
4.933376e-01, 9.002816e+01
4.771852e-01, 9.002523e+01
4.614793e-01, 9.002226e+01
4.461556e-01, 9.001924e+01
4.311709e-01, 9.001617e+01
4.165031e-01, 9.001304e+01
4.021304e-01, 9.000987e+01
3.880427e-01, 9.000666e+01
3.741654e-01, 9.000336e+01
3.604637e-01, 8.999998e+01
3.469139e-01, 8.999649e+01
3.334936e-01, 8.999288e+01
3.201845e-01, 8.998914e+01
3.069538e-01, 8.998522e+01
2.937605e-01, 8.998108e+01
2.805820e-01, 8.997666e+01
2.674007e-01, 8.997193e+01
2.542050e-01, 8.996680e+01
2.409632e-01, 8.996119e+01
2.276391e-01, 8.995497e+01
2.142219e-01, 8.994798e+01
2.007008e-01, 8.994006e+01
1.870678e-01, 8.993094e+01
1.733043e-01, 8.992028e+01
1.593833e-01, 8.990761e+01
1.452641e-01, 8.989218e+01
1.309600e-01, 8.987304e+01
1.164763e-01, 8.984871e+01
1.018020e-01, 8.981675e+01
8.692182e-02, 8.977298e+01
7.182518e-02, 8.970956e+01
5.647871e-02, 8.960951e+01
4.091564e-02, 8.943025e+01
2.512844e-02, 8.901927e+01
9.104996e-03, 8.713684e+01
7.188318e-03, 2.738367e+02
2.769245e-01, 8.990828e+01
1.405556e+00, 8.999146e+01
1.828165e+00, 8.999677e+01
1.750064e+00, 8.999684e+01
1.674811e+00, 8.999696e+01
1.602380e+00, 8.999712e+01
1.532672e+00, 8.999733e+01
1.465974e+00, 8.999760e+01
1.401771e+00, 8.999793e+01
1.339787e+00, 8.999832e+01
1.279899e+00, 8.999877e+01
1.222036e+00, 8.999929e+01
1.166121e+00, 8.999988e+01
1.112283e+00, 9.000055e+01
1.060145e+00, 9.000131e+01
1.009537e+00, 9.000215e+01
9.603718e-01, 9.000308e+01
9.126034e-01, 9.000412e+01
8.660535e-01, 9.000527e+01
8.206919e-01, 9.000655e+01
7.762975e-01, 9.000797e+01
7.328113e-01, 9.000954e+01
6.901211e-01, 9.001129e+01
6.480829e-01, 9.001325e+01
6.065700e-01, 9.001545e+01
5.655238e-01, 9.001793e+01
5.248130e-01, 9.002077e+01
4.843654e-01, 9.002402e+01
4.440488e-01, 9.002782e+01
4.037418e-01, 9.003233e+01
3.633466e-01, 9.003778e+01
3.227480e-01, 9.004454e+01
2.818789e-01, 9.005319e+01
2.406397e-01, 9.006473e+01
1.989308e-01, 9.008108e+01
1.566564e-01, 9.010626e+01
1.137070e-01, 9.015065e+01
6.989538e-02, 9.025132e+01
2.524667e-02, 9.071125e+01
2.033749e-02, 2.691001e+02
6.693881e-02, 2.697221e+02
1.146377e-01, 2.698356e+02
1.635063e-01, 2.698835e+02
2.137684e-01, 2.699103e+02
2.653998e-01, 2.699275e+02
3.185527e-01, 2.699396e+02
3.732521e-01, 2.699486e+02
4.295367e-01, 2.699556e+02
4.874881e-01, 2.699614e+02
5.473653e-01, 2.699661e+02
6.090290e-01, 2.699702e+02
6.725373e-01, 2.699736e+02
7.380375e-01, 2.699767e+02
8.056490e-01, 2.699795e+02
8.754177e-01, 2.699820e+02
9.476189e-01, 2.699842e+02
9.848365e-01, 2.699859e+02
1.472757e-01, 9.006107e+01
3.725725e+00, 8.999925e+01
5.536885e+00, 8.999876e+01
5.347112e+00, 8.999925e+01
4.976711e+00, 8.999980e+01
4.625230e+00, 9.000033e+01
4.293080e+00, 9.000084e+01
3.980009e+00, 9.000133e+01
3.684760e+00, 9.000178e+01
3.406719e+00, 9.000221e+01
3.146755e+00, 9.000260e+01
2.903383e+00, 9.000295e+01
2.675607e+00, 9.000326e+01
2.461836e+00, 9.000352e+01
2.261670e+00, 9.000374e+01
2.075089e+00, 9.000391e+01
1.902887e+00, 9.000402e+01
1.742727e+00, 9.000408e+01
1.593370e+00, 9.000408e+01
1.454319e+00, 9.000404e+01
1.324637e+00, 9.000397e+01
1.203981e+00, 9.000386e+01
1.092504e+00, 9.000374e+01
9.880674e-01, 9.000363e+01
8.898129e-01, 9.000358e+01
7.970674e-01, 9.000362e+01
7.092856e-01, 9.000384e+01
6.262057e-01, 9.000437e+01
5.466910e-01, 9.000542e+01
4.692822e-01, 9.000719e+01
3.933096e-01, 9.001018e+01
3.181220e-01, 9.001531e+01
2.429100e-01, 9.002468e+01
1.668056e-01, 9.004434e+01
8.871138e-02, 9.010311e+01
7.653606e-03, 9.147038e+01
7.711626e-02, 2.698223e+02
1.664268e-01, 2.699007e+02
2.611044e-01, 2.699245e+02
3.620509e-01, 2.699356e+02
4.709036e-01, 2.699419e+02
5.880319e-01, 2.699458e+02
7.147060e-01, 2.699485e+02
8.519759e-01, 2.699504e+02
1.000569e+00, 2.699518e+02
1.161743e+00, 2.699529e+02
1.337478e+00, 2.699538e+02
1.528253e+00, 2.699546e+02
1.735110e+00, 2.699553e+02
1.958429e+00, 2.699560e+02
2.199668e+00, 2.699566e+02
2.460583e+00, 2.699572e+02
2.744204e+00, 2.699578e+02
3.050563e+00, 2.699584e+02
3.381075e+00, 2.699590e+02
3.736094e+00, 2.699596e+02
4.116546e+00, 2.699602e+02
1.421354e+00, 2.698996e+02
1.569972e+01, 8.999634e+01
2.520441e+01, 8.999159e+01
1.977958e+01, 8.998947e+01
1.321205e+01, 8.998677e+01
8.339315e+00, 8.998267e+01
4.905191e+00, 8.997590e+01
2.531832e+00, 8.996219e+01
8.187662e-01, 8.990716e+01
3.735691e-01, 2.701577e+02
1.172035e+00, 2.700376e+02
1.679167e+00, 2.700186e+02
1.966771e+00, 2.700102e+02
2.090898e+00, 2.700050e+02
2.104014e+00, 2.700011e+02
2.026855e+00, 2.699977e+02
1.879561e+00, 2.699944e+02
1.687147e+00, 2.699910e+02
1.466615e+00, 2.699871e+02
1.228016e+00, 2.699823e+02
9.817006e-01, 2.699757e+02
7.341015e-01, 2.699656e+02
4.906652e-01, 2.699471e+02
2.556532e-01, 2.698978e+02
3.243039e-02, 2.692047e+02
1.742956e-01, 9.014326e+01
3.647900e-01, 9.006521e+01
5.383769e-01, 9.004143e+01
6.948817e-01, 9.002962e+01
8.345994e-01, 9.002237e+01
9.577263e-01, 9.001734e+01
1.063156e+00, 9.001357e+01
1.152831e+00, 9.001057e+01
1.228336e+00, 9.000807e+01
1.290894e+00, 9.000591e+01
1.341064e+00, 9.000401e+01
1.379739e+00, 9.000229e+01
1.407811e+00, 9.000073e+01
1.427730e+00, 8.999927e+01
1.440596e+00, 8.999791e+01
1.446971e+00, 8.999661e+01
1.447455e+00, 8.999539e+01
1.442839e+00, 8.999424e+01
1.434123e+00, 8.999314e+01
1.422178e+00, 8.999210e+01
1.407747e+00, 8.999112e+01
1.391376e+00, 8.999019e+01
1.373269e+00, 8.998932e+01
1.353755e+00, 8.998852e+01
1.333319e+00, 8.998780e+01
1.312367e+00, 8.998714e+01
1.291043e+00, 8.998656e+01
1.269455e+00, 8.998607e+01
1.247730e+00, 8.998566e+01
1.226035e+00, 8.998535e+01
1.204510e+00, 8.998513e+01
1.183125e+00, 8.998501e+01
1.161874e+00, 8.998500e+01
1.140865e+00, 8.998509e+01
1.120120e+00, 8.998527e+01
1.099598e+00, 8.998556e+01
1.079340e+00, 8.998595e+01
1.059362e+00, 8.998643e+01
1.039653e+00, 8.998701e+01
1.020225e+00, 8.998767e+01
1.001091e+00, 8.998841e+01
9.822681e-01, 8.998922e+01
9.638159e-01, 8.999008e+01
9.457479e-01, 8.999100e+01
9.280671e-01, 8.999195e+01
9.107989e-01, 8.999292e+01
8.939797e-01, 8.999391e+01
8.777493e-01, 8.999488e+01
8.622307e-01, 8.999581e+01
8.473514e-01, 8.999670e+01
8.331368e-01, 8.999752e+01
8.196449e-01, 8.999828e+01
8.069686e-01, 8.999895e+01
7.952304e-01, 8.999951e+01
7.845040e-01, 8.999993e+01
7.748114e-01, 9.000020e+01
7.662055e-01, 9.000033e+01
7.587715e-01, 9.000030e+01
7.525582e-01, 9.000011e+01
7.476007e-01, 8.999975e+01
7.440043e-01, 8.999923e+01
7.417228e-01, 8.999856e+01
7.408088e-01, 8.999775e+01
7.413975e-01, 8.999680e+01
7.434813e-01, 8.999573e+01
7.470128e-01, 8.999457e+01
7.520639e-01, 8.999332e+01
7.585687e-01, 8.999202e+01
7.666125e-01, 8.999069e+01
7.761335e-01, 8.998936e+01
7.870158e-01, 8.998804e+01
7.992663e-01, 8.998675e+01
8.128475e-01, 8.998551e+01
8.276870e-01, 8.998435e+01
8.436809e-01, 8.998327e+01
8.606816e-01, 8.998228e+01
8.785922e-01, 8.998139e+01
8.973088e-01, 8.998060e+01
9.166828e-01, 8.997993e+01
9.365126e-01, 8.997936e+01
9.565994e-01, 8.997890e+01
9.767607e-01, 8.997855e+01
9.968111e-01, 8.997830e+01
1.016513e+00, 8.997813e+01
1.035577e+00, 8.997807e+01
1.053787e+00, 8.997809e+01
1.070911e+00, 8.997817e+01
1.086726e+00, 8.997832e+01
1.100970e+00, 8.997853e+01
1.113197e+00, 8.997880e+01
1.123235e+00, 8.997912e+01
1.131138e+00, 8.997948e+01
1.136658e+00, 8.997986e+01
1.139473e+00, 8.998028e+01
1.138924e+00, 8.998072e+01
1.135071e+00, 8.998118e+01
1.127922e+00, 8.998164e+01
1.117606e+00, 8.998212e+01
1.104007e+00, 8.998260e+01
1.086973e+00, 8.998308e+01
1.066535e+00, 8.998357e+01
1.042637e+00, 8.998406e+01
1.015267e+00, 8.998454e+01
9.849442e-01, 8.998501e+01
9.517352e-01, 8.998548e+01
9.159366e-01, 8.998594e+01
8.779419e-01, 8.998641e+01
8.380253e-01, 8.998688e+01
7.966146e-01, 8.998735e+01
7.542283e-01, 8.998783e+01
7.113446e-01, 8.998832e+01
6.684887e-01, 8.998883e+01
6.261453e-01, 8.998937e+01
5.850471e-01, 8.998994e+01
5.460021e-01, 8.999056e+01
5.094527e-01, 8.999124e+01
4.757486e-01, 8.999200e+01
4.455093e-01, 8.999284e+01
4.194626e-01, 8.999376e+01
3.984330e-01, 8.999477e+01
3.831553e-01, 8.999584e+01
3.734918e-01, 8.999694e+01
3.698496e-01, 8.999803e+01
3.724505e-01, 8.999905e+01
3.815170e-01, 8.999996e+01
3.981615e-01, 9.000070e+01
4.224191e-01, 9.000126e+01
4.532075e-01, 9.000165e+01
4.901838e-01, 9.000189e+01
5.332264e-01, 9.000200e+01
5.823075e-01, 9.000200e+01
6.371762e-01, 9.000191e+01
6.972419e-01, 9.000174e+01
7.615543e-01, 9.000154e+01
8.293946e-01, 9.000131e+01
8.999037e-01, 9.000107e+01
9.722129e-01, 9.000083e+01
1.045437e+00, 9.000059e+01
1.118508e+00, 9.000037e+01
1.190345e+00, 9.000016e+01
1.259706e+00, 8.999998e+01
1.325173e+00, 8.999981e+01
1.385742e+00, 8.999967e+01
1.440054e+00, 8.999955e+01
1.487029e+00, 8.999946e+01
1.525676e+00, 8.999940e+01
1.554850e+00, 8.999937e+01
1.574184e+00, 8.999937e+01
1.583517e+00, 8.999942e+01
1.580991e+00, 8.999951e+01
1.565410e+00, 8.999966e+01
1.536134e+00, 8.999989e+01
1.494166e+00, 9.000020e+01
1.439636e+00, 9.000062e+01
1.372410e+00, 9.000116e+01
1.291065e+00, 9.000187e+01
1.195480e+00, 9.000281e+01
1.086816e+00, 9.000407e+01
9.657355e-01, 9.000578e+01
8.326997e-01, 9.000818e+01
6.879179e-01, 9.001179e+01
5.314150e-01, 9.001778e+01
3.646413e-01, 9.002959e+01
1.887525e-01, 9.006420e+01
4.173533e-03, 9.321224e+01
1.889529e-01, 2.699227e+02
3.902203e-01, 2.699597e+02
5.995692e-01, 2.699721e+02
8.163976e-01, 2.699785e+02
1.040395e+00, 2.699824e+02
1.271874e+00, 2.699852e+02
1.511257e+00, 2.699873e+02
1.758587e+00, 2.699890e+02
2.014665e+00, 2.699904e+02
2.279545e+00, 2.699916e+02
2.553813e+00, 2.699927e+02
2.838839e+00, 2.699937e+02
3.135957e+00, 2.699946e+02
3.446471e+00, 2.699954e+02
3.774083e+00, 2.699962e+02
4.120439e+00, 2.699969e+02
4.487453e+00, 2.699976e+02
4.876722e+00, 2.699982e+02
5.289893e+00, 2.699988e+02
5.729274e+00, 2.699994e+02
6.198848e+00, 2.699999e+02
6.700587e+00, 2.700003e+02
7.235957e+00, 2.700008e+02
7.808804e+00, 2.700011e+02
8.420744e+00, 2.700015e+02
9.071721e+00, 2.700018e+02
9.768338e+00, 2.700020e+02
1.051081e+01, 2.700022e+02
1.129455e+01, 2.700024e+02
1.211797e+01, 2.700025e+02
1.298031e+01, 2.700026e+02
1.388179e+01, 2.700027e+02
1.482234e+01, 2.700027e+02
1.579103e+01, 2.700027e+02
1.677743e+01, 2.700026e+02
1.777313e+01, 2.700025e+02
1.876805e+01, 2.700024e+02
1.974953e+01, 2.700023e+02
2.069865e+01, 2.700021e+02
2.159505e+01, 2.700019e+02
2.242478e+01, 2.700017e+02
2.317074e+01, 2.700014e+02
2.380405e+01, 2.700012e+02
2.430369e+01, 2.700009e+02
2.464257e+01, 2.700007e+02
2.480624e+01, 2.700004e+02
2.478458e+01, 2.700002e+02
2.455282e+01, 2.699999e+02
2.410703e+01, 2.699997e+02
2.345532e+01, 2.699996e+02
2.258483e+01, 2.699994e+02
2.150017e+01, 2.699993e+02
2.021133e+01, 2.699993e+02
1.875519e+01, 2.699994e+02
1.716550e+01, 2.699995e+02
1.546577e+01, 2.699998e+02
1.368785e+01, 2.700002e+02
1.187646e+01, 2.700008e+02
1.007094e+01, 2.700017e+02
8.306413e+00, 2.700031e+02
6.612249e+00, 2.700052e+02
5.018579e+00, 2.700085e+02
3.561907e+00, 2.700143e+02
2.262581e+00, 2.700261e+02
1.110806e+00, 2.700597e+02
9.934124e-02, 2.707283e+02
7.848172e-01, 8.990222e+01
1.550183e+00, 8.994910e+01
2.198117e+00, 8.996457e+01
2.758738e+00, 8.997332e+01
3.248190e+00, 8.997971e+01
3.672991e+00, 8.998507e+01
4.041902e+00, 8.998983e+01
4.351783e+00, 8.999417e+01
4.587268e+00, 8.999817e+01
4.732978e+00, 9.000189e+01
4.759515e+00, 9.000548e+01
4.619049e+00, 9.000921e+01
4.238369e+00, 9.001367e+01
3.571566e+00, 9.002014e+01
2.542022e+00, 9.003295e+01
1.205271e+00, 9.007673e+01
3.106318e-01, 2.696880e+02
1.791561e+00, 2.699468e+02
2.954515e+00, 2.699706e+02
3.580601e+00, 2.699798e+02
3.517939e+00, 2.699848e+02
2.950580e+00, 2.699885e+02
2.190960e+00, 2.699921e+02
1.569768e+00, 2.699959e+02
1.297328e+00, 2.699984e+02
1.392360e+00, 2.699976e+02
1.786272e+00, 2.699947e+02
2.301021e+00, 2.699923e+02
2.771666e+00, 2.699908e+02
3.089970e+00, 2.699901e+02
3.198792e+00, 2.699902e+02
3.092431e+00, 2.699914e+02
2.794697e+00, 2.699943e+02
2.376809e+00, 2.699999e+02
1.918379e+00, 2.700091e+02
1.477001e+00, 2.700237e+02
1.100259e+00, 2.700447e+02
8.205303e-01, 2.700695e+02
6.623347e-01, 2.700833e+02
6.099743e-01, 2.700709e+02
6.441191e-01, 2.700338e+02
7.452671e-01, 2.699893e+02
8.928014e-01, 2.699507e+02
1.062669e+00, 2.699221e+02
1.226208e+00, 2.699035e+02
1.367542e+00, 2.698927e+02
1.479056e+00, 2.698884e+02
1.557192e+00, 2.698903e+02
1.604568e+00, 2.698985e+02
1.630776e+00, 2.699126e+02
1.651379e+00, 2.699320e+02
1.687296e+00, 2.699543e+02
1.759781e+00, 2.699757e+02
1.883813e+00, 2.699926e+02
2.066582e+00, 2.700028e+02
2.305157e+00, 2.700064e+02
2.590201e+00, 2.700044e+02
2.890286e+00, 2.699996e+02
3.172770e+00, 2.699940e+02
3.402627e+00, 2.699888e+02
3.555954e+00, 2.699848e+02
3.620913e+00, 2.699828e+02
3.587996e+00, 2.699835e+02
3.469523e+00, 2.699868e+02
3.280665e+00, 2.699923e+02
3.038507e+00, 2.699991e+02
2.754468e+00, 2.700058e+02
2.425337e+00, 2.700103e+02
2.010209e+00, 2.700093e+02
1.472019e+00, 2.700003e+02
8.627788e-01, 2.699755e+02
3.472137e-01, 2.698940e+02
1.736051e-01, 2.697721e+02
5.852308e-01, 2.699542e+02
1.803309e+00, 2.699996e+02
3.302627e+00, 2.700087e+02
4.485665e+00, 2.700124e+02
6.099134e+00, 2.700128e+02
8.259731e+00, 2.700114e+02
1.049019e+01, 2.700098e+02
1.271144e+01, 2.700084e+02
1.480684e+01, 2.700073e+02
1.651481e+01, 2.700064e+02
1.747895e+01, 2.700058e+02
1.730864e+01, 2.700054e+02
1.573458e+01, 2.700050e+02
1.243566e+01, 2.700050e+02
7.386596e+00, 2.700058e+02
3.802365e-01, 2.700653e+02
8.689923e+00, 8.999890e+01
1.953410e+01, 9.000007e+01
3.163540e+01, 9.000024e+01
4.419939e+01, 9.000020e+01
5.613243e+01, 9.000012e+01
6.625473e+01, 9.000004e+01
7.355672e+01, 8.999997e+01
7.754242e+01, 8.999994e+01
7.804395e+01, 8.999995e+01
7.493501e+01, 9.000002e+01
6.904549e+01, 9.000019e+01
6.156280e+01, 9.000045e+01
5.337786e+01, 9.000085e+01
4.515334e+01, 9.000142e+01
3.732246e+01, 9.000221e+01
3.029788e+01, 9.000331e+01
2.417425e+01, 9.000479e+01
1.893214e+01, 9.000683e+01
1.455530e+01, 9.000963e+01
1.097283e+01, 9.001350e+01
8.062652e+00, 9.001901e+01
5.783790e+00, 9.002686e+01
3.958961e+00, 9.003913e+01
2.496336e+00, 9.006104e+01
1.339880e+00, 9.011038e+01
4.426223e-01, 9.032008e+01
2.516092e-01, 2.694671e+02
7.874434e-01, 2.698406e+02
1.215512e+00, 2.699042e+02
1.561395e+00, 2.699314e+02
1.850343e+00, 2.699470e+02
2.094827e+00, 2.699575e+02
2.309346e+00, 2.699650e+02
2.504770e+00, 2.699707e+02
2.691021e+00, 2.699752e+02
2.873138e+00, 2.699787e+02
3.054362e+00, 2.699815e+02
3.236614e+00, 2.699837e+02
3.419935e+00, 2.699855e+02
3.601006e+00, 2.699868e+02
3.772088e+00, 2.699880e+02
3.918071e+00, 2.699889e+02
4.019815e+00, 2.699898e+02
4.051914e+00, 2.699906e+02
3.973504e+00, 2.699915e+02
3.715813e+00, 2.699926e+02
3.229321e+00, 2.699943e+02
2.415500e+00, 2.699974e+02
1.160606e+00, 2.700085e+02
7.155537e-01, 8.995728e+01
3.527511e+00, 8.998402e+01
8.266031e+00, 8.998938e+01
1.630908e+01, 8.999248e+01
3.040886e+01, 8.999482e+01
5.545251e+01, 8.999664e+01
1.000000e+02, 8.999800e+01
##END
