##TITLE= Pf1-t18-h1527-205R4
##JCAMP-DX= 5.00 Bruker JCAMP library
##DATA TYPE= Shape Data
##ORIGIN= Bruker BioSpin GmbH
##OWNER= <Alexej Jerschow>
##DATE= 2009/02/26
##TIME= 15:17:10
##$SHAPE_PARAMETERS= 
##MINX= 3.401556e-03
##MAXX= 1.000000e+02
##MINY= 5.639421e+01
##MAXY= 2.714732e+02
##$SHAPE_EXMODE= 
##$SHAPE_TOTROT= 
##$SHAPE_TYPE= 
##$SHAPE_USER_DEF= 
##$SHAPE_REPHFAC= 
##$SHAPE_BWFAC= 
##$SHAPE_BWFAC50= 
##$SHAPE_INTEGFAC= 
##$SHAPE_MODE= 
##NPOINTS= 1000
##XYPOINTS= (XY..XY)
1.556197e+00, 9.001233e+01
1.528436e+00, 9.001308e+01
1.500852e+00, 9.001388e+01
1.473444e+00, 9.001472e+01
1.446212e+00, 9.001560e+01
1.419156e+00, 9.001653e+01
1.392277e+00, 9.001752e+01
1.365573e+00, 9.001855e+01
1.339045e+00, 9.001964e+01
1.312692e+00, 9.002079e+01
1.286514e+00, 9.002199e+01
1.260511e+00, 9.002326e+01
1.234684e+00, 9.002460e+01
1.209031e+00, 9.002600e+01
1.183552e+00, 9.002747e+01
1.158247e+00, 9.002902e+01
1.133116e+00, 9.003065e+01
1.108157e+00, 9.003237e+01
1.083370e+00, 9.003418e+01
1.058756e+00, 9.003607e+01
1.034314e+00, 9.003807e+01
1.010042e+00, 9.004017e+01
9.859403e-01, 9.004239e+01
9.620083e-01, 9.004472e+01
9.382453e-01, 9.004717e+01
9.146515e-01, 9.004976e+01
8.912253e-01, 9.005249e+01
8.679661e-01, 9.005537e+01
8.448731e-01, 9.005841e+01
8.219455e-01, 9.006162e+01
7.991824e-01, 9.006502e+01
7.765830e-01, 9.006861e+01
7.541464e-01, 9.007242e+01
7.318738e-01, 9.007645e+01
7.097625e-01, 9.008073e+01
6.878115e-01, 9.008527e+01
6.660198e-01, 9.009011e+01
6.443866e-01, 9.009526e+01
6.229108e-01, 9.010074e+01
6.015914e-01, 9.010661e+01
5.804274e-01, 9.011288e+01
5.594210e-01, 9.011960e+01
5.385680e-01, 9.012681e+01
5.178676e-01, 9.013457e+01
4.973186e-01, 9.014294e+01
4.769200e-01, 9.015198e+01
4.566706e-01, 9.016178e+01
4.365693e-01, 9.017244e+01
4.166150e-01, 9.018406e+01
3.968107e-01, 9.019677e+01
3.771514e-01, 9.021073e+01
3.576359e-01, 9.022614e+01
3.382630e-01, 9.024321e+01
3.190317e-01, 9.026223e+01
2.999405e-01, 9.028354e+01
2.809885e-01, 9.030759e+01
2.621745e-01, 9.033492e+01
2.435023e-01, 9.036624e+01
2.249659e-01, 9.040250e+01
2.065641e-01, 9.044494e+01
1.882956e-01, 9.049530e+01
1.701594e-01, 9.055600e+01
1.521541e-01, 9.063059e+01
1.342788e-01, 9.072444e+01
1.165322e-01, 9.084609e+01
9.891963e-02, 9.100999e+01
8.143426e-02, 9.124284e+01
6.407576e-02, 9.159971e+01
4.684510e-02, 9.221563e+01
2.974828e-02, 9.353285e+01
1.282935e-02, 9.831333e+01
4.584423e-03, 2.458370e+02
2.102722e-02, 2.648214e+02
3.762439e-02, 2.670764e+02
5.412780e-02, 2.679462e+02
7.052269e-02, 2.684070e+02
8.680647e-02, 2.686925e+02
1.029790e-01, 2.688868e+02
1.190408e-01, 2.690275e+02
1.349929e-01, 2.691342e+02
1.508362e-01, 2.692179e+02
1.665637e-01, 2.692853e+02
1.821844e-01, 2.693408e+02
1.976994e-01, 2.693873e+02
2.131100e-01, 2.694268e+02
2.284171e-01, 2.694609e+02
2.436221e-01, 2.694905e+02
2.587259e-01, 2.695166e+02
2.737297e-01, 2.695397e+02
2.886256e-01, 2.695603e+02
3.034235e-01, 2.695789e+02
3.181245e-01, 2.695956e+02
3.327297e-01, 2.696109e+02
3.472402e-01, 2.696248e+02
3.616569e-01, 2.696376e+02
3.759810e-01, 2.696494e+02
3.902135e-01, 2.696603e+02
4.043453e-01, 2.696704e+02
4.183873e-01, 2.696798e+02
4.323405e-01, 2.696887e+02
4.462057e-01, 2.696969e+02
4.599840e-01, 2.697047e+02
4.736762e-01, 2.697120e+02
4.872832e-01, 2.697190e+02
5.008060e-01, 2.697255e+02
5.142346e-01, 2.697318e+02
5.275803e-01, 2.697377e+02
5.408441e-01, 2.697434e+02
5.540268e-01, 2.697488e+02
5.671290e-01, 2.697539e+02
5.801517e-01, 2.697589e+02
4.505567e+00, 9.002745e+01
5.095256e+00, 9.002427e+01
4.943635e+00, 9.002552e+01
4.794842e+00, 9.002681e+01
4.648860e+00, 9.002814e+01
4.505675e+00, 9.002952e+01
4.365268e+00, 9.003095e+01
4.227727e+00, 9.003243e+01
4.092978e+00, 9.003397e+01
3.960946e+00, 9.003557e+01
3.831835e+00, 9.003722e+01
3.705391e+00, 9.003894e+01
3.581589e+00, 9.004073e+01
3.460474e+00, 9.004260e+01
3.342033e+00, 9.004454e+01
3.226149e+00, 9.004657e+01
3.112793e+00, 9.004869e+01
3.001933e+00, 9.005091e+01
2.893753e+00, 9.005323e+01
2.788037e+00, 9.005566e+01
2.684833e+00, 9.005820e+01
2.583987e+00, 9.006088e+01
2.485463e+00, 9.006370e+01
2.389224e+00, 9.006666e+01
2.295234e+00, 9.006979e+01
2.203457e+00, 9.007309e+01
2.114187e+00, 9.007658e+01
2.027042e+00, 9.008027e+01
1.941979e+00, 9.008418e+01
1.858957e+00, 9.008834e+01
1.777935e+00, 9.009277e+01
1.698871e+00, 9.009750e+01
1.621825e+00, 9.010255e+01
1.546674e+00, 9.010796e+01
1.473511e+00, 9.011375e+01
1.402115e+00, 9.011999e+01
1.332442e+00, 9.012672e+01
1.264446e+00, 9.013401e+01
1.198146e+00, 9.014192e+01
1.133476e+00, 9.015054e+01
1.070332e+00, 9.015997e+01
1.008665e+00, 9.017033e+01
9.485618e-01, 9.018174e+01
8.898297e-01, 9.019439e+01
8.324546e-01, 9.020850e+01
7.764133e-01, 9.022433e+01
7.215822e-01, 9.024222e+01
6.679084e-01, 9.026261e+01
6.153389e-01, 9.028607e+01
5.638200e-01, 9.031335e+01
5.134154e-01, 9.034540e+01
4.640206e-01, 9.038364e+01
4.154998e-01, 9.043013e+01
3.677977e-01, 9.048789e+01
3.208583e-01, 9.056158e+01
2.746256e-01, 9.065892e+01
2.290468e-01, 9.079350e+01
1.841227e-01, 9.099162e+01
1.398041e-01, 9.131216e+01
9.595613e-02, 9.192122e+01
5.254051e-02, 9.352784e+01
9.874966e-03, 1.092127e+02
3.366163e-02, 2.644308e+02
7.614121e-02, 2.675275e+02
1.185053e-01, 2.684026e+02
1.607816e-01, 2.688158e+02
2.029974e-01, 2.690564e+02
2.452449e-01, 2.692141e+02
2.875832e-01, 2.693256e+02
3.300605e-01, 2.694085e+02
3.727401e-01, 2.694726e+02
4.157017e-01, 2.695238e+02
4.590074e-01, 2.695656e+02
5.027198e-01, 2.696005e+02
5.469185e-01, 2.696300e+02
5.916570e-01, 2.696553e+02
6.369981e-01, 2.696773e+02
6.830141e-01, 2.696965e+02
7.297687e-01, 2.697136e+02
7.773260e-01, 2.697288e+02
8.257501e-01, 2.697425e+02
8.751065e-01, 2.697548e+02
9.255363e-01, 2.697660e+02
9.770430e-01, 2.697763e+02
1.029691e+00, 2.697857e+02
1.083547e+00, 2.697944e+02
1.138675e+00, 2.698024e+02
1.195143e+00, 2.698098e+02
1.253045e+00, 2.698167e+02
1.312430e+00, 2.698232e+02
1.373463e+00, 2.698293e+02
1.436114e+00, 2.698350e+02
1.500448e+00, 2.698403e+02
1.566535e+00, 2.698454e+02
1.634476e+00, 2.698502e+02
1.704329e+00, 2.698547e+02
1.776139e+00, 2.698590e+02
1.849971e+00, 2.698630e+02
1.926043e+00, 2.698669e+02
2.004283e+00, 2.698706e+02
2.084789e+00, 2.698741e+02
2.167649e+00, 2.698775e+02
2.252882e+00, 2.698807e+02
2.340553e+00, 2.698838e+02
2.430729e+00, 2.698868e+02
2.523477e+00, 2.698896e+02
2.619080e+00, 2.698923e+02
2.717485e+00, 2.698949e+02
2.818675e+00, 2.698975e+02
2.922717e+00, 2.698999e+02
3.029675e+00, 2.699022e+02
1.946918e+01, 9.000264e+01
2.714818e+01, 8.999775e+01
2.316412e+01, 8.999773e+01
1.930348e+01, 8.999800e+01
1.600105e+01, 8.999840e+01
1.317839e+01, 8.999899e+01
1.076781e+01, 8.999983e+01
8.713084e+00, 9.000101e+01
6.977467e+00, 9.000268e+01
5.505031e+00, 9.000506e+01
4.251080e+00, 9.000855e+01
3.201336e+00, 9.001377e+01
2.309511e+00, 9.002219e+01
1.554557e+00, 9.003720e+01
9.220054e-01, 9.006927e+01
3.947310e-01, 9.017578e+01
4.621265e-02, 2.683890e+02
4.120914e-01, 2.698082e+02
7.127196e-01, 2.698832e+02
9.514407e-01, 2.699085e+02
1.140454e+00, 2.699207e+02
1.284896e+00, 2.699272e+02
1.393205e+00, 2.699309e+02
1.469894e+00, 2.699329e+02
1.518919e+00, 2.699337e+02
1.543766e+00, 2.699335e+02
1.547242e+00, 2.699327e+02
1.529271e+00, 2.699311e+02
1.496102e+00, 2.699289e+02
1.449776e+00, 2.699261e+02
1.392122e+00, 2.699226e+02
1.324779e+00, 2.699184e+02
1.249141e+00, 2.699134e+02
1.166160e+00, 2.699074e+02
1.077532e+00, 2.699000e+02
9.840774e-01, 2.698911e+02
8.873075e-01, 2.698800e+02
7.880622e-01, 2.698660e+02
6.870855e-01, 2.698478e+02
5.850080e-01, 2.698233e+02
4.825312e-01, 2.697886e+02
3.802764e-01, 2.697358e+02
2.787216e-01, 2.696454e+02
1.784073e-01, 2.694559e+02
7.966932e-02, 2.688054e+02
1.722427e-02, 9.541623e+01
1.116842e-01, 9.081512e+01
2.037553e-01, 9.043591e+01
2.931835e-01, 9.029508e+01
3.798008e-01, 9.022149e+01
4.634708e-01, 9.017618e+01
5.437158e-01, 9.014550e+01
6.206015e-01, 9.012328e+01
6.942619e-01, 9.010636e+01
7.646661e-01, 9.009301e+01
8.318008e-01, 9.008219e+01
8.956690e-01, 9.007320e+01
9.562449e-01, 9.006559e+01
1.013378e+00, 9.005906e+01
1.067004e+00, 9.005338e+01
1.117521e+00, 9.004835e+01
1.164992e+00, 9.004386e+01
1.209491e+00, 9.003981e+01
1.251066e+00, 9.003611e+01
1.289665e+00, 9.003273e+01
1.325477e+00, 9.002961e+01
1.358667e+00, 9.002670e+01
1.389080e+00, 9.002398e+01
1.417075e+00, 9.002141e+01
1.442733e+00, 9.001898e+01
1.466057e+00, 9.001667e+01
1.487161e+00, 9.001446e+01
1.506243e+00, 9.001233e+01
1.523397e+00, 9.001028e+01
1.538713e+00, 9.000830e+01
1.552097e+00, 9.000638e+01
1.563772e+00, 9.000451e+01
1.573783e+00, 9.000268e+01
1.582324e+00, 9.000089e+01
1.589475e+00, 8.999913e+01
1.595310e+00, 8.999740e+01
1.599900e+00, 8.999570e+01
1.603289e+00, 8.999401e+01
1.605338e+00, 8.999235e+01
1.606359e+00, 8.999070e+01
1.606410e+00, 8.998907e+01
1.605547e+00, 8.998744e+01
1.603821e+00, 8.998582e+01
1.601264e+00, 8.998421e+01
1.597867e+00, 8.998260e+01
1.593733e+00, 8.998100e+01
1.588836e+00, 8.997940e+01
1.583306e+00, 8.997781e+01
1.577177e+00, 8.997621e+01
1.570473e+00, 8.997461e+01
1.563182e+00, 8.997300e+01
1.555356e+00, 8.997140e+01
1.547053e+00, 8.996978e+01
1.538297e+00, 8.996817e+01
1.529048e+00, 8.996654e+01
1.519391e+00, 8.996491e+01
1.509314e+00, 8.996327e+01
1.498832e+00, 8.996162e+01
1.488003e+00, 8.995996e+01
1.476844e+00, 8.995829e+01
1.465370e+00, 8.995661e+01
1.453595e+00, 8.995491e+01
1.441463e+00, 8.995320e+01
1.429018e+00, 8.995147e+01
1.416317e+00, 8.994972e+01
1.403374e+00, 8.994795e+01
1.390200e+00, 8.994617e+01
1.376808e+00, 8.994436e+01
1.363198e+00, 8.994253e+01
1.349354e+00, 8.994067e+01
1.335290e+00, 8.993879e+01
1.321060e+00, 8.993688e+01
1.306677e+00, 8.993494e+01
1.292152e+00, 8.993297e+01
1.277491e+00, 8.993097e+01
1.262688e+00, 8.992893e+01
1.247773e+00, 8.992685e+01
1.232769e+00, 8.992473e+01
1.217669e+00, 8.992257e+01
1.202511e+00, 8.992037e+01
1.187305e+00, 8.991813e+01
1.172054e+00, 8.991583e+01
1.156778e+00, 8.991349e+01
1.141503e+00, 8.991109e+01
1.126246e+00, 8.990864e+01
1.111019e+00, 8.990613e+01
1.095832e+00, 8.990357e+01
1.080706e+00, 8.990095e+01
1.065655e+00, 8.989826e+01
1.050705e+00, 8.989551e+01
1.035871e+00, 8.989270e+01
1.021170e+00, 8.988982e+01
1.006616e+00, 8.988687e+01
9.922269e-01, 8.988385e+01
9.780337e-01, 8.988077e+01
9.640443e-01, 8.987761e+01
9.502745e-01, 8.987439e+01
9.367399e-01, 8.987109e+01
9.234561e-01, 8.986773e+01
9.104422e-01, 8.986430e+01
8.977248e-01, 8.986080e+01
8.853111e-01, 8.985723e+01
8.732413e-01, 8.985361e+01
8.615051e-01, 8.984994e+01
8.501167e-01, 8.984620e+01
8.390946e-01, 8.984242e+01
8.284687e-01, 8.983860e+01
8.182456e-01, 8.983473e+01
8.084274e-01, 8.983084e+01
7.990263e-01, 8.982692e+01
7.900963e-01, 8.982299e+01
7.816123e-01, 8.981906e+01
7.736052e-01, 8.981513e+01
7.660868e-01, 8.981122e+01
7.590445e-01, 8.980732e+01
7.524872e-01, 8.980346e+01
7.464232e-01, 8.979965e+01
7.408599e-01, 8.979589e+01
7.358792e-01, 8.979222e+01
7.314515e-01, 8.978863e+01
7.275467e-01, 8.978514e+01
7.241694e-01, 8.978175e+01
7.213233e-01, 8.977848e+01
7.190115e-01, 8.977533e+01
7.172518e-01, 8.977233e+01
7.160737e-01, 8.976948e+01
7.154960e-01, 8.976680e+01
7.154574e-01, 8.976429e+01
7.159564e-01, 8.976196e+01
7.169908e-01, 8.975980e+01
7.185689e-01, 8.975782e+01
7.207130e-01, 8.975604e+01
7.233942e-01, 8.975445e+01
7.265920e-01, 8.975305e+01
7.303525e-01, 8.975187e+01
7.346133e-01, 8.975087e+01
7.393718e-01, 8.975006e+01
7.446414e-01, 8.974944e+01
7.504015e-01, 8.974900e+01
7.566179e-01, 8.974873e+01
7.632774e-01, 8.974863e+01
7.703661e-01, 8.974869e+01
7.779135e-01, 8.974893e+01
7.858773e-01, 8.974931e+01
7.942416e-01, 8.974983e+01
8.029625e-01, 8.975047e+01
8.120210e-01, 8.975124e+01
8.213969e-01, 8.975211e+01
8.310695e-01, 8.975308e+01
8.410269e-01, 8.975414e+01
8.512805e-01, 8.975529e+01
8.617530e-01, 8.975652e+01
8.724196e-01, 8.975780e+01
8.832548e-01, 8.975914e+01
8.942323e-01, 8.976052e+01
9.053280e-01, 8.976194e+01
9.165168e-01, 8.976338e+01
9.277607e-01, 8.976484e+01
9.390284e-01, 8.976632e+01
9.502841e-01, 8.976780e+01
9.614974e-01, 8.976928e+01
9.726360e-01, 8.977075e+01
9.836627e-01, 8.977220e+01
9.945447e-01, 8.977363e+01
1.005252e+00, 8.977504e+01
1.015752e+00, 8.977641e+01
1.025985e+00, 8.977775e+01
1.035937e+00, 8.977904e+01
1.045561e+00, 8.978029e+01
1.054824e+00, 8.978148e+01
1.063705e+00, 8.978261e+01
1.072174e+00, 8.978369e+01
1.080199e+00, 8.978471e+01
1.087749e+00, 8.978566e+01
1.094716e+00, 8.978654e+01
1.101109e+00, 8.978733e+01
1.106929e+00, 8.978805e+01
1.112148e+00, 8.978869e+01
1.116741e+00, 8.978925e+01
1.120681e+00, 8.978973e+01
1.123925e+00, 8.979011e+01
1.126424e+00, 8.979039e+01
1.128120e+00, 8.979057e+01
1.129072e+00, 8.979064e+01
1.129261e+00, 8.979062e+01
1.128673e+00, 8.979049e+01
1.127277e+00, 8.979025e+01
1.125032e+00, 8.978988e+01
1.121958e+00, 8.978940e+01
1.118065e+00, 8.978879e+01
1.113266e+00, 8.978805e+01
1.107643e+00, 8.978717e+01
1.101184e+00, 8.978617e+01
1.093863e+00, 8.978501e+01
1.085702e+00, 8.978369e+01
1.076737e+00, 8.978223e+01
1.066980e+00, 8.978062e+01
1.056446e+00, 8.977884e+01
1.045079e+00, 8.977689e+01
1.032945e+00, 8.977475e+01
1.020073e+00, 8.977242e+01
1.006523e+00, 8.976990e+01
9.923240e-01, 8.976720e+01
9.775083e-01, 8.976429e+01
9.621115e-01, 8.976118e+01
9.461574e-01, 8.975785e+01
9.296429e-01, 8.975427e+01
9.126878e-01, 8.975048e+01
8.953390e-01, 8.974645e+01
8.776458e-01, 8.974219e+01
8.596598e-01, 8.973768e+01
8.414343e-01, 8.973293e+01
8.230304e-01, 8.972792e+01
8.045120e-01, 8.972267e+01
7.859501e-01, 8.971717e+01
7.674084e-01, 8.971144e+01
7.489502e-01, 8.970547e+01
7.306483e-01, 8.969929e+01
7.125885e-01, 8.969290e+01
6.948319e-01, 8.968633e+01
6.774362e-01, 8.967961e+01
6.604693e-01, 8.967276e+01
6.440668e-01, 8.966586e+01
6.282505e-01, 8.965893e+01
6.131290e-01, 8.965205e+01
5.987648e-01, 8.964528e+01
5.851925e-01, 8.963868e+01
5.724776e-01, 8.963233e+01
5.606845e-01, 8.962632e+01
5.498758e-01, 8.962075e+01
5.403004e-01, 8.961584e+01
5.319138e-01, 8.961163e+01
5.247083e-01, 8.960817e+01
5.187369e-01, 8.960558e+01
5.140498e-01, 8.960392e+01
5.106942e-01, 8.960329e+01
5.087686e-01, 8.960376e+01
5.083565e-01, 8.960542e+01
5.095692e-01, 8.960834e+01
5.122722e-01, 8.961239e+01
5.164902e-01, 8.961753e+01
5.222426e-01, 8.962370e+01
5.295860e-01, 8.963086e+01
5.385828e-01, 8.963893e+01
5.491700e-01, 8.964776e+01
5.613121e-01, 8.965721e+01
5.751605e-01, 8.966727e+01
5.905336e-01, 8.967768e+01
6.074313e-01, 8.968836e+01
6.258822e-01, 8.969921e+01
6.458087e-01, 8.971009e+01
6.671216e-01, 8.972091e+01
6.897735e-01, 8.973159e+01
7.137122e-01, 8.974205e+01
7.390073e-01, 8.975230e+01
7.655134e-01, 8.976224e+01
7.931405e-01, 8.977183e+01
8.217668e-01, 8.978105e+01
8.513158e-01, 8.978987e+01
8.817068e-01, 8.979830e+01
9.128558e-01, 8.980633e+01
9.446953e-01, 8.981397e+01
9.771757e-01, 8.982122e+01
1.010099e+00, 8.982809e+01
1.043365e+00, 8.983458e+01
1.076867e+00, 8.984071e+01
1.110498e+00, 8.984649e+01
1.144134e+00, 8.985194e+01
1.177638e+00, 8.985707e+01
1.210893e+00, 8.986189e+01
1.243721e+00, 8.986641e+01
1.276023e+00, 8.987066e+01
1.307668e+00, 8.987464e+01
1.338496e+00, 8.987837e+01
1.368323e+00, 8.988186e+01
1.397037e+00, 8.988512e+01
1.424531e+00, 8.988816e+01
1.450669e+00, 8.989100e+01
1.475154e+00, 8.989363e+01
1.497978e+00, 8.989607e+01
1.518920e+00, 8.989834e+01
1.537890e+00, 8.990042e+01
1.554844e+00, 8.990235e+01
1.569673e+00, 8.990412e+01
1.582276e+00, 8.990575e+01
1.592554e+00, 8.990723e+01
1.600006e+00, 8.990855e+01
1.604807e+00, 8.990974e+01
1.607002e+00, 8.991079e+01
1.606521e+00, 8.991171e+01
1.603297e+00, 8.991251e+01
1.597270e+00, 8.991318e+01
1.588259e+00, 8.991373e+01
1.576158e+00, 8.991413e+01
1.560771e+00, 8.991440e+01
1.542378e+00, 8.991453e+01
1.520949e+00, 8.991452e+01
1.496456e+00, 8.991436e+01
1.468785e+00, 8.991405e+01
1.437834e+00, 8.991356e+01
1.403726e+00, 8.991288e+01
1.366519e+00, 8.991200e+01
1.325912e+00, 8.991089e+01
1.282239e+00, 8.990952e+01
1.235474e+00, 8.990786e+01
1.185534e+00, 8.990586e+01
1.132563e+00, 8.990346e+01
1.076701e+00, 8.990059e+01
1.018008e+00, 8.989716e+01
9.565534e-01, 8.989304e+01
8.921347e-01, 8.988803e+01
8.249787e-01, 8.988188e+01
7.552378e-01, 8.987424e+01
6.831033e-01, 8.986462e+01
6.086684e-01, 8.985219e+01
5.320276e-01, 8.983566e+01
4.532756e-01, 8.981272e+01
3.724148e-01, 8.977891e+01
2.893605e-01, 8.972429e+01
2.045038e-01, 8.962240e+01
1.179283e-01, 8.936684e+01
2.972673e-02, 8.757321e+01
6.010394e-02, 2.711578e+02
1.514406e-01, 2.704428e+02
2.442927e-01, 2.702642e+02
3.385379e-01, 2.701833e+02
4.342344e-01, 2.701373e+02
5.312111e-01, 2.701076e+02
6.294322e-01, 2.700870e+02
7.288904e-01, 2.700719e+02
8.295878e-01, 2.700603e+02
9.314635e-01, 2.700512e+02
1.034479e+00, 2.700439e+02
1.138623e+00, 2.700380e+02
1.243986e+00, 2.700330e+02
1.350480e+00, 2.700288e+02
1.458152e+00, 2.700252e+02
1.566995e+00, 2.700222e+02
1.677011e+00, 2.700195e+02
1.788241e+00, 2.700172e+02
1.900735e+00, 2.700152e+02
2.014558e+00, 2.700134e+02
2.129999e+00, 2.700118e+02
2.247025e+00, 2.700105e+02
2.365709e+00, 2.700092e+02
2.486185e+00, 2.700081e+02
2.608599e+00, 2.700072e+02
2.733111e+00, 2.700063e+02
2.859987e+00, 2.700055e+02
2.989444e+00, 2.700048e+02
3.121860e+00, 2.700041e+02
3.257192e+00, 2.700036e+02
3.395645e+00, 2.700031e+02
3.537427e+00, 2.700026e+02
3.682859e+00, 2.700022e+02
3.832245e+00, 2.700018e+02
3.985678e+00, 2.700015e+02
4.143327e+00, 2.700012e+02
4.305854e+00, 2.700009e+02
4.473070e+00, 2.700007e+02
4.645294e+00, 2.700005e+02
4.822954e+00, 2.700003e+02
5.006143e+00, 2.700002e+02
5.194994e+00, 2.700000e+02
5.389753e+00, 2.699999e+02
5.590669e+00, 2.699998e+02
5.798683e+00, 2.699997e+02
6.013808e+00, 2.699996e+02
6.236126e+00, 2.699995e+02
6.465667e+00, 2.699995e+02
6.702651e+00, 2.699994e+02
6.947279e+00, 2.699994e+02
7.199732e+00, 2.699993e+02
7.460582e+00, 2.699993e+02
7.730744e+00, 2.699993e+02
8.009148e+00, 2.699992e+02
8.295846e+00, 2.699992e+02
8.590849e+00, 2.699992e+02
8.894133e+00, 2.699991e+02
9.205951e+00, 2.699991e+02
9.526265e+00, 2.699991e+02
9.854558e+00, 2.699990e+02
1.019128e+01, 2.699990e+02
1.053535e+01, 2.699990e+02
1.088639e+01, 2.699989e+02
1.124417e+01, 2.699989e+02
1.160831e+01, 2.699988e+02
1.197797e+01, 2.699988e+02
1.235234e+01, 2.699987e+02
1.273070e+01, 2.699987e+02
1.311245e+01, 2.699986e+02
1.349624e+01, 2.699986e+02
1.388104e+01, 2.699985e+02
1.426552e+01, 2.699984e+02
1.464836e+01, 2.699983e+02
1.502820e+01, 2.699982e+02
1.540358e+01, 2.699981e+02
1.577294e+01, 2.699980e+02
1.613319e+01, 2.699979e+02
1.648316e+01, 2.699978e+02
1.682120e+01, 2.699977e+02
1.714535e+01, 2.699976e+02
1.745362e+01, 2.699975e+02
1.774393e+01, 2.699974e+02
1.801317e+01, 2.699973e+02
1.825897e+01, 2.699971e+02
1.847736e+01, 2.699970e+02
1.866847e+01, 2.699969e+02
1.883017e+01, 2.699968e+02
1.896042e+01, 2.699966e+02
1.905599e+01, 2.699965e+02
1.911423e+01, 2.699964e+02
1.913462e+01, 2.699963e+02
1.911598e+01, 2.699962e+02
1.905275e+01, 2.699960e+02
1.894764e+01, 2.699959e+02
1.879879e+01, 2.699958e+02
1.860384e+01, 2.699957e+02
1.836407e+01, 2.699957e+02
1.808026e+01, 2.699956e+02
1.775270e+01, 2.699955e+02
1.738196e+01, 2.699954e+02
1.696454e+01, 2.699954e+02
1.650379e+01, 2.699954e+02
1.600320e+01, 2.699953e+02
1.546598e+01, 2.699953e+02
1.489455e+01, 2.699953e+02
1.429161e+01, 2.699953e+02
1.366015e+01, 2.699954e+02
1.300203e+01, 2.699954e+02
1.231973e+01, 2.699955e+02
1.162062e+01, 2.699956e+02
1.090853e+01, 2.699957e+02
1.018740e+01, 2.699958e+02
9.461188e+00, 2.699960e+02
8.733932e+00, 2.699963e+02
8.009946e+00, 2.699966e+02
7.293205e+00, 2.699969e+02
6.588665e+00, 2.699974e+02
5.898970e+00, 2.699979e+02
5.227197e+00, 2.699986e+02
4.576801e+00, 2.699996e+02
3.950960e+00, 2.700008e+02
3.350963e+00, 2.700024e+02
2.778091e+00, 2.700046e+02
2.233512e+00, 2.700079e+02
1.720875e+00, 2.700128e+02
1.238045e+00, 2.700212e+02
7.861946e-01, 2.700384e+02
3.635027e-01, 2.700928e+02
3.159869e-02, 8.883367e+01
4.003145e-01, 8.990134e+01
7.441095e-01, 8.994410e+01
1.064582e+00, 8.995953e+01
1.360020e+00, 8.996780e+01
1.635531e+00, 8.997325e+01
1.893331e+00, 8.997730e+01
2.134897e+00, 8.998060e+01
2.361516e+00, 8.998345e+01
2.574236e+00, 8.998602e+01
2.773119e+00, 8.998841e+01
2.958799e+00, 8.999067e+01
3.130592e+00, 8.999285e+01
3.289501e+00, 8.999493e+01
3.434830e+00, 8.999693e+01
3.565498e+00, 8.999886e+01
3.679200e+00, 9.000072e+01
3.773435e+00, 9.000251e+01
3.846186e+00, 9.000426e+01
3.894321e+00, 9.000597e+01
3.910417e+00, 9.000768e+01
3.892119e+00, 9.000942e+01
3.832537e+00, 9.001124e+01
3.723042e+00, 9.001324e+01
3.558433e+00, 9.001552e+01
3.332714e+00, 9.001827e+01
3.039719e+00, 9.002178e+01
2.674602e+00, 9.002659e+01
2.226726e+00, 9.003390e+01
1.701096e+00, 9.004655e+01
1.109194e+00, 9.007401e+01
4.663437e-01, 9.018024e+01
2.074739e-01, 2.695908e+02
8.861103e-01, 2.699047e+02
1.538409e+00, 2.699464e+02
2.123919e+00, 2.699628e+02
2.594409e+00, 2.699716e+02
2.933283e+00, 2.699772e+02
3.124577e+00, 2.699812e+02
3.165099e+00, 2.699842e+02
3.065467e+00, 2.699868e+02
2.845656e+00, 2.699892e+02
2.544025e+00, 2.699916e+02
2.205787e+00, 2.699942e+02
1.875318e+00, 2.699971e+02
1.589052e+00, 2.700005e+02
1.372146e+00, 2.700041e+02
1.242935e+00, 2.700072e+02
1.208479e+00, 2.700090e+02
1.260027e+00, 2.700091e+02
1.384714e+00, 2.700079e+02
1.566248e+00, 2.700061e+02
1.787723e+00, 2.700042e+02
2.024277e+00, 2.700025e+02
2.256482e+00, 2.700012e+02
2.467778e+00, 2.700002e+02
2.646054e+00, 2.699996e+02
2.782420e+00, 2.699992e+02
2.871224e+00, 2.699992e+02
2.909873e+00, 2.699996e+02
2.890055e+00, 2.700005e+02
2.823285e+00, 2.700018e+02
2.715855e+00, 2.700037e+02
2.574113e+00, 2.700064e+02
2.405179e+00, 2.700098e+02
2.216552e+00, 2.700143e+02
2.015536e+00, 2.700200e+02
1.810342e+00, 2.700273e+02
1.608962e+00, 2.700363e+02
1.417319e+00, 2.700473e+02
1.240170e+00, 2.700604e+02
1.081331e+00, 2.700756e+02
9.446629e-01, 2.700923e+02
8.323200e-01, 2.701092e+02
7.442522e-01, 2.701246e+02
6.802684e-01, 2.701360e+02
6.418628e-01, 2.701400e+02
6.251466e-01, 2.701360e+02
6.286005e-01, 2.701240e+02
6.503406e-01, 2.701057e+02
6.867104e-01, 2.700840e+02
7.347415e-01, 2.700613e+02
7.916648e-01, 2.700395e+02
8.547541e-01, 2.700195e+02
9.215161e-01, 2.700018e+02
9.888760e-01, 2.699868e+02
1.054483e+00, 2.699743e+02
1.116534e+00, 2.699643e+02
1.173566e+00, 2.699566e+02
1.224457e+00, 2.699511e+02
1.268436e+00, 2.699476e+02
1.304594e+00, 2.699462e+02
1.332535e+00, 2.699470e+02
1.353704e+00, 2.699497e+02
1.368928e+00, 2.699543e+02
1.379353e+00, 2.699606e+02
1.386413e+00, 2.699686e+02
1.391840e+00, 2.699780e+02
1.397751e+00, 2.699887e+02
1.406291e+00, 2.700001e+02
1.420273e+00, 2.700118e+02
1.441462e+00, 2.700231e+02
1.471785e+00, 2.700335e+02
1.513387e+00, 2.700424e+02
1.567920e+00, 2.700494e+02
1.635667e+00, 2.700542e+02
1.716712e+00, 2.700569e+02
1.810603e+00, 2.700575e+02
1.917189e+00, 2.700563e+02
2.033265e+00, 2.700537e+02
2.156229e+00, 2.700501e+02
2.282139e+00, 2.700459e+02
2.407196e+00, 2.700415e+02
2.527521e+00, 2.700372e+02
2.639277e+00, 2.700331e+02
2.738895e+00, 2.700294e+02
2.819951e+00, 2.700263e+02
2.882443e+00, 2.700238e+02
2.925322e+00, 2.700221e+02
2.948008e+00, 2.700212e+02
2.950558e+00, 2.700212e+02
2.933528e+00, 2.700221e+02
2.896690e+00, 2.700240e+02
2.841834e+00, 2.700270e+02
2.769379e+00, 2.700310e+02
2.682548e+00, 2.700360e+02
2.582999e+00, 2.700419e+02
2.472573e+00, 2.700485e+02
2.352811e+00, 2.700557e+02
2.225225e+00, 2.700632e+02
2.090452e+00, 2.700708e+02
1.947032e+00, 2.700784e+02
1.789626e+00, 2.700859e+02
1.613386e+00, 2.700941e+02
1.411553e+00, 2.701042e+02
1.179550e+00, 2.701186e+02
9.214531e-01, 2.701426e+02
6.486520e-01, 2.701894e+02
3.815969e-01, 2.703022e+02
1.491352e-01, 2.707368e+02
3.401556e-03, 5.639421e+01
3.405379e-02, 8.677367e+01
7.842649e-02, 2.714732e+02
3.508414e-01, 2.703552e+02
7.916857e-01, 2.701722e+02
1.401848e+00, 2.701069e+02
2.178418e+00, 2.700753e+02
3.131835e+00, 2.700567e+02
3.426159e+00, 2.700554e+02
3.070377e+00, 2.700659e+02
4.120749e+00, 2.700518e+02
5.107665e+00, 2.700436e+02
6.050672e+00, 2.700381e+02
6.968546e+00, 2.700340e+02
7.878856e+00, 2.700306e+02
8.792085e+00, 2.700278e+02
9.708850e+00, 2.700254e+02
1.061793e+01, 2.700234e+02
1.149872e+01, 2.700217e+02
1.231753e+01, 2.700203e+02
1.303291e+01, 2.700192e+02
1.360669e+01, 2.700184e+02
1.399833e+01, 2.700178e+02
1.416853e+01, 2.700174e+02
1.405236e+01, 2.700173e+02
1.363599e+01, 2.700175e+02
1.287474e+01, 2.700181e+02
1.176572e+01, 2.700192e+02
1.029344e+01, 2.700211e+02
8.441848e+00, 2.700248e+02
6.197072e+00, 2.700324e+02
3.548036e+00, 2.700542e+02
4.105344e-01, 2.704481e+02
3.140043e+00, 8.994385e+01
7.085548e+00, 8.997610e+01
1.139976e+01, 8.998568e+01
1.604157e+01, 8.999015e+01
2.095364e+01, 8.999267e+01
2.606700e+01, 8.999424e+01
3.127401e+01, 8.999529e+01
3.644731e+01, 8.999601e+01
4.146200e+01, 8.999654e+01
4.619587e+01, 8.999692e+01
5.052831e+01, 8.999721e+01
5.431395e+01, 8.999743e+01
5.744772e+01, 8.999761e+01
5.987613e+01, 8.999775e+01
6.155180e+01, 8.999788e+01
6.237640e+01, 8.999799e+01
6.243895e+01, 8.999809e+01
6.176075e+01, 8.999820e+01
6.038868e+01, 8.999832e+01
5.844766e+01, 8.999844e+01
5.603374e+01, 8.999859e+01
5.324341e+01, 8.999875e+01
5.017235e+01, 8.999894e+01
4.690046e+01, 8.999916e+01
4.353339e+01, 8.999943e+01
4.015173e+01, 8.999974e+01
3.681250e+01, 9.000010e+01
3.356112e+01, 9.000052e+01
3.043288e+01, 9.000102e+01
2.745391e+01, 9.000160e+01
2.465655e+01, 9.000227e+01
2.206026e+01, 9.000306e+01
1.964828e+01, 9.000398e+01
1.742003e+01, 9.000504e+01
1.537180e+01, 9.000629e+01
1.349753e+01, 9.000776e+01
1.179872e+01, 9.000947e+01
1.026160e+01, 9.001148e+01
8.870557e+00, 9.001387e+01
7.627623e+00, 9.001667e+01
6.508392e+00, 9.002005e+01
5.502903e+00, 9.002415e+01
4.605176e+00, 9.002920e+01
3.806543e+00, 9.003552e+01
3.092874e+00, 9.004371e+01
2.455712e+00, 9.005475e+01
1.887462e+00, 9.007048e+01
1.386591e+00, 9.009440e+01
9.409105e-01, 9.013622e+01
5.467027e-01, 9.022841e+01
1.948757e-01, 9.062137e+01
1.196431e-01, 2.690232e+02
4.011425e-01, 2.697202e+02
6.536317e-01, 2.698359e+02
8.806768e-01, 2.698842e+02
1.081712e+00, 2.699109e+02
1.264202e+00, 2.699283e+02
1.430721e+00, 2.699409e+02
1.583456e+00, 2.699504e+02
1.724350e+00, 2.699580e+02
1.855126e+00, 2.699644e+02
1.976724e+00, 2.699697e+02
2.091014e+00, 2.699744e+02
2.198850e+00, 2.699785e+02
2.301912e+00, 2.699821e+02
2.401033e+00, 2.699854e+02
2.496931e+00, 2.699883e+02
2.590069e+00, 2.699910e+02
2.681033e+00, 2.699935e+02
2.770402e+00, 2.699957e+02
2.858515e+00, 2.699977e+02
2.945493e+00, 2.699996e+02
3.031640e+00, 2.700013e+02
3.116933e+00, 2.700029e+02
3.201212e+00, 2.700043e+02
3.284356e+00, 2.700057e+02
3.365971e+00, 2.700070e+02
3.445463e+00, 2.700081e+02
3.522015e+00, 2.700093e+02
3.593872e+00, 2.700104e+02
3.659231e+00, 2.700114e+02
3.716616e+00, 2.700125e+02
3.763704e+00, 2.700136e+02
3.797705e+00, 2.700148e+02
3.815339e+00, 2.700160e+02
3.812810e+00, 2.700174e+02
3.783119e+00, 2.700191e+02
3.719089e+00, 2.700210e+02
3.617910e+00, 2.700234e+02
3.473160e+00, 2.700263e+02
3.277705e+00, 2.700302e+02
3.023580e+00, 2.700353e+02
2.696467e+00, 2.700428e+02
2.286873e+00, 2.700546e+02
1.783927e+00, 2.700757e+02
1.158395e+00, 2.701262e+02
3.973617e-01, 2.703983e+02
5.294117e-01, 8.967663e+01
1.676124e+00, 8.988954e+01
3.111929e+00, 8.993571e+01
4.914290e+00, 8.995608e+01
7.207337e+00, 8.996778e+01
1.016614e+01, 8.997551e+01
1.416223e+01, 8.998124e+01
1.955439e+01, 8.998561e+01
2.705304e+01, 8.998909e+01
3.738754e+01, 8.999183e+01
5.174365e+01, 8.999400e+01
7.181609e+01, 8.999573e+01
1.000000e+02, 8.999709e+01
##END
