##TITLE= Pf1-t70-h897-205R4
##JCAMP-DX= 5.00 Bruker JCAMP library
##DATA TYPE= Shape Data
##ORIGIN= Bruker BioSpin GmbH
##OWNER= <Alexej Jerschow>
##DATE= 2009/02/26
##TIME= 15:53:43
##$SHAPE_PARAMETERS= 
##MINX= 1.004739e-03
##MAXX= 1.000000e+02
##MINY= 8.921102e+01
##MAXY= 2.700941e+02
##$SHAPE_EXMODE= 
##$SHAPE_TOTROT= 
##$SHAPE_TYPE= 
##$SHAPE_USER_DEF= 
##$SHAPE_REPHFAC= 
##$SHAPE_BWFAC= 
##$SHAPE_BWFAC50= 
##$SHAPE_INTEGFAC= 
##$SHAPE_MODE= 
##NPOINTS= 1000
##XYPOINTS= (XY..XY)
1.062017e-02, 9.002032e+01
1.041954e-02, 9.002039e+01
1.022332e-02, 9.002042e+01
1.003190e-02, 9.002041e+01
9.845664e-03, 9.002037e+01
9.664967e-03, 9.002028e+01
9.490149e-03, 9.002016e+01
9.321532e-03, 9.001998e+01
9.159418e-03, 9.001976e+01
9.004088e-03, 9.001949e+01
8.855804e-03, 9.001917e+01
8.714805e-03, 9.001879e+01
8.581309e-03, 9.001836e+01
8.455514e-03, 9.001787e+01
8.337546e-03, 9.001732e+01
8.227605e-03, 9.001672e+01
8.125823e-03, 9.001605e+01
8.032305e-03, 9.001533e+01
7.947136e-03, 9.001455e+01
7.870379e-03, 9.001372e+01
7.802071e-03, 9.001283e+01
7.742229e-03, 9.001189e+01
7.690846e-03, 9.001091e+01
7.647894e-03, 9.000988e+01
7.613322e-03, 9.000881e+01
7.587058e-03, 9.000770e+01
7.569005e-03, 9.000656e+01
7.559015e-03, 9.000540e+01
7.556990e-03, 9.000421e+01
7.562776e-03, 9.000301e+01
7.576197e-03, 9.000179e+01
7.597060e-03, 9.000058e+01
7.625153e-03, 8.999936e+01
7.660246e-03, 8.999814e+01
7.702094e-03, 8.999693e+01
7.750435e-03, 8.999574e+01
7.804990e-03, 8.999457e+01
7.865470e-03, 8.999342e+01
7.931568e-03, 8.999229e+01
8.002968e-03, 8.999119e+01
8.079329e-03, 8.999013e+01
8.160328e-03, 8.998909e+01
8.245617e-03, 8.998810e+01
8.334839e-03, 8.998714e+01
8.427629e-03, 8.998622e+01
8.523617e-03, 8.998535e+01
8.622426e-03, 8.998451e+01
8.723678e-03, 8.998371e+01
8.826988e-03, 8.998296e+01
8.931974e-03, 8.998225e+01
9.038248e-03, 8.998159e+01
9.145428e-03, 8.998096e+01
9.253129e-03, 8.998038e+01
9.360992e-03, 8.997984e+01
9.468624e-03, 8.997934e+01
9.575653e-03, 8.997888e+01
9.681715e-03, 8.997846e+01
9.786451e-03, 8.997809e+01
9.889511e-03, 8.997775e+01
9.990555e-03, 8.997745e+01
1.008925e-02, 8.997719e+01
1.018529e-02, 8.997697e+01
1.027835e-02, 8.997679e+01
1.036815e-02, 8.997664e+01
1.045441e-02, 8.997654e+01
1.053686e-02, 8.997647e+01
1.061531e-02, 8.997643e+01
1.068948e-02, 8.997644e+01
1.075916e-02, 8.997648e+01
1.082415e-02, 8.997656e+01
1.088429e-02, 8.997668e+01
1.178320e-02, 8.998305e+01
1.279133e-02, 8.998925e+01
1.282810e-02, 8.998937e+01
1.286255e-02, 8.998954e+01
1.289458e-02, 8.998973e+01
1.292411e-02, 8.998997e+01
1.295109e-02, 8.999025e+01
1.297544e-02, 8.999056e+01
1.299720e-02, 8.999090e+01
1.301624e-02, 8.999129e+01
1.303251e-02, 8.999171e+01
1.304599e-02, 8.999216e+01
1.305669e-02, 8.999265e+01
1.306461e-02, 8.999317e+01
1.306973e-02, 8.999373e+01
1.307206e-02, 8.999432e+01
1.307162e-02, 8.999494e+01
1.306847e-02, 8.999559e+01
1.306264e-02, 8.999627e+01
1.305420e-02, 8.999697e+01
1.304324e-02, 8.999771e+01
1.302994e-02, 8.999847e+01
1.301430e-02, 8.999925e+01
1.299643e-02, 9.000005e+01
1.297652e-02, 9.000088e+01
1.295463e-02, 9.000172e+01
1.293090e-02, 9.000258e+01
1.290551e-02, 9.000346e+01
1.287860e-02, 9.000435e+01
1.285037e-02, 9.000525e+01
1.282100e-02, 9.000616e+01
1.279068e-02, 9.000707e+01
1.275964e-02, 9.000799e+01
1.272808e-02, 9.000891e+01
1.269631e-02, 9.000983e+01
1.266453e-02, 9.001074e+01
1.263292e-02, 9.001164e+01
1.260172e-02, 9.001253e+01
1.257118e-02, 9.001341e+01
1.254155e-02, 9.001427e+01
1.251308e-02, 9.001511e+01
1.248604e-02, 9.001593e+01
1.246069e-02, 9.001672e+01
1.243727e-02, 9.001748e+01
1.241607e-02, 9.001820e+01
1.239733e-02, 9.001888e+01
1.238136e-02, 9.001953e+01
1.236839e-02, 9.002013e+01
1.235862e-02, 9.002069e+01
1.235231e-02, 9.002119e+01
1.234968e-02, 9.002164e+01
1.235098e-02, 9.002204e+01
1.235641e-02, 9.002238e+01
1.236619e-02, 9.002266e+01
1.238052e-02, 9.002287e+01
1.239959e-02, 9.002302e+01
1.242356e-02, 9.002311e+01
1.245260e-02, 9.002314e+01
1.248686e-02, 9.002309e+01
1.252644e-02, 9.002298e+01
1.257141e-02, 9.002281e+01
1.262190e-02, 9.002257e+01
1.267799e-02, 9.002227e+01
1.273974e-02, 9.002190e+01
1.280716e-02, 9.002147e+01
1.288029e-02, 9.002098e+01
1.295910e-02, 9.002044e+01
1.304357e-02, 9.001984e+01
1.313361e-02, 9.001919e+01
1.322915e-02, 9.001849e+01
1.333009e-02, 9.001775e+01
1.280072e-02, 9.001564e+01
1.137108e-02, 9.001071e+01
1.158121e-02, 9.000953e+01
1.179442e-02, 9.000834e+01
1.201052e-02, 9.000716e+01
1.222934e-02, 9.000598e+01
1.245067e-02, 9.000481e+01
1.267431e-02, 9.000365e+01
1.290000e-02, 9.000251e+01
1.312748e-02, 9.000138e+01
1.335646e-02, 9.000028e+01
1.358648e-02, 8.999921e+01
1.381738e-02, 8.999817e+01
1.404892e-02, 8.999716e+01
1.428073e-02, 8.999618e+01
1.451229e-02, 8.999524e+01
1.474341e-02, 8.999434e+01
1.497367e-02, 8.999348e+01
1.520269e-02, 8.999266e+01
1.542994e-02, 8.999189e+01
1.565470e-02, 8.999117e+01
1.587654e-02, 8.999050e+01
1.609521e-02, 8.998988e+01
1.631021e-02, 8.998932e+01
1.652099e-02, 8.998881e+01
1.672701e-02, 8.998835e+01
1.692770e-02, 8.998795e+01
1.712240e-02, 8.998761e+01
1.731026e-02, 8.998733e+01
1.749088e-02, 8.998711e+01
1.766333e-02, 8.998695e+01
1.782708e-02, 8.998686e+01
1.798160e-02, 8.998683e+01
1.812636e-02, 8.998686e+01
1.826068e-02, 8.998696e+01
1.838390e-02, 8.998713e+01
1.849534e-02, 8.998737e+01
1.859431e-02, 8.998768e+01
1.868014e-02, 8.998806e+01
1.875192e-02, 8.998851e+01
1.880901e-02, 8.998904e+01
1.885059e-02, 8.998965e+01
1.887613e-02, 8.999033e+01
1.888506e-02, 8.999109e+01
1.887696e-02, 8.999194e+01
1.885121e-02, 8.999287e+01
1.880723e-02, 8.999390e+01
1.874446e-02, 8.999501e+01
1.866228e-02, 8.999622e+01
1.856015e-02, 8.999753e+01
1.843771e-02, 8.999894e+01
1.829454e-02, 9.000047e+01
1.813026e-02, 9.000211e+01
1.794422e-02, 9.000387e+01
1.773584e-02, 9.000577e+01
1.750541e-02, 9.000780e+01
1.725269e-02, 9.000998e+01
1.697749e-02, 9.001232e+01
1.667966e-02, 9.001484e+01
1.635916e-02, 9.001754e+01
1.601601e-02, 9.002044e+01
1.565025e-02, 9.002357e+01
1.526199e-02, 9.002694e+01
1.485140e-02, 9.003059e+01
1.441861e-02, 9.003455e+01
1.396388e-02, 9.003884e+01
1.348769e-02, 9.004352e+01
1.299049e-02, 9.004864e+01
1.247300e-02, 9.005425e+01
1.193575e-02, 9.006045e+01
1.137940e-02, 9.006732e+01
1.261093e-02, 9.005046e+01
1.771238e-02, 9.000793e+01
2.131411e-02, 8.999110e+01
2.183647e-02, 8.999035e+01
2.188134e-02, 8.999156e+01
2.193350e-02, 8.999272e+01
2.199390e-02, 8.999382e+01
2.206337e-02, 8.999485e+01
2.214259e-02, 8.999581e+01
2.223197e-02, 8.999670e+01
2.233219e-02, 8.999751e+01
2.244392e-02, 8.999825e+01
2.256764e-02, 8.999890e+01
2.270374e-02, 8.999948e+01
2.285245e-02, 8.999997e+01
2.301356e-02, 9.000038e+01
2.318622e-02, 9.000071e+01
2.337072e-02, 9.000098e+01
2.356743e-02, 9.000116e+01
2.377612e-02, 9.000128e+01
2.399637e-02, 9.000133e+01
2.422743e-02, 9.000132e+01
2.446801e-02, 9.000125e+01
2.471718e-02, 9.000114e+01
2.497368e-02, 9.000098e+01
2.523653e-02, 9.000078e+01
2.550507e-02, 9.000055e+01
2.577757e-02, 9.000029e+01
2.605264e-02, 9.000001e+01
2.632903e-02, 8.999971e+01
2.660430e-02, 8.999940e+01
2.687630e-02, 8.999910e+01
2.714367e-02, 8.999879e+01
2.740455e-02, 8.999849e+01
2.765546e-02, 8.999821e+01
2.789349e-02, 8.999794e+01
2.811788e-02, 8.999771e+01
2.832532e-02, 8.999750e+01
2.851182e-02, 8.999732e+01
2.867521e-02, 8.999719e+01
2.881415e-02, 8.999709e+01
2.892575e-02, 8.999705e+01
2.900701e-02, 8.999706e+01
2.905425e-02, 8.999713e+01
2.906347e-02, 8.999726e+01
2.903156e-02, 8.999746e+01
2.895635e-02, 8.999774e+01
2.883481e-02, 8.999811e+01
2.866275e-02, 8.999856e+01
2.843816e-02, 8.999911e+01
2.815716e-02, 8.999978e+01
2.781764e-02, 9.000056e+01
2.741551e-02, 9.000148e+01
2.694768e-02, 9.000256e+01
2.641257e-02, 9.000380e+01
2.580818e-02, 9.000523e+01
2.513195e-02, 9.000689e+01
2.438143e-02, 9.000881e+01
2.355411e-02, 9.001104e+01
2.264702e-02, 9.001362e+01
2.165783e-02, 9.001665e+01
2.058343e-02, 9.002021e+01
1.942495e-02, 9.002446e+01
1.818082e-02, 9.002956e+01
1.685104e-02, 9.003579e+01
1.543475e-02, 9.004354e+01
1.393117e-02, 9.005341e+01
1.234026e-02, 9.006638e+01
1.066269e-02, 9.008414e+01
8.899122e-03, 9.010988e+01
7.050436e-03, 9.015052e+01
5.117680e-03, 9.022411e+01
3.101411e-03, 9.039811e+01
1.004739e-03, 9.131820e+01
1.170861e-03, 2.687910e+02
3.420032e-03, 2.695591e+02
5.740362e-03, 2.697210e+02
8.128100e-03, 2.697913e+02
6.253681e-03, 9.019111e+01
4.542784e-02, 8.999564e+01
6.395520e-02, 8.998614e+01
6.324040e-02, 8.998575e+01
6.013228e-02, 8.998623e+01
5.713824e-02, 8.998680e+01
5.429749e-02, 8.998744e+01
5.160893e-02, 8.998815e+01
4.907363e-02, 8.998892e+01
4.669438e-02, 8.998976e+01
4.446772e-02, 8.999067e+01
4.239040e-02, 8.999164e+01
4.046078e-02, 8.999266e+01
3.867759e-02, 8.999374e+01
3.703609e-02, 8.999484e+01
3.553231e-02, 8.999595e+01
3.416743e-02, 8.999708e+01
3.293847e-02, 8.999820e+01
3.183766e-02, 8.999929e+01
3.085952e-02, 9.000034e+01
2.999937e-02, 9.000133e+01
2.925445e-02, 9.000222e+01
2.862418e-02, 9.000302e+01
2.809968e-02, 9.000371e+01
2.767611e-02, 9.000428e+01
2.734687e-02, 9.000472e+01
2.710500e-02, 9.000501e+01
2.694643e-02, 9.000517e+01
2.686595e-02, 9.000518e+01
2.685580e-02, 9.000505e+01
2.691102e-02, 9.000480e+01
2.702878e-02, 9.000443e+01
2.720312e-02, 9.000395e+01
2.742497e-02, 9.000337e+01
2.768899e-02, 9.000271e+01
2.799075e-02, 9.000197e+01
2.832251e-02, 9.000117e+01
2.867913e-02, 9.000033e+01
2.905712e-02, 8.999944e+01
2.945165e-02, 8.999852e+01
2.985474e-02, 8.999759e+01
3.026165e-02, 8.999664e+01
3.066713e-02, 8.999569e+01
3.106588e-02, 8.999474e+01
3.145353e-02, 8.999379e+01
3.182629e-02, 8.999285e+01
3.217974e-02, 8.999192e+01
3.250923e-02, 8.999102e+01
3.281088e-02, 8.999013e+01
3.308069e-02, 8.998926e+01
3.331523e-02, 8.998841e+01
3.351111e-02, 8.998757e+01
3.366523e-02, 8.998675e+01
3.377477e-02, 8.998596e+01
3.383714e-02, 8.998519e+01
3.385017e-02, 8.998445e+01
3.381195e-02, 8.998372e+01
3.372080e-02, 8.998302e+01
3.357530e-02, 8.998233e+01
3.337376e-02, 8.998167e+01
3.311347e-02, 8.998102e+01
3.279266e-02, 8.998038e+01
3.241312e-02, 8.997975e+01
3.197503e-02, 8.997914e+01
3.147851e-02, 8.997853e+01
3.092386e-02, 8.997795e+01
3.031131e-02, 8.997739e+01
2.964124e-02, 8.997683e+01
2.891483e-02, 8.997628e+01
2.813296e-02, 8.997573e+01
2.729745e-02, 8.997518e+01
3.054714e-02, 8.998083e+01
4.300649e-02, 8.999290e+01
4.525363e-02, 8.999478e+01
4.437224e-02, 8.999479e+01
4.351908e-02, 8.999482e+01
4.269686e-02, 8.999490e+01
4.190802e-02, 8.999502e+01
4.115495e-02, 8.999520e+01
4.043984e-02, 8.999543e+01
3.976461e-02, 8.999569e+01
3.913083e-02, 8.999599e+01
3.854025e-02, 8.999632e+01
3.799461e-02, 8.999669e+01
3.749541e-02, 8.999710e+01
3.704399e-02, 8.999754e+01
3.664130e-02, 8.999800e+01
3.628809e-02, 8.999848e+01
3.598472e-02, 8.999899e+01
3.573164e-02, 8.999950e+01
3.552969e-02, 9.000001e+01
3.537929e-02, 9.000053e+01
3.528051e-02, 9.000105e+01
3.523319e-02, 9.000157e+01
3.523687e-02, 9.000208e+01
3.529042e-02, 9.000256e+01
3.539322e-02, 9.000302e+01
3.554508e-02, 9.000346e+01
3.574542e-02, 9.000389e+01
3.599281e-02, 9.000429e+01
3.628565e-02, 9.000466e+01
3.662269e-02, 9.000500e+01
3.700194e-02, 9.000531e+01
3.742184e-02, 9.000560e+01
3.788119e-02, 9.000587e+01
3.837778e-02, 9.000612e+01
3.890899e-02, 9.000634e+01
3.947243e-02, 9.000656e+01
4.006614e-02, 9.000675e+01
4.068743e-02, 9.000694e+01
4.133342e-02, 9.000712e+01
4.200182e-02, 9.000730e+01
4.268955e-02, 9.000748e+01
4.339361e-02, 9.000767e+01
4.411155e-02, 9.000786e+01
4.484006e-02, 9.000807e+01
4.557527e-02, 9.000830e+01
4.631325e-02, 9.000857e+01
4.705179e-02, 9.000886e+01
4.778823e-02, 9.000917e+01
4.851910e-02, 9.000952e+01
4.924100e-02, 9.000991e+01
4.995076e-02, 9.001034e+01
5.064521e-02, 9.001081e+01
5.132043e-02, 9.001133e+01
5.197234e-02, 9.001191e+01
5.259739e-02, 9.001256e+01
5.319376e-02, 9.001328e+01
5.375832e-02, 9.001407e+01
5.428851e-02, 9.001492e+01
5.478149e-02, 9.001584e+01
5.523392e-02, 9.001684e+01
5.564323e-02, 9.001794e+01
5.600743e-02, 9.001913e+01
5.632423e-02, 9.002040e+01
5.659121e-02, 9.002177e+01
5.680662e-02, 9.002325e+01
5.696882e-02, 9.002484e+01
5.707583e-02, 9.002655e+01
5.712633e-02, 9.002838e+01
5.713563e-02, 9.003023e+01
5.770029e-02, 9.002816e+01
6.132857e-02, 9.000742e+01
6.698606e-02, 8.998004e+01
6.951600e-02, 8.997247e+01
7.025827e-02, 8.997408e+01
7.089237e-02, 8.997625e+01
7.154533e-02, 8.997837e+01
7.221859e-02, 8.998041e+01
7.291381e-02, 8.998238e+01
7.363300e-02, 8.998429e+01
7.437950e-02, 8.998613e+01
7.515408e-02, 8.998791e+01
7.595793e-02, 8.998963e+01
7.679126e-02, 8.999129e+01
7.765404e-02, 8.999288e+01
7.854578e-02, 8.999440e+01
7.946738e-02, 8.999587e+01
8.041945e-02, 8.999729e+01
8.140316e-02, 8.999865e+01
8.241946e-02, 8.999994e+01
8.346813e-02, 9.000119e+01
8.454933e-02, 9.000237e+01
8.566174e-02, 9.000351e+01
8.680557e-02, 9.000458e+01
8.797914e-02, 9.000560e+01
8.918035e-02, 9.000656e+01
9.040747e-02, 9.000747e+01
9.165780e-02, 9.000833e+01
9.292918e-02, 9.000913e+01
9.421938e-02, 9.000987e+01
9.552593e-02, 9.001056e+01
9.684644e-02, 9.001120e+01
9.817737e-02, 9.001176e+01
9.951208e-02, 9.001225e+01
1.008456e-01, 9.001268e+01
1.021760e-01, 9.001304e+01
1.034994e-01, 9.001332e+01
1.048101e-01, 9.001354e+01
1.061015e-01, 9.001367e+01
1.073665e-01, 9.001373e+01
1.085987e-01, 9.001370e+01
1.097920e-01, 9.001357e+01
1.109399e-01, 9.001335e+01
1.120344e-01, 9.001302e+01
1.130692e-01, 9.001260e+01
1.140381e-01, 9.001206e+01
1.149320e-01, 9.001141e+01
1.157423e-01, 9.001064e+01
1.164617e-01, 9.000973e+01
1.170788e-01, 9.000869e+01
1.175830e-01, 9.000750e+01
1.179681e-01, 9.000615e+01
1.182271e-01, 9.000464e+01
1.183502e-01, 9.000295e+01
1.183208e-01, 9.000107e+01
1.181294e-01, 8.999900e+01
1.177765e-01, 8.999670e+01
1.172531e-01, 8.999417e+01
1.165473e-01, 8.999139e+01
1.156466e-01, 8.998834e+01
1.145394e-01, 8.998499e+01
1.132154e-01, 8.998131e+01
1.116589e-01, 8.997725e+01
1.098649e-01, 8.997278e+01
1.078297e-01, 8.996786e+01
1.055384e-01, 8.996243e+01
1.029793e-01, 8.995641e+01
1.001531e-01, 8.994972e+01
9.704674e-02, 8.994223e+01
9.364260e-02, 8.993382e+01
9.036456e-02, 8.992529e+01
9.483268e-02, 8.993377e+01
1.249120e-01, 8.998025e+01
1.608791e-01, 9.001340e+01
1.713753e-01, 9.002054e+01
1.691449e-01, 9.001922e+01
1.660312e-01, 9.001732e+01
1.630983e-01, 9.001552e+01
1.603473e-01, 9.001383e+01
1.577787e-01, 9.001227e+01
1.553886e-01, 9.001085e+01
1.531715e-01, 9.000957e+01
1.511260e-01, 9.000846e+01
1.492503e-01, 9.000753e+01
1.475409e-01, 9.000677e+01
1.459932e-01, 9.000621e+01
1.445994e-01, 9.000584e+01
1.433525e-01, 9.000566e+01
1.422606e-01, 9.000568e+01
1.413148e-01, 9.000590e+01
1.405087e-01, 9.000630e+01
1.398338e-01, 9.000688e+01
1.392782e-01, 9.000762e+01
1.388364e-01, 9.000852e+01
1.385045e-01, 9.000955e+01
1.382766e-01, 9.001070e+01
1.381473e-01, 9.001197e+01
1.381198e-01, 9.001331e+01
1.381886e-01, 9.001472e+01
1.383474e-01, 9.001616e+01
1.385868e-01, 9.001762e+01
1.389042e-01, 9.001908e+01
1.392950e-01, 9.002051e+01
1.397537e-01, 9.002188e+01
1.402796e-01, 9.002317e+01
1.408702e-01, 9.002435e+01
1.415197e-01, 9.002540e+01
1.422259e-01, 9.002630e+01
1.429858e-01, 9.002703e+01
1.437962e-01, 9.002755e+01
1.446597e-01, 9.002784e+01
1.455727e-01, 9.002787e+01
1.465311e-01, 9.002763e+01
1.475318e-01, 9.002712e+01
1.485744e-01, 9.002628e+01
1.496561e-01, 9.002512e+01
1.507754e-01, 9.002360e+01
1.519299e-01, 9.002171e+01
1.531160e-01, 9.001944e+01
1.543331e-01, 9.001679e+01
1.555768e-01, 9.001373e+01
1.568426e-01, 9.001024e+01
1.581279e-01, 9.000632e+01
1.594290e-01, 9.000198e+01
1.607413e-01, 8.999719e+01
1.620588e-01, 8.999194e+01
1.633746e-01, 8.998621e+01
1.646829e-01, 8.997999e+01
1.659778e-01, 8.997329e+01
1.672495e-01, 8.996610e+01
1.684892e-01, 8.995842e+01
1.696921e-01, 8.995024e+01
1.708468e-01, 8.994154e+01
1.719366e-01, 8.993229e+01
1.729545e-01, 8.992249e+01
1.738843e-01, 8.991213e+01
1.747103e-01, 8.990118e+01
1.754268e-01, 8.988962e+01
1.760227e-01, 8.987744e+01
1.764835e-01, 8.986461e+01
1.767799e-01, 8.985105e+01
1.771383e-01, 8.983857e+01
1.825095e-01, 8.986289e+01
2.058094e-01, 8.999598e+01
2.326964e-01, 9.011898e+01
2.396734e-01, 9.014047e+01
2.390789e-01, 9.013034e+01
2.380260e-01, 9.011897e+01
2.368985e-01, 9.010814e+01
2.356681e-01, 9.009787e+01
2.343012e-01, 9.008816e+01
2.327617e-01, 9.007903e+01
2.310152e-01, 9.007047e+01
2.290083e-01, 9.006247e+01
2.266794e-01, 9.005503e+01
2.239784e-01, 9.004814e+01
2.208982e-01, 9.004173e+01
2.174046e-01, 9.003573e+01
2.134664e-01, 9.003010e+01
2.090472e-01, 9.002479e+01
2.041031e-01, 9.001974e+01
1.985849e-01, 9.001488e+01
1.924608e-01, 9.001012e+01
1.857054e-01, 9.000536e+01
1.782864e-01, 9.000048e+01
1.701837e-01, 8.999533e+01
1.613308e-01, 8.998971e+01
1.517256e-01, 8.998335e+01
1.413672e-01, 8.997589e+01
1.302328e-01, 8.996681e+01
1.183211e-01, 8.995537e+01
1.056292e-01, 8.994037e+01
9.214670e-02, 8.991976e+01
7.786400e-02, 8.988978e+01
6.278990e-02, 8.984268e+01
4.693752e-02, 8.975934e+01
3.030973e-02, 8.957591e+01
3.260401e-02, 8.956182e+01
1.956701e-01, 8.993148e+01
5.345316e-01, 8.998303e+01
6.948371e-01, 8.999156e+01
6.901740e-01, 8.999346e+01
6.598351e-01, 8.999457e+01
6.303537e-01, 8.999562e+01
6.024344e-01, 8.999664e+01
5.759738e-01, 8.999762e+01
5.508833e-01, 8.999857e+01
5.270620e-01, 8.999948e+01
5.044213e-01, 9.000036e+01
4.828527e-01, 9.000121e+01
4.622329e-01, 9.000204e+01
4.424240e-01, 9.000285e+01
4.233181e-01, 9.000366e+01
4.047550e-01, 9.000448e+01
3.865696e-01, 9.000534e+01
3.686169e-01, 9.000626e+01
3.507529e-01, 9.000727e+01
3.328287e-01, 9.000842e+01
3.146868e-01, 9.000973e+01
2.961624e-01, 9.001130e+01
2.770896e-01, 9.001319e+01
2.573019e-01, 9.001554e+01
2.366351e-01, 9.001850e+01
2.149333e-01, 9.002234e+01
1.920252e-01, 9.002746e+01
1.677043e-01, 9.003457e+01
1.418268e-01, 9.004499e+01
1.142573e-01, 9.006147e+01
8.483879e-02, 9.009107e+01
5.341762e-02, 9.015901e+01
1.980844e-02, 9.047098e+01
1.544508e-02, 2.693381e+02
3.014520e-02, 2.696396e+02
1.091308e-01, 9.008591e+01
5.301909e-01, 9.000719e+01
9.325445e-01, 8.999794e+01
1.031774e+00, 8.999629e+01
9.779306e-01, 8.999622e+01
9.090911e-01, 8.999632e+01
8.458333e-01, 8.999640e+01
7.881617e-01, 8.999645e+01
7.357672e-01, 8.999645e+01
6.884227e-01, 8.999639e+01
6.457692e-01, 8.999626e+01
6.074409e-01, 8.999603e+01
5.731379e-01, 8.999570e+01
5.424853e-01, 8.999523e+01
5.151347e-01, 8.999462e+01
4.907202e-01, 8.999385e+01
4.688472e-01, 8.999289e+01
4.491634e-01, 8.999173e+01
4.313466e-01, 8.999034e+01
4.149531e-01, 8.998870e+01
3.996165e-01, 8.998679e+01
3.848606e-01, 8.998459e+01
3.702379e-01, 8.998204e+01
3.554005e-01, 8.997909e+01
3.400064e-01, 8.997567e+01
3.236681e-01, 8.997166e+01
3.059664e-01, 8.996690e+01
2.865006e-01, 8.996113e+01
2.649239e-01, 8.995396e+01
2.408942e-01, 8.994479e+01
2.140409e-01, 8.993253e+01
1.838452e-01, 8.991504e+01
1.499697e-01, 8.988779e+01
1.122314e-01, 8.983909e+01
7.475681e-02, 8.974570e+01
1.019205e-01, 8.984788e+01
3.610193e-01, 9.000870e+01
7.552098e-01, 9.004010e+01
9.311538e-01, 9.004601e+01
9.035395e-01, 9.004634e+01
8.366002e-01, 9.004556e+01
7.749404e-01, 9.004451e+01
7.207314e-01, 9.004324e+01
6.734796e-01, 9.004175e+01
6.326074e-01, 9.004001e+01
5.973206e-01, 9.003802e+01
5.667114e-01, 9.003579e+01
5.402318e-01, 9.003330e+01
5.174146e-01, 9.003054e+01
4.977779e-01, 9.002750e+01
4.808373e-01, 9.002414e+01
4.660439e-01, 9.002044e+01
4.528953e-01, 9.001635e+01
4.409965e-01, 9.001182e+01
4.299660e-01, 9.000673e+01
4.193723e-01, 9.000099e+01
4.088010e-01, 8.999441e+01
3.978312e-01, 8.998680e+01
3.860973e-01, 8.997797e+01
3.732902e-01, 8.996759e+01
3.591089e-01, 8.995524e+01
3.432635e-01, 8.994034e+01
3.254255e-01, 8.992202e+01
3.052571e-01, 8.989897e+01
2.825057e-01, 8.986934e+01
2.569161e-01, 8.983007e+01
2.283336e-01, 8.977611e+01
1.966190e-01, 8.969813e+01
1.616046e-01, 8.957668e+01
1.234499e-01, 8.936571e+01
1.070294e-01, 8.921102e+01
2.723925e-01, 8.979210e+01
7.025631e-01, 9.003188e+01
1.004216e+00, 9.008051e+01
1.016270e+00, 9.008549e+01
9.435673e-01, 9.008130e+01
8.728632e-01, 9.007581e+01
8.102115e-01, 9.006982e+01
7.545012e-01, 9.006342e+01
7.048264e-01, 9.005674e+01
6.604327e-01, 9.004987e+01
6.205709e-01, 9.004296e+01
5.845382e-01, 9.003613e+01
5.517434e-01, 9.002952e+01
5.212766e-01, 9.002316e+01
4.924710e-01, 9.001705e+01
4.647686e-01, 9.001119e+01
4.375897e-01, 9.000552e+01
4.104068e-01, 8.999993e+01
3.827366e-01, 8.999421e+01
3.541469e-01, 8.998808e+01
3.242056e-01, 8.998112e+01
2.925033e-01, 8.997267e+01
2.587589e-01, 8.996162e+01
2.226775e-01, 8.994601e+01
1.839803e-01, 8.992192e+01
1.423995e-01, 8.988018e+01
9.786506e-02, 8.979361e+01
6.223728e-02, 8.961849e+01
2.320116e-01, 8.989130e+01
1.078652e+00, 8.998373e+01
2.037340e+00, 8.999721e+01
2.191497e+00, 8.999929e+01
2.023177e+00, 8.999948e+01
1.855688e+00, 8.999969e+01
1.703577e+00, 9.000001e+01
1.565582e+00, 9.000045e+01
1.439656e+00, 9.000102e+01
1.323214e+00, 9.000172e+01
1.214668e+00, 9.000257e+01
1.112356e+00, 9.000358e+01
1.014179e+00, 9.000479e+01
9.181079e-01, 9.000622e+01
8.224236e-01, 9.000795e+01
7.254610e-01, 9.001012e+01
6.255389e-01, 9.001293e+01
5.211060e-01, 9.001686e+01
4.106455e-01, 9.002291e+01
2.925836e-01, 9.003397e+01
1.654389e-01, 9.006263e+01
2.689726e-02, 9.039524e+01
1.250025e-01, 2.699144e+02
2.918725e-01, 2.699639e+02
4.743977e-01, 2.699786e+02
6.736340e-01, 2.699860e+02
8.910663e-01, 2.699905e+02
1.085045e+00, 2.699937e+02
6.676413e-01, 2.699956e+02
1.793153e+00, 8.999624e+01
5.089986e+00, 8.999685e+01
6.128403e+00, 8.999744e+01
5.501544e+00, 8.999806e+01
4.676034e+00, 8.999853e+01
3.951429e+00, 8.999875e+01
3.330701e+00, 8.999863e+01
2.805699e+00, 8.999810e+01
2.361966e+00, 8.999709e+01
1.989939e+00, 8.999555e+01
1.679488e+00, 8.999342e+01
1.421795e+00, 8.999074e+01
1.204908e+00, 8.998759e+01
1.018157e+00, 8.998414e+01
8.522237e-01, 8.998072e+01
6.950967e-01, 8.997758e+01
5.352421e-01, 8.997491e+01
3.616565e-01, 8.997333e+01
1.626774e-01, 8.997589e+01
7.296771e-02, 2.699461e+02
3.617976e-01, 2.699603e+02
7.184352e-01, 2.699615e+02
1.154665e+00, 2.699620e+02
1.685968e+00, 2.699624e+02
2.329694e+00, 2.699629e+02
3.101635e+00, 2.699636e+02
4.020014e+00, 2.699643e+02
4.489782e+00, 2.699620e+02
1.796914e+00, 9.006268e+01
1.833700e+01, 8.999381e+01
2.068303e+01, 8.998862e+01
1.035608e+01, 8.998181e+01
2.819733e+00, 8.995601e+01
7.992306e-01, 2.700941e+02
2.292907e+00, 2.700169e+02
2.649343e+00, 2.700045e+02
2.420614e+00, 2.699968e+02
1.894039e+00, 2.699889e+02
1.247207e+00, 2.699765e+02
5.922576e-01, 2.699433e+02
1.265833e-02, 9.273406e+01
5.355360e-01, 9.006203e+01
9.616494e-01, 9.003126e+01
1.290962e+00, 9.001995e+01
1.531032e+00, 9.001360e+01
1.693091e+00, 9.000924e+01
1.787682e+00, 9.000590e+01
1.832195e+00, 9.000313e+01
1.839644e+00, 9.000073e+01
1.816562e+00, 8.999866e+01
1.774365e+00, 8.999690e+01
1.724272e+00, 8.999538e+01
1.670589e+00, 8.999414e+01
1.616249e+00, 8.999321e+01
1.563430e+00, 8.999265e+01
1.513511e+00, 8.999249e+01
1.467209e+00, 8.999278e+01
1.424595e+00, 8.999353e+01
1.385489e+00, 8.999471e+01
1.349573e+00, 8.999631e+01
1.316362e+00, 8.999827e+01
1.285416e+00, 9.000050e+01
1.256510e+00, 9.000290e+01
1.229488e+00, 9.000536e+01
1.204436e+00, 9.000777e+01
1.181564e+00, 9.001000e+01
1.160943e+00, 9.001195e+01
1.142899e+00, 9.001352e+01
1.128037e+00, 9.001459e+01
1.116940e+00, 9.001509e+01
1.110179e+00, 9.001496e+01
1.108298e+00, 9.001423e+01
1.111735e+00, 9.001295e+01
1.120637e+00, 9.001122e+01
1.135382e+00, 9.000916e+01
1.156199e+00, 9.000689e+01
1.182850e+00, 9.000456e+01
1.215198e+00, 9.000230e+01
1.252730e+00, 9.000023e+01
1.294394e+00, 8.999841e+01
1.339081e+00, 8.999691e+01
1.385333e+00, 8.999575e+01
1.431261e+00, 8.999495e+01
1.474815e+00, 8.999448e+01
1.513839e+00, 8.999429e+01
1.544374e+00, 8.999440e+01
1.564426e+00, 8.999474e+01
1.571806e+00, 8.999525e+01
1.564278e+00, 8.999591e+01
1.540680e+00, 8.999668e+01
1.500231e+00, 8.999755e+01
1.442530e+00, 8.999851e+01
1.367999e+00, 8.999955e+01
1.277982e+00, 9.000068e+01
1.175398e+00, 9.000191e+01
1.064636e+00, 9.000327e+01
9.506174e-01, 9.000476e+01
8.390592e-01, 9.000640e+01
7.363882e-01, 9.000815e+01
6.485438e-01, 9.000994e+01
5.829006e-01, 9.001147e+01
5.447624e-01, 9.001239e+01
5.364565e-01, 9.001240e+01
5.601662e-01, 9.001144e+01
6.171042e-01, 9.000975e+01
7.085483e-01, 9.000769e+01
8.315246e-01, 9.000563e+01
9.782133e-01, 9.000380e+01
1.139858e+00, 9.000227e+01
1.307998e+00, 9.000102e+01
1.472777e+00, 9.000001e+01
1.621548e+00, 8.999920e+01
1.742717e+00, 8.999854e+01
1.823118e+00, 8.999802e+01
1.853695e+00, 8.999762e+01
1.824817e+00, 8.999737e+01
1.729115e+00, 8.999729e+01
1.566565e+00, 8.999745e+01
1.337966e+00, 8.999795e+01
1.043426e+00, 8.999909e+01
6.839421e-01, 9.000186e+01
2.635068e-01, 9.001422e+01
2.085123e-01, 2.699701e+02
7.260397e-01, 2.699883e+02
1.291840e+00, 2.699920e+02
1.904126e+00, 2.699939e+02
2.566661e+00, 2.699953e+02
3.284977e+00, 2.699965e+02
4.069498e+00, 2.699975e+02
4.934635e+00, 2.699985e+02
5.900242e+00, 2.699994e+02
6.989574e+00, 2.700002e+02
8.228514e+00, 2.700009e+02
9.646430e+00, 2.700015e+02
1.126760e+01, 2.700020e+02
1.311571e+01, 2.700024e+02
1.520691e+01, 2.700027e+02
1.754325e+01, 2.700029e+02
2.008800e+01, 2.700029e+02
2.278514e+01, 2.700029e+02
2.552663e+01, 2.700027e+02
2.817179e+01, 2.700024e+02
3.053073e+01, 2.700021e+02
3.238371e+01, 2.700016e+02
3.349947e+01, 2.700011e+02
3.366159e+01, 2.700007e+02
3.273744e+01, 2.700002e+02
3.069494e+01, 2.699999e+02
2.757284e+01, 2.699998e+02
2.348889e+01, 2.699999e+02
1.875537e+01, 2.700005e+02
1.385110e+01, 2.700019e+02
9.176598e+00, 2.700051e+02
5.063688e+00, 2.700135e+02
1.670826e+00, 2.700530e+02
9.844272e-01, 8.989519e+01
2.961323e+00, 8.996392e+01
4.393838e+00, 8.997839e+01
5.438071e+00, 8.998752e+01
6.137724e+00, 8.999509e+01
6.353022e+00, 9.000188e+01
5.657362e+00, 9.000920e+01
3.526001e+00, 9.002384e+01
1.768664e-01, 9.055411e+01
2.733544e+00, 2.699692e+02
3.656283e+00, 2.699871e+02
2.911489e+00, 2.699973e+02
2.140432e+00, 2.700062e+02
2.387841e+00, 2.700048e+02
3.282202e+00, 2.699994e+02
3.816841e+00, 2.699983e+02
3.436274e+00, 2.700039e+02
2.472790e+00, 2.700213e+02
1.557430e+00, 2.700552e+02
1.043432e+00, 2.700850e+02
9.967945e-01, 2.700481e+02
1.307666e+00, 2.699755e+02
1.725623e+00, 2.699323e+02
2.064095e+00, 2.699191e+02
2.269518e+00, 2.699290e+02
2.410287e+00, 2.699570e+02
2.639369e+00, 2.699898e+02
3.093882e+00, 2.700083e+02
3.769371e+00, 2.700078e+02
4.458299e+00, 2.699993e+02
4.890420e+00, 2.699927e+02
4.918164e+00, 2.699927e+02
4.546546e+00, 2.699995e+02
3.838920e+00, 2.700084e+02
2.742876e+00, 2.700091e+02
1.547568e+00, 2.699934e+02
1.486158e+00, 2.699884e+02
3.714562e+00, 2.700072e+02
7.692541e+00, 2.700114e+02
1.276741e+01, 2.700102e+02
1.816990e+01, 2.700080e+02
2.173225e+01, 2.700065e+02
2.048499e+01, 2.700057e+02
1.165805e+01, 2.700066e+02
6.897122e+00, 8.999473e+01
3.463788e+01, 8.999968e+01
6.589197e+01, 8.999989e+01
9.036141e+01, 8.999981e+01
1.000000e+02, 8.999976e+01
9.345786e+01, 8.999986e+01
7.582622e+01, 9.000021e+01
5.491593e+01, 9.000100e+01
3.641154e+01, 9.000253e+01
2.241066e+01, 9.000536e+01
1.283565e+01, 9.001053e+01
6.584829e+00, 9.002093e+01
2.616186e+00, 9.004981e+01
2.326744e-01, 9.049483e+01
1.122716e+00, 2.699150e+02
1.897018e+00, 2.699605e+02
2.358716e+00, 2.699760e+02
2.686764e+00, 2.699841e+02
2.969636e+00, 2.699885e+02
3.240594e+00, 2.699905e+02
3.465052e+00, 2.699912e+02
3.503310e+00, 2.699914e+02
3.039270e+00, 2.699918e+02
1.484812e+00, 2.699942e+02
2.335504e+00, 8.998921e+01
1.146518e+01, 8.999290e+01
3.453338e+01, 8.999548e+01
9.463305e+01, 8.999762e+01
##END
