##TITLE= Pf1-t60-h918-205R4
##JCAMP-DX= 5.00 Bruker JCAMP library
##DATA TYPE= Shape Data
##ORIGIN= Bruker BioSpin GmbH
##OWNER= <Alexej Jerschow>
##DATE= 2009/02/26
##TIME= 15:20:40
##$SHAPE_PARAMETERS= 
##MINX= 4.194566e-06
##MAXX= 1.000000e+02
##MINY= 8.653693e+01
##MAXY= 2.779354e+02
##$SHAPE_EXMODE= 
##$SHAPE_TOTROT= 
##$SHAPE_TYPE= 
##$SHAPE_USER_DEF= 
##$SHAPE_REPHFAC= 
##$SHAPE_BWFAC= 
##$SHAPE_BWFAC50= 
##$SHAPE_INTEGFAC= 
##$SHAPE_MODE= 
##NPOINTS= 1000
##XYPOINTS= (XY..XY)
2.157652e-03, 2.700437e+02
2.074343e-03, 2.700460e+02
1.989852e-03, 2.700485e+02
1.904289e-03, 2.700512e+02
1.817768e-03, 2.700541e+02
1.730404e-03, 2.700572e+02
1.642315e-03, 2.700606e+02
1.553624e-03, 2.700644e+02
1.464452e-03, 2.700685e+02
1.374928e-03, 2.700730e+02
1.285178e-03, 2.700781e+02
1.195337e-03, 2.700839e+02
1.105808e-03, 2.700903e+02
1.016466e-03, 2.700978e+02
9.274473e-04, 2.701064e+02
8.388877e-04, 2.701167e+02
7.509245e-04, 2.701291e+02
6.636958e-04, 2.701443e+02
5.773406e-04, 2.701637e+02
4.919984e-04, 2.701892e+02
4.078091e-04, 2.702243e+02
3.249129e-04, 2.702761e+02
2.434574e-04, 2.703605e+02
1.639208e-04, 2.705225e+02
8.610737e-05, 2.709682e+02
1.023129e-05, 2.779354e+02
6.384960e-05, 8.877304e+01
1.356810e-04, 8.944292e+01
2.052555e-04, 8.964591e+01
2.724367e-04, 8.974447e+01
3.370933e-04, 8.980302e+01
3.990968e-04, 8.984206e+01
4.583210e-04, 8.987014e+01
5.146301e-04, 8.989147e+01
5.675549e-04, 8.990835e+01
6.173406e-04, 8.992217e+01
6.638741e-04, 8.993382e+01
7.070454e-04, 8.994387e+01
7.467483e-04, 8.995272e+01
7.828805e-04, 8.996066e+01
8.153434e-04, 8.996791e+01
8.440431e-04, 8.997463e+01
8.688898e-04, 8.998096e+01
8.897986e-04, 8.998702e+01
9.066745e-04, 8.999288e+01
9.191435e-04, 8.999863e+01
9.274626e-04, 9.000434e+01
9.315685e-04, 9.001010e+01
9.314035e-04, 9.001597e+01
9.269158e-04, 9.002203e+01
9.180591e-04, 9.002837e+01
9.047935e-04, 9.003506e+01
8.870849e-04, 9.004224e+01
8.649057e-04, 9.005003e+01
8.382348e-04, 9.005860e+01
8.070446e-04, 9.006815e+01
7.711313e-04, 9.007897e+01
7.307250e-04, 9.009142e+01
6.858322e-04, 9.010605e+01
6.364665e-04, 9.012359e+01
5.826482e-04, 9.014519e+01
5.244050e-04, 9.017260e+01
4.617713e-04, 9.020879e+01
3.947889e-04, 9.025909e+01
3.235067e-04, 9.033422e+01
2.479813e-04, 9.045937e+01
1.682718e-04, 9.071107e+01
8.440074e-05, 9.148445e+01
4.194566e-06, 2.370194e+02
9.535891e-05, 2.685706e+02
1.909833e-04, 2.692582e+02
2.903449e-04, 2.694939e+02
3.933312e-04, 2.696133e+02
4.998277e-04, 2.696856e+02
6.097143e-04, 2.697343e+02
7.228643e-04, 2.697693e+02
8.391448e-04, 2.697957e+02
9.584086e-04, 2.698165e+02
1.080412e-03, 2.698333e+02
1.205077e-03, 2.698472e+02
1.332248e-03, 2.698589e+02
1.461759e-03, 2.698689e+02
1.593441e-03, 2.698776e+02
4.565860e-03, 8.991067e+01
9.822566e-03, 8.990829e+01
1.020305e-02, 8.991105e+01
1.058186e-02, 8.991371e+01
1.095856e-02, 8.991628e+01
1.133271e-02, 8.991875e+01
1.170387e-02, 8.992116e+01
1.207153e-02, 8.992349e+01
1.243523e-02, 8.992575e+01
1.279440e-02, 8.992796e+01
1.314840e-02, 8.993011e+01
1.349691e-02, 8.993221e+01
1.383947e-02, 8.993427e+01
1.417562e-02, 8.993629e+01
1.450487e-02, 8.993827e+01
1.482677e-02, 8.994022e+01
1.514078e-02, 8.994214e+01
1.544599e-02, 8.994403e+01
1.574154e-02, 8.994591e+01
1.602745e-02, 8.994776e+01
1.630340e-02, 8.994959e+01
1.656891e-02, 8.995141e+01
1.682350e-02, 8.995321e+01
1.706670e-02, 8.995501e+01
1.729803e-02, 8.995680e+01
1.751702e-02, 8.995858e+01
1.772226e-02, 8.996036e+01
1.791347e-02, 8.996214e+01
1.808997e-02, 8.996392e+01
1.825212e-02, 8.996571e+01
1.839947e-02, 8.996751e+01
1.853158e-02, 8.996931e+01
1.864804e-02, 8.997113e+01
1.874842e-02, 8.997297e+01
1.883153e-02, 8.997482e+01
1.889669e-02, 8.997669e+01
1.894424e-02, 8.997859e+01
1.897406e-02, 8.998052e+01
1.898562e-02, 8.998248e+01
1.897752e-02, 8.998448e+01
1.895058e-02, 8.998651e+01
1.890448e-02, 8.998859e+01
1.883846e-02, 8.999072e+01
1.875140e-02, 8.999291e+01
1.864366e-02, 8.999515e+01
1.851562e-02, 8.999746e+01
1.836704e-02, 8.999985e+01
1.819771e-02, 9.000231e+01
1.800746e-02, 9.000487e+01
1.779589e-02, 9.000752e+01
1.756155e-02, 9.001029e+01
1.730459e-02, 9.001318e+01
1.702507e-02, 9.001621e+01
1.672403e-02, 9.001938e+01
1.640142e-02, 9.002273e+01
1.605725e-02, 9.002627e+01
1.569152e-02, 9.003002e+01
1.530429e-02, 9.003401e+01
1.489564e-02, 9.003827e+01
1.446498e-02, 9.004285e+01
1.401147e-02, 9.004778e+01
1.353549e-02, 9.005314e+01
1.303880e-02, 9.005896e+01
1.252165e-02, 9.006535e+01
1.198431e-02, 9.007238e+01
1.142710e-02, 9.008018e+01
1.085037e-02, 9.008891e+01
1.025420e-02, 9.009877e+01
9.638221e-03, 9.011001e+01
9.003644e-03, 9.012297e+01
8.351413e-03, 9.013811e+01
7.681846e-03, 9.015607e+01
6.994599e-03, 9.017780e+01
6.291488e-03, 9.020463e+01
5.573162e-03, 9.023869e+01
4.840230e-03, 9.028347e+01
4.092951e-03, 9.034516e+01
3.332182e-03, 9.043581e+01
2.559343e-03, 9.058234e+01
1.775292e-03, 9.086032e+01
9.809821e-04, 9.159323e+01
1.788396e-04, 9.896475e+01
6.365642e-04, 2.674399e+02
1.456882e-03, 2.688606e+02
2.283913e-03, 2.692605e+02
3.116508e-03, 2.694493e+02
3.953161e-03, 2.695595e+02
4.792736e-03, 2.696317e+02
5.634075e-03, 2.696829e+02
6.475991e-03, 2.697211e+02
7.317270e-03, 2.697508e+02
5.203174e-02, 8.999437e+01
7.072669e-02, 8.998580e+01
6.968879e-02, 8.998530e+01
6.802452e-02, 8.998502e+01
6.640847e-02, 8.998476e+01
6.484225e-02, 8.998453e+01
6.332730e-02, 8.998432e+01
6.186498e-02, 8.998414e+01
6.045636e-02, 8.998398e+01
5.910250e-02, 8.998386e+01
5.780709e-02, 8.998377e+01
5.657002e-02, 8.998371e+01
5.539065e-02, 8.998370e+01
5.427021e-02, 8.998373e+01
5.321174e-02, 8.998380e+01
5.221227e-02, 8.998392e+01
5.127179e-02, 8.998407e+01
5.039054e-02, 8.998427e+01
4.957030e-02, 8.998452e+01
4.881193e-02, 8.998481e+01
4.811297e-02, 8.998515e+01
4.747264e-02, 8.998554e+01
4.689046e-02, 8.998598e+01
4.636562e-02, 8.998645e+01
4.589822e-02, 8.998697e+01
4.549013e-02, 8.998752e+01
4.513785e-02, 8.998812e+01
4.484295e-02, 8.998875e+01
4.460211e-02, 8.998941e+01
4.441323e-02, 8.999010e+01
4.427495e-02, 8.999082e+01
4.418578e-02, 8.999155e+01
4.414453e-02, 8.999229e+01
4.414990e-02, 8.999305e+01
4.420040e-02, 8.999382e+01
4.429759e-02, 8.999460e+01
4.444061e-02, 8.999537e+01
4.462346e-02, 8.999615e+01
4.484416e-02, 8.999691e+01
4.510091e-02, 8.999766e+01
4.539219e-02, 8.999841e+01
4.571614e-02, 8.999913e+01
4.607088e-02, 8.999984e+01
4.645566e-02, 9.000053e+01
4.686886e-02, 9.000120e+01
4.730700e-02, 9.000184e+01
4.776787e-02, 9.000246e+01
4.825069e-02, 9.000305e+01
4.875207e-02, 9.000361e+01
4.927001e-02, 9.000415e+01
4.980252e-02, 9.000466e+01
5.034801e-02, 9.000514e+01
5.090498e-02, 9.000558e+01
5.147060e-02, 9.000600e+01
5.204251e-02, 9.000640e+01
5.261900e-02, 9.000677e+01
5.319821e-02, 9.000710e+01
5.377836e-02, 9.000741e+01
5.435762e-02, 9.000769e+01
5.493399e-02, 9.000795e+01
5.550579e-02, 9.000817e+01
5.607103e-02, 9.000838e+01
5.662806e-02, 9.000856e+01
5.717532e-02, 9.000871e+01
5.771129e-02, 9.000884e+01
5.823452e-02, 9.000895e+01
5.874360e-02, 9.000904e+01
5.923721e-02, 9.000910e+01
5.971349e-02, 9.000915e+01
6.017043e-02, 9.000917e+01
6.060798e-02, 9.000917e+01
6.102510e-02, 9.000916e+01
6.142084e-02, 9.000912e+01
6.179429e-02, 9.000907e+01
6.214467e-02, 9.000899e+01
6.247120e-02, 9.000891e+01
6.277310e-02, 9.000881e+01
6.304896e-02, 9.000870e+01
6.329895e-02, 9.000857e+01
6.352254e-02, 9.000842e+01
6.371862e-02, 9.000825e+01
6.388813e-02, 9.000808e+01
6.875144e-02, 9.000874e+01
8.173728e-02, 9.001039e+01
8.443917e-02, 9.001045e+01
8.453631e-02, 9.001016e+01
8.462872e-02, 9.000985e+01
8.471675e-02, 9.000952e+01
8.480062e-02, 9.000917e+01
8.488051e-02, 9.000880e+01
8.495666e-02, 9.000843e+01
8.502928e-02, 9.000804e+01
8.509848e-02, 9.000763e+01
8.516421e-02, 9.000720e+01
8.522630e-02, 9.000676e+01
8.528527e-02, 9.000631e+01
8.534122e-02, 9.000586e+01
8.539426e-02, 9.000539e+01
8.544453e-02, 9.000492e+01
8.549197e-02, 9.000444e+01
8.553654e-02, 9.000395e+01
8.557826e-02, 9.000347e+01
8.561634e-02, 9.000298e+01
8.565134e-02, 9.000249e+01
8.568331e-02, 9.000199e+01
8.571238e-02, 9.000150e+01
8.573846e-02, 9.000102e+01
8.576138e-02, 9.000054e+01
8.578103e-02, 9.000008e+01
8.579718e-02, 8.999962e+01
8.580894e-02, 8.999916e+01
8.581645e-02, 8.999872e+01
8.581997e-02, 8.999829e+01
8.581960e-02, 8.999789e+01
8.581506e-02, 8.999750e+01
8.580589e-02, 8.999713e+01
8.579190e-02, 8.999677e+01
8.577287e-02, 8.999644e+01
8.574805e-02, 8.999613e+01
8.571733e-02, 8.999585e+01
8.568129e-02, 8.999560e+01
8.563949e-02, 8.999537e+01
8.559149e-02, 8.999518e+01
8.553683e-02, 8.999501e+01
8.547500e-02, 8.999489e+01
8.540642e-02, 8.999479e+01
8.533052e-02, 8.999473e+01
8.524650e-02, 8.999472e+01
8.515482e-02, 8.999474e+01
8.505524e-02, 8.999480e+01
8.494755e-02, 8.999490e+01
8.483169e-02, 8.999505e+01
8.470741e-02, 8.999524e+01
8.457437e-02, 8.999547e+01
8.443205e-02, 8.999575e+01
8.427962e-02, 8.999609e+01
8.411742e-02, 8.999647e+01
8.394601e-02, 8.999691e+01
8.376522e-02, 8.999739e+01
8.357475e-02, 8.999792e+01
8.337453e-02, 8.999851e+01
8.316450e-02, 8.999915e+01
8.294497e-02, 8.999984e+01
8.271572e-02, 9.000058e+01
8.247602e-02, 9.000138e+01
8.222613e-02, 9.000224e+01
8.196587e-02, 9.000315e+01
8.169604e-02, 9.000413e+01
8.141685e-02, 9.000516e+01
8.112876e-02, 9.000623e+01
8.083200e-02, 9.000736e+01
8.052632e-02, 9.000854e+01
8.021154e-02, 9.000978e+01
7.988831e-02, 9.001107e+01
7.955732e-02, 9.001242e+01
7.921906e-02, 9.001382e+01
7.887360e-02, 9.001526e+01
7.852128e-02, 9.001675e+01
7.816308e-02, 9.001828e+01
7.779935e-02, 9.001987e+01
7.743058e-02, 9.002150e+01
7.705753e-02, 9.002316e+01
7.668103e-02, 9.002485e+01
7.630171e-02, 9.002659e+01
7.631954e-02, 9.002636e+01
8.205192e-02, 8.999999e+01
8.679638e-02, 8.998237e+01
8.752917e-02, 8.998225e+01
8.785038e-02, 8.998395e+01
8.820990e-02, 8.998564e+01
8.860641e-02, 8.998733e+01
8.904073e-02, 8.998900e+01
8.951382e-02, 8.999065e+01
9.002611e-02, 8.999226e+01
9.057728e-02, 8.999384e+01
9.116734e-02, 8.999539e+01
9.179670e-02, 8.999689e+01
9.246784e-02, 8.999836e+01
9.317961e-02, 8.999978e+01
9.393237e-02, 9.000113e+01
9.472362e-02, 9.000242e+01
9.555278e-02, 9.000366e+01
9.641946e-02, 9.000483e+01
9.732307e-02, 9.000595e+01
9.826251e-02, 9.000700e+01
9.923829e-02, 9.000797e+01
1.002489e-01, 9.000887e+01
1.012919e-01, 9.000970e+01
1.023660e-01, 9.001046e+01
1.034701e-01, 9.001114e+01
1.046027e-01, 9.001175e+01
1.057609e-01, 9.001229e+01
1.069433e-01, 9.001275e+01
1.081481e-01, 9.001315e+01
1.093725e-01, 9.001346e+01
1.106130e-01, 9.001370e+01
1.118676e-01, 9.001388e+01
1.131334e-01, 9.001398e+01
1.144078e-01, 9.001401e+01
1.156879e-01, 9.001397e+01
1.169713e-01, 9.001387e+01
1.182545e-01, 9.001370e+01
1.195313e-01, 9.001345e+01
1.207979e-01, 9.001314e+01
1.220529e-01, 9.001276e+01
1.232935e-01, 9.001232e+01
1.245162e-01, 9.001182e+01
1.257165e-01, 9.001126e+01
1.268890e-01, 9.001064e+01
1.280285e-01, 9.000995e+01
1.291307e-01, 9.000920e+01
1.301921e-01, 9.000838e+01
1.312077e-01, 9.000750e+01
1.321749e-01, 9.000656e+01
1.330894e-01, 9.000556e+01
1.339468e-01, 9.000450e+01
1.347427e-01, 9.000337e+01
1.354711e-01, 9.000219e+01
1.361273e-01, 9.000094e+01
1.367070e-01, 8.999961e+01
1.372068e-01, 8.999823e+01
1.376225e-01, 8.999677e+01
1.379480e-01, 8.999525e+01
1.381782e-01, 8.999365e+01
1.383113e-01, 8.999197e+01
1.383433e-01, 8.999022e+01
1.382677e-01, 8.998838e+01
1.380775e-01, 8.998647e+01
1.377739e-01, 8.998446e+01
1.373553e-01, 8.998237e+01
1.368176e-01, 8.998017e+01
1.361554e-01, 8.997788e+01
1.353630e-01, 8.997548e+01
1.344358e-01, 8.997298e+01
1.333701e-01, 8.997034e+01
1.321631e-01, 8.996757e+01
1.308123e-01, 8.996467e+01
1.293203e-01, 8.996162e+01
1.276829e-01, 8.995841e+01
1.258968e-01, 8.995504e+01
1.239612e-01, 8.995148e+01
1.218758e-01, 8.994772e+01
1.196395e-01, 8.994374e+01
1.172474e-01, 8.993952e+01
1.146871e-01, 8.993502e+01
1.119639e-01, 8.993023e+01
1.103407e-01, 8.992744e+01
1.248006e-01, 8.995115e+01
1.670092e-01, 8.999663e+01
1.922976e-01, 9.001469e+01
1.936630e-01, 9.001623e+01
1.912651e-01, 9.001560e+01
1.888586e-01, 9.001500e+01
1.865145e-01, 9.001445e+01
1.842358e-01, 9.001398e+01
1.820262e-01, 9.001357e+01
1.798898e-01, 9.001325e+01
1.778233e-01, 9.001300e+01
1.758280e-01, 9.001282e+01
1.739074e-01, 9.001273e+01
1.720643e-01, 9.001272e+01
1.703001e-01, 9.001279e+01
1.686159e-01, 9.001294e+01
1.670119e-01, 9.001317e+01
1.654860e-01, 9.001348e+01
1.640377e-01, 9.001386e+01
1.626706e-01, 9.001431e+01
1.613865e-01, 9.001484e+01
1.601880e-01, 9.001542e+01
1.590770e-01, 9.001606e+01
1.580457e-01, 9.001674e+01
1.570929e-01, 9.001747e+01
1.562192e-01, 9.001822e+01
1.554256e-01, 9.001900e+01
1.547115e-01, 9.001980e+01
1.540749e-01, 9.002059e+01
1.535170e-01, 9.002138e+01
1.530477e-01, 9.002215e+01
1.526574e-01, 9.002288e+01
1.523417e-01, 9.002357e+01
1.521008e-01, 9.002420e+01
1.519332e-01, 9.002477e+01
1.518378e-01, 9.002526e+01
1.518137e-01, 9.002566e+01
1.518600e-01, 9.002596e+01
1.519793e-01, 9.002614e+01
1.521692e-01, 9.002619e+01
1.524244e-01, 9.002610e+01
1.527450e-01, 9.002587e+01
1.531303e-01, 9.002548e+01
1.535755e-01, 9.002493e+01
1.540801e-01, 9.002420e+01
1.546429e-01, 9.002328e+01
1.552616e-01, 9.002218e+01
1.559339e-01, 9.002088e+01
1.566560e-01, 9.001937e+01
1.574255e-01, 9.001767e+01
1.582388e-01, 9.001576e+01
1.590934e-01, 9.001364e+01
1.599888e-01, 9.001129e+01
1.609204e-01, 9.000871e+01
1.618823e-01, 9.000592e+01
1.628745e-01, 9.000290e+01
1.638921e-01, 8.999966e+01
1.649279e-01, 8.999619e+01
1.659780e-01, 8.999251e+01
1.670398e-01, 8.998860e+01
1.681085e-01, 8.998448e+01
1.691790e-01, 8.998015e+01
1.702458e-01, 8.997560e+01
1.713014e-01, 8.997080e+01
1.723406e-01, 8.996578e+01
1.733597e-01, 8.996055e+01
1.743529e-01, 8.995511e+01
1.753098e-01, 8.994946e+01
1.762239e-01, 8.994358e+01
1.770921e-01, 8.993749e+01
1.779097e-01, 8.993120e+01
1.786641e-01, 8.992467e+01
1.793472e-01, 8.991792e+01
1.799569e-01, 8.991095e+01
1.804761e-01, 8.990373e+01
1.808945e-01, 8.989627e+01
1.812149e-01, 8.988856e+01
1.814290e-01, 8.988061e+01
1.815293e-01, 8.987240e+01
1.815073e-01, 8.986392e+01
1.813470e-01, 8.985515e+01
1.810351e-01, 8.984607e+01
1.828082e-01, 8.985264e+01
2.001531e-01, 8.995970e+01
2.296924e-01, 9.010861e+01
2.405408e-01, 9.015318e+01
2.398517e-01, 9.014901e+01
2.382160e-01, 9.014149e+01
2.364585e-01, 9.013410e+01
2.345663e-01, 9.012684e+01
2.325345e-01, 9.011973e+01
2.303515e-01, 9.011276e+01
2.280025e-01, 9.010595e+01
2.254770e-01, 9.009931e+01
2.227639e-01, 9.009283e+01
2.198460e-01, 9.008648e+01
2.166928e-01, 9.008028e+01
2.132876e-01, 9.007426e+01
2.096382e-01, 9.006834e+01
2.057290e-01, 9.006252e+01
2.015547e-01, 9.005677e+01
1.971075e-01, 9.005106e+01
1.923768e-01, 9.004536e+01
1.873487e-01, 9.003963e+01
1.820007e-01, 9.003383e+01
1.763185e-01, 9.002791e+01
1.703133e-01, 9.002179e+01
1.639710e-01, 9.001538e+01
1.572855e-01, 9.000859e+01
1.502609e-01, 9.000128e+01
1.428920e-01, 8.999329e+01
1.351767e-01, 8.998440e+01
1.271152e-01, 8.997433e+01
1.186954e-01, 8.996272e+01
1.099237e-01, 8.994904e+01
1.008146e-01, 8.993258e+01
9.136956e-02, 8.991225e+01
8.159477e-02, 8.988639e+01
7.148309e-02, 8.985227e+01
6.104599e-02, 8.980515e+01
5.030726e-02, 8.973608e+01
3.927149e-02, 8.962534e+01
2.794284e-02, 8.941979e+01
2.981097e-02, 8.941006e+01
1.594993e-01, 8.989262e+01
4.798172e-01, 8.997224e+01
6.876510e-01, 8.998569e+01
7.056215e-01, 8.998813e+01
6.817929e-01, 8.998906e+01
6.570314e-01, 8.998996e+01
6.329688e-01, 8.999086e+01
6.095282e-01, 8.999177e+01
5.866886e-01, 8.999270e+01
5.644277e-01, 8.999364e+01
5.427172e-01, 8.999461e+01
5.215214e-01, 8.999560e+01
5.008091e-01, 8.999661e+01
4.805480e-01, 8.999766e+01
4.607161e-01, 8.999874e+01
4.412557e-01, 8.999987e+01
4.221345e-01, 9.000105e+01
4.033058e-01, 9.000231e+01
3.847074e-01, 9.000364e+01
3.662884e-01, 9.000507e+01
3.479994e-01, 9.000664e+01
3.297928e-01, 9.000836e+01
3.116195e-01, 9.001026e+01
2.934228e-01, 9.001240e+01
2.751456e-01, 9.001483e+01
2.567335e-01, 9.001763e+01
2.381343e-01, 9.002091e+01
2.192819e-01, 9.002482e+01
2.001173e-01, 9.002957e+01
1.805946e-01, 9.003545e+01
1.606542e-01, 9.004297e+01
1.402249e-01, 9.005293e+01
1.192601e-01, 9.006674e+01
9.771556e-02, 9.008715e+01
7.554035e-02, 9.012038e+01
5.268404e-02, 9.018393e+01
2.909916e-02, 9.035422e+01
4.743854e-03, 9.230852e+01
2.047669e-02, 2.694329e+02
4.653319e-02, 2.697357e+02
6.270119e-02, 2.697950e+02
4.613582e-02, 9.025328e+01
4.696010e-01, 9.001286e+01
9.236016e-01, 8.999956e+01
1.049445e+00, 8.999745e+01
1.008692e+00, 8.999728e+01
9.512038e-01, 8.999729e+01
8.966847e-01, 8.999728e+01
8.454571e-01, 8.999724e+01
7.973861e-01, 8.999717e+01
7.523228e-01, 8.999704e+01
7.101254e-01, 8.999686e+01
6.706904e-01, 8.999662e+01
6.338781e-01, 8.999632e+01
5.996416e-01, 8.999593e+01
5.678180e-01, 8.999545e+01
5.382304e-01, 8.999486e+01
5.107277e-01, 8.999415e+01
4.851816e-01, 8.999332e+01
4.613688e-01, 8.999234e+01
4.391298e-01, 8.999120e+01
4.183182e-01, 8.998989e+01
3.987281e-01, 8.998838e+01
3.801793e-01, 8.998667e+01
3.625298e-01, 8.998471e+01
3.455450e-01, 8.998250e+01
3.290001e-01, 8.997998e+01
3.127195e-01, 8.997712e+01
2.965529e-01, 8.997385e+01
2.803423e-01, 8.997010e+01
2.638918e-01, 8.996576e+01
2.469750e-01, 8.996067e+01
2.293990e-01, 8.995460e+01
2.109782e-01, 8.994720e+01
1.915863e-01, 8.993798e+01
1.710467e-01, 8.992612e+01
1.491815e-01, 8.991014e+01
1.258375e-01, 8.988728e+01
1.008759e-01, 8.985161e+01
7.416544e-02, 8.978753e+01
4.557495e-02, 8.963693e+01
1.507128e-02, 8.885114e+01
2.400422e-02, 8.935961e+01
3.070703e-01, 9.001425e+01
7.761155e-01, 9.004626e+01
9.421369e-01, 9.005033e+01
9.049544e-01, 9.005030e+01
8.479854e-01, 9.004975e+01
7.955092e-01, 9.004902e+01
7.478029e-01, 9.004812e+01
7.044495e-01, 9.004702e+01
6.652039e-01, 9.004570e+01
6.298029e-01, 9.004414e+01
5.980359e-01, 9.004233e+01
5.694082e-01, 9.004026e+01
5.435746e-01, 9.003792e+01
5.203481e-01, 9.003528e+01
4.994646e-01, 9.003233e+01
4.806895e-01, 9.002904e+01
4.637903e-01, 9.002540e+01
4.484633e-01, 9.002138e+01
4.343815e-01, 9.001696e+01
4.213431e-01, 9.001209e+01
4.091436e-01, 9.000673e+01
3.975757e-01, 9.000082e+01
3.864335e-01, 8.999426e+01
3.754966e-01, 8.998694e+01
3.645335e-01, 8.997873e+01
3.533479e-01, 8.996952e+01
3.417739e-01, 8.995909e+01
3.296443e-01, 8.994719e+01
3.168016e-01, 8.993347e+01
3.031036e-01, 8.991753e+01
2.883773e-01, 8.989872e+01
2.724015e-01, 8.987609e+01
2.550490e-01, 8.984847e+01
2.362513e-01, 8.981416e+01
2.159126e-01, 8.977051e+01
1.939481e-01, 8.971333e+01
1.702786e-01, 8.963542e+01
1.448259e-01, 8.952344e+01
1.175243e-01, 8.934961e+01
8.902237e-02, 8.905377e+01
8.893822e-02, 8.902278e+01
2.906480e-01, 8.982171e+01
7.646181e-01, 9.004689e+01
1.038840e+00, 9.008625e+01
1.026431e+00, 9.008880e+01
9.613967e-01, 9.008583e+01
8.999449e-01, 9.008223e+01
8.437106e-01, 9.007825e+01
7.922303e-01, 9.007394e+01
7.449700e-01, 9.006933e+01
7.014666e-01, 9.006446e+01
6.613736e-01, 9.005938e+01
6.243263e-01, 9.005415e+01
5.898868e-01, 9.004880e+01
5.577934e-01, 9.004342e+01
5.275870e-01, 9.003802e+01
4.988529e-01, 9.003260e+01
4.712982e-01, 9.002718e+01
4.446414e-01, 9.002175e+01
4.185492e-01, 9.001624e+01
3.927462e-01, 9.001058e+01
3.669953e-01, 9.000467e+01
3.410507e-01, 8.999832e+01
3.146988e-01, 8.999129e+01
2.877182e-01, 8.998322e+01
2.598250e-01, 8.997352e+01
2.309294e-01, 8.996124e+01
2.009004e-01, 8.994484e+01
1.695380e-01, 8.992136e+01
1.367412e-01, 8.988479e+01
1.024652e-01, 8.982058e+01
6.663672e-02, 8.968075e+01
2.915659e-02, 8.916013e+01
8.053440e-03, 8.653693e+01
3.730830e-01, 8.992852e+01
1.637462e+00, 8.999217e+01
2.235543e+00, 8.999817e+01
2.117166e+00, 8.999845e+01
1.960498e+00, 8.999853e+01
1.815195e+00, 8.999870e+01
1.679886e+00, 8.999897e+01
1.554124e+00, 8.999934e+01
1.437413e+00, 8.999985e+01
1.327994e+00, 9.000047e+01
1.224471e+00, 9.000123e+01
1.125969e+00, 9.000215e+01
1.031696e+00, 9.000323e+01
9.409631e-01, 9.000452e+01
8.525508e-01, 9.000605e+01
7.654519e-01, 9.000789e+01
6.788507e-01, 9.001014e+01
5.917764e-01, 9.001299e+01
5.033320e-01, 9.001675e+01
4.127132e-01, 9.002207e+01
3.191546e-01, 9.003041e+01
2.218255e-01, 9.004607e+01
1.198786e-01, 9.008863e+01
1.263283e-02, 9.086372e+01
1.015980e-01, 2.698913e+02
2.230292e-01, 2.699506e+02
3.525327e-01, 2.699694e+02
4.905301e-01, 2.699789e+02
6.375351e-01, 2.699847e+02
7.941493e-01, 2.699889e+02
9.611602e-01, 2.699920e+02
1.139487e+00, 2.699946e+02
1.131600e+00, 2.699968e+02
5.297056e-01, 8.999246e+01
4.458694e+00, 8.999625e+01
6.439220e+00, 8.999691e+01
6.033059e+00, 8.999749e+01
5.281018e+00, 8.999798e+01
4.596142e+00, 8.999832e+01
3.986505e+00, 8.999846e+01
3.448513e+00, 8.999837e+01
2.974856e+00, 8.999801e+01
2.557828e+00, 8.999733e+01
2.194560e+00, 8.999627e+01
1.878627e+00, 8.999480e+01
1.603879e+00, 8.999288e+01
1.367621e+00, 8.999053e+01
1.160431e+00, 8.998773e+01
9.755056e-01, 8.998451e+01
8.094246e-01, 8.998106e+01
6.547984e-01, 8.997746e+01
5.040928e-01, 8.997350e+01
3.518448e-01, 8.996878e+01
1.916765e-01, 8.996143e+01
1.653159e-02, 8.985582e+01
1.802446e-01, 2.699770e+02
4.045846e-01, 2.699697e+02
6.677265e-01, 2.699666e+02
9.765320e-01, 2.699648e+02
1.337365e+00, 2.699637e+02
1.759510e+00, 2.699631e+02
2.253845e+00, 2.699629e+02
2.827064e+00, 2.699629e+02
3.489042e+00, 2.699631e+02
4.251056e+00, 2.699635e+02
4.995999e+00, 2.699634e+02
2.174549e-01, 2.693322e+02
2.149297e+01, 8.999397e+01
2.477214e+01, 8.998927e+01
1.320693e+01, 8.998419e+01
5.342995e+00, 8.997210e+01
9.145005e-01, 8.988894e+01
1.412506e+00, 2.700455e+02
2.434275e+00, 2.700145e+02
2.703796e+00, 2.700048e+02
2.555088e+00, 2.699984e+02
2.161393e+00, 2.699923e+02
1.645189e+00, 2.699846e+02
1.086166e+00, 2.699716e+02
5.351635e-01, 2.699373e+02
2.351499e-02, 2.685503e+02
4.293302e-01, 9.007662e+01
8.122299e-01, 9.003738e+01
1.124439e+00, 9.002393e+01
1.370317e+00, 9.001671e+01
1.554712e+00, 9.001197e+01
1.685847e+00, 9.000845e+01
1.771900e+00, 9.000564e+01
1.821242e+00, 9.000326e+01
1.842367e+00, 9.000119e+01
1.838947e+00, 8.999937e+01
1.815469e+00, 8.999782e+01
1.782188e+00, 8.999647e+01
1.742806e+00, 8.999530e+01
1.699615e+00, 8.999435e+01
1.654579e+00, 8.999363e+01
1.609270e+00, 8.999318e+01
1.564682e+00, 8.999302e+01
1.521558e+00, 8.999319e+01
1.480221e+00, 8.999368e+01
1.440648e+00, 8.999450e+01
1.402884e+00, 8.999564e+01
1.366718e+00, 8.999709e+01
1.332017e+00, 8.999880e+01
1.298671e+00, 9.000073e+01
1.266699e+00, 9.000285e+01
1.236088e+00, 9.000508e+01
1.206853e+00, 9.000736e+01
1.179285e+00, 9.000959e+01
1.153673e+00, 9.001169e+01
1.130042e+00, 9.001358e+01
1.108584e+00, 9.001521e+01
1.089908e+00, 9.001646e+01
1.074399e+00, 9.001726e+01
1.062463e+00, 9.001756e+01
1.054488e+00, 9.001735e+01
1.050600e+00, 9.001664e+01
1.050848e+00, 9.001549e+01
1.055576e+00, 9.001395e+01
1.064996e+00, 9.001207e+01
1.079432e+00, 9.000993e+01
1.098747e+00, 9.000766e+01
1.122472e+00, 9.000535e+01
1.150756e+00, 9.000311e+01
1.183104e+00, 9.000102e+01
1.218499e+00, 8.999913e+01
1.256277e+00, 8.999750e+01
1.295489e+00, 8.999616e+01
1.334905e+00, 8.999510e+01
1.373225e+00, 8.999433e+01
1.409135e+00, 8.999382e+01
1.441361e+00, 8.999353e+01
1.467378e+00, 8.999350e+01
1.485688e+00, 8.999367e+01
1.495119e+00, 8.999400e+01
1.493879e+00, 8.999449e+01
1.480686e+00, 8.999509e+01
1.455315e+00, 8.999579e+01
1.417196e+00, 8.999659e+01
1.366211e+00, 8.999747e+01
1.302622e+00, 8.999845e+01
1.227346e+00, 8.999951e+01
1.142105e+00, 9.000069e+01
1.049115e+00, 9.000200e+01
9.512695e-01, 9.000348e+01
8.517413e-01, 9.000514e+01
7.545184e-01, 9.000701e+01
6.633634e-01, 9.000912e+01
5.816146e-01, 9.001145e+01
5.136555e-01, 9.001384e+01
4.650097e-01, 9.001590e+01
4.385011e-01, 9.001716e+01
4.346691e-01, 9.001731e+01
4.553786e-01, 9.001622e+01
5.012146e-01, 9.001421e+01
5.712102e-01, 9.001178e+01
6.670820e-01, 9.000925e+01
7.852155e-01, 9.000693e+01
9.202124e-01, 9.000495e+01
1.065744e+00, 9.000331e+01
1.216683e+00, 9.000198e+01
1.366741e+00, 9.000089e+01
1.508533e+00, 9.000000e+01
1.634810e+00, 8.999927e+01
1.738098e+00, 8.999867e+01
1.808193e+00, 8.999819e+01
1.841151e+00, 8.999782e+01
1.830469e+00, 8.999757e+01
1.771305e+00, 8.999745e+01
1.663058e+00, 8.999749e+01
1.505902e+00, 8.999775e+01
1.299147e+00, 8.999832e+01
1.043404e+00, 8.999946e+01
7.399992e-01, 9.000187e+01
3.892087e-01, 9.000906e+01
6.593005e-04, 2.613354e+02
4.235550e-01, 2.699818e+02
8.779345e-01, 2.699892e+02
1.365015e+00, 2.699921e+02
1.883775e+00, 2.699938e+02
2.437383e+00, 2.699952e+02
3.026552e+00, 2.699963e+02
3.656244e+00, 2.699973e+02
4.335029e+00, 2.699982e+02
5.073103e+00, 2.699991e+02
5.884266e+00, 2.699998e+02
6.782769e+00, 2.700006e+02
7.785002e+00, 2.700012e+02
8.909101e+00, 2.700018e+02
1.017569e+01, 2.700023e+02
1.159286e+01, 2.700027e+02
1.318118e+01, 2.700030e+02
1.494560e+01, 2.700032e+02
1.687399e+01, 2.700033e+02
1.895147e+01, 2.700033e+02
2.115475e+01, 2.700033e+02
2.343125e+01, 2.700031e+02
2.571101e+01, 2.700029e+02
2.789818e+01, 2.700026e+02
2.986212e+01, 2.700022e+02
3.146274e+01, 2.700018e+02
3.256144e+01, 2.700014e+02
3.299085e+01, 2.700009e+02
3.265115e+01, 2.700005e+02
3.149678e+01, 2.700002e+02
2.953120e+01, 2.700000e+02
2.678566e+01, 2.699999e+02
2.335919e+01, 2.700001e+02
1.947679e+01, 2.700006e+02
1.537131e+01, 2.700017e+02
1.129622e+01, 2.700038e+02
7.521460e+00, 2.700081e+02
4.213826e+00, 2.700190e+02
1.451051e+00, 2.700667e+02
7.842268e-01, 8.986032e+01
2.517950e+00, 8.995463e+01
3.817602e+00, 8.997207e+01
4.826375e+00, 8.998204e+01
5.597418e+00, 8.998983e+01
6.100799e+00, 8.999646e+01
6.202034e+00, 9.000245e+01
5.618998e+00, 9.000887e+01
3.926401e+00, 9.002004e+01
1.167842e+00, 9.008310e+01
1.882032e+00, 2.699488e+02
3.749972e+00, 2.699807e+02
3.770240e+00, 2.699907e+02
2.689200e+00, 2.699997e+02
1.894473e+00, 2.700087e+02
2.102390e+00, 2.700067e+02
2.977083e+00, 2.700001e+02
3.746059e+00, 2.699969e+02
3.801689e+00, 2.699982e+02
3.138874e+00, 2.700061e+02
2.203538e+00, 2.700252e+02
1.385689e+00, 2.700613e+02
8.877982e-01, 2.701026e+02
7.552178e-01, 2.700853e+02
9.204435e-01, 2.700058e+02
1.256427e+00, 2.699416e+02
1.600263e+00, 2.699104e+02
1.850757e+00, 2.699031e+02
1.994269e+00, 2.699143e+02
2.076986e+00, 2.699421e+02
2.207569e+00, 2.699780e+02
2.498331e+00, 2.700045e+02
2.988453e+00, 2.700126e+02
3.610856e+00, 2.700070e+02
4.188646e+00, 2.699977e+02
4.538662e+00, 2.699912e+02
4.572475e+00, 2.699906e+02
4.297084e+00, 2.699966e+02
3.776632e+00, 2.700066e+02
3.031285e+00, 2.700144e+02
1.974294e+00, 2.700110e+02
8.575230e-01, 2.699829e+02
7.084472e-01, 2.699714e+02
2.583053e+00, 2.700079e+02
5.820434e+00, 2.700135e+02
9.781388e+00, 2.700126e+02
1.451698e+01, 2.700101e+02
1.910646e+01, 2.700080e+02
2.194343e+01, 2.700067e+02
2.089333e+01, 2.700060e+02
1.422434e+01, 2.700063e+02
6.489991e-01, 2.700764e+02
2.095398e+01, 8.999901e+01
4.737420e+01, 8.999981e+01
7.343727e+01, 8.999983e+01
9.235043e+01, 8.999975e+01
9.946739e+01, 8.999972e+01
9.431098e+01, 8.999980e+01
8.023912e+01, 9.000008e+01
6.246384e+01, 9.000066e+01
4.517734e+01, 9.000174e+01
3.079267e+01, 9.000363e+01
1.992311e+01, 9.000683e+01
1.236495e+01, 9.001209e+01
7.092953e+00, 9.002161e+01
3.500279e+00, 9.004252e+01
1.134999e+00, 9.012125e+01
3.470415e-01, 2.696499e+02
1.277100e+00, 2.699193e+02
1.894988e+00, 2.699554e+02
2.335279e+00, 2.699710e+02
2.684144e+00, 2.699800e+02
2.999816e+00, 2.699855e+02
3.310182e+00, 2.699888e+02
3.617091e+00, 2.699906e+02
3.881535e+00, 2.699917e+02
3.999476e+00, 2.699925e+02
3.753213e+00, 2.699936e+02
2.784416e+00, 2.699964e+02
5.014181e-01, 2.700317e+02
4.361067e+00, 8.998664e+01
1.511539e+01, 8.999219e+01
4.025467e+01, 8.999534e+01
1.000000e+02, 8.999756e+01
##END
