##TITLE= Pf1-1t0-1h202
##JCAMP-DX= 5.00 Bruker JCAMP library
##DATA TYPE= Shape Data
##ORIGIN= Bruker BioSpin GmbH
##OWNER= <Alexej Jerschow>
##DATE= 2009/01/20
##TIME= 17:14:56
##$SHAPE_PARAMETERS= 
##MINX= 2.486978e-002
##MAXX= 1.000000e+002
##MINY= 8.999949e+001
##MAXY= 2.700035e+002
##$SHAPE_EXMODE= 
##$SHAPE_TOTROT= 
##$SHAPE_TYPE= 
##$SHAPE_USER_DEF= 
##$SHAPE_REPHFAC= 
##$SHAPE_BWFAC= 
##$SHAPE_BWFAC50= 
##$SHAPE_INTEGFAC= 
##$SHAPE_MODE= 
##NPOINTS= 1000
##XYPOINTS= (XY..XY)
2.928058e-001, 2.700001e+002
1.706785e-001, 2.700002e+002
5.009801e-002, 2.700007e+002
6.875353e-002, 8.999949e+001
1.857140e-001, 8.999981e+001
3.006420e-001, 8.999988e+001
4.134174e-001, 8.999992e+001
5.239419e-001, 8.999993e+001
6.321387e-001, 8.999995e+001
7.379529e-001, 8.999995e+001
8.413514e-001, 8.999996e+001
9.423222e-001, 8.999997e+001
1.040874e+000, 8.999997e+001
1.137036e+000, 8.999997e+001
1.230857e+000, 8.999997e+001
1.322402e+000, 8.999998e+001
1.411757e+000, 8.999998e+001
1.499019e+000, 8.999998e+001
1.584302e+000, 8.999998e+001
1.667734e+000, 8.999998e+001
1.749450e+000, 8.999998e+001
1.829598e+000, 8.999999e+001
1.908331e+000, 8.999999e+001
1.985808e+000, 8.999999e+001
2.062190e+000, 8.999999e+001
2.137640e+000, 8.999999e+001
2.212320e+000, 8.999999e+001
2.286388e+000, 8.999999e+001
2.359996e+000, 8.999999e+001
2.433290e+000, 8.999999e+001
2.506404e+000, 8.999999e+001
2.579461e+000, 8.999999e+001
2.652572e+000, 8.999999e+001
2.725830e+000, 9.000000e+001
2.799311e+000, 9.000000e+001
2.873071e+000, 9.000000e+001
2.947148e+000, 9.000000e+001
3.021554e+000, 9.000000e+001
3.096281e+000, 9.000000e+001
3.171295e+000, 9.000000e+001
3.246536e+000, 9.000000e+001
3.321920e+000, 9.000000e+001
3.397333e+000, 9.000000e+001
3.472638e+000, 9.000000e+001
3.547669e+000, 9.000000e+001
3.622232e+000, 9.000000e+001
3.696107e+000, 9.000000e+001
3.769048e+000, 9.000000e+001
3.840784e+000, 9.000000e+001
3.911017e+000, 9.000000e+001
3.979426e+000, 9.000000e+001
4.045669e+000, 9.000000e+001
4.109379e+000, 9.000000e+001
4.170174e+000, 9.000000e+001
4.227649e+000, 9.000000e+001
4.281385e+000, 9.000000e+001
4.330948e+000, 9.000000e+001
4.375894e+000, 9.000000e+001
4.415763e+000, 9.000000e+001
4.450094e+000, 9.000001e+001
4.478414e+000, 9.000001e+001
4.500250e+000, 9.000001e+001
4.515127e+000, 9.000001e+001
4.522573e+000, 9.000001e+001
4.522116e+000, 9.000001e+001
4.513295e+000, 9.000001e+001
4.495655e+000, 9.000001e+001
4.468751e+000, 9.000001e+001
4.432155e+000, 9.000001e+001
4.385451e+000, 9.000001e+001
4.328244e+000, 9.000001e+001
4.260156e+000, 9.000001e+001
4.180834e+000, 9.000001e+001
4.089946e+000, 9.000001e+001
3.987188e+000, 9.000001e+001
3.872283e+000, 9.000001e+001
3.744980e+000, 9.000001e+001
3.605061e+000, 9.000001e+001
3.452338e+000, 9.000001e+001
3.286656e+000, 9.000001e+001
3.107891e+000, 9.000002e+001
2.915954e+000, 9.000002e+001
2.710789e+000, 9.000002e+001
2.492376e+000, 9.000002e+001
2.260726e+000, 9.000002e+001
2.015887e+000, 9.000003e+001
1.757937e+000, 9.000003e+001
1.486992e+000, 9.000004e+001
1.203195e+000, 9.000004e+001
9.067230e-001, 9.000006e+001
5.977840e-001, 9.000009e+001
2.766133e-001, 9.000020e+001
5.652556e-002, 2.699990e+002
4.013433e-001, 2.699999e+002
7.575261e-001, 2.699999e+002
1.124738e+000, 2.700000e+002
1.502622e+000, 2.700000e+002
1.890804e+000, 2.700000e+002
2.288892e+000, 2.700000e+002
2.696481e+000, 2.700000e+002
3.113154e+000, 2.700000e+002
3.538484e+000, 2.700000e+002
3.972036e+000, 2.700000e+002
4.413374e+000, 2.700000e+002
4.862055e+000, 2.700000e+002
5.317638e+000, 2.700000e+002
5.779685e+000, 2.700000e+002
6.247761e+000, 2.700000e+002
6.721437e+000, 2.700000e+002
7.200294e+000, 2.700000e+002
7.683924e+000, 2.700000e+002
8.171931e+000, 2.700000e+002
8.663932e+000, 2.700000e+002
9.159563e+000, 2.700000e+002
9.658475e+000, 2.700000e+002
1.016034e+001, 2.700000e+002
1.066485e+001, 2.700000e+002
1.117171e+001, 2.700000e+002
1.168066e+001, 2.700000e+002
1.219145e+001, 2.700000e+002
1.270388e+001, 2.700000e+002
1.321773e+001, 2.700000e+002
1.373283e+001, 2.700000e+002
1.424904e+001, 2.700000e+002
1.476623e+001, 2.700000e+002
1.528430e+001, 2.700000e+002
1.580316e+001, 2.700000e+002
1.632275e+001, 2.700000e+002
1.684304e+001, 2.700000e+002
1.736400e+001, 2.700000e+002
1.788563e+001, 2.700000e+002
1.840795e+001, 2.700000e+002
1.893097e+001, 2.700000e+002
1.945475e+001, 2.700000e+002
1.997934e+001, 2.700000e+002
2.050480e+001, 2.700000e+002
2.103120e+001, 2.700000e+002
2.155861e+001, 2.700000e+002
2.208712e+001, 2.700000e+002
2.261680e+001, 2.700000e+002
2.314773e+001, 2.700000e+002
2.367999e+001, 2.700000e+002
2.421365e+001, 2.700000e+002
2.474878e+001, 2.700000e+002
2.528543e+001, 2.700000e+002
2.582364e+001, 2.700000e+002
2.636345e+001, 2.700000e+002
2.690487e+001, 2.700000e+002
2.744791e+001, 2.700000e+002
2.799255e+001, 2.700000e+002
2.853875e+001, 2.700000e+002
2.908646e+001, 2.700000e+002
2.963561e+001, 2.700000e+002
3.018610e+001, 2.700000e+002
3.073780e+001, 2.700000e+002
3.129059e+001, 2.700000e+002
3.184429e+001, 2.700000e+002
3.239873e+001, 2.700000e+002
3.295369e+001, 2.700000e+002
3.350894e+001, 2.700000e+002
3.406423e+001, 2.700000e+002
3.461929e+001, 2.700000e+002
3.517383e+001, 2.700000e+002
3.572754e+001, 2.700000e+002
3.628010e+001, 2.700000e+002
3.683115e+001, 2.700000e+002
3.738034e+001, 2.700000e+002
3.792730e+001, 2.700000e+002
3.847166e+001, 2.700000e+002
3.901302e+001, 2.700000e+002
3.955099e+001, 2.700000e+002
4.008516e+001, 2.700000e+002
4.061513e+001, 2.700000e+002
4.114051e+001, 2.700000e+002
4.166088e+001, 2.700000e+002
4.217584e+001, 2.700000e+002
4.268500e+001, 2.700000e+002
4.318798e+001, 2.700000e+002
4.368439e+001, 2.700000e+002
4.417387e+001, 2.700000e+002
4.465606e+001, 2.700000e+002
4.513064e+001, 2.700000e+002
4.559727e+001, 2.700000e+002
4.605564e+001, 2.700000e+002
4.650549e+001, 2.700000e+002
4.694654e+001, 2.700000e+002
4.737855e+001, 2.700000e+002
4.780129e+001, 2.700000e+002
4.821458e+001, 2.700000e+002
4.861825e+001, 2.700000e+002
4.901213e+001, 2.700000e+002
4.939612e+001, 2.700000e+002
4.977011e+001, 2.700000e+002
5.013404e+001, 2.700000e+002
5.048785e+001, 2.700000e+002
5.083153e+001, 2.700000e+002
5.116509e+001, 2.700000e+002
5.148854e+001, 2.700000e+002
5.180194e+001, 2.700000e+002
5.210538e+001, 2.700000e+002
5.239893e+001, 2.700000e+002
5.268274e+001, 2.700000e+002
5.295692e+001, 2.700000e+002
5.322165e+001, 2.700000e+002
5.347709e+001, 2.700000e+002
5.372345e+001, 2.700000e+002
5.396092e+001, 2.700000e+002
5.418972e+001, 2.700000e+002
5.441009e+001, 2.700000e+002
5.462227e+001, 2.700000e+002
5.482651e+001, 2.700000e+002
5.502307e+001, 2.700000e+002
5.521220e+001, 2.700000e+002
5.539418e+001, 2.700000e+002
5.556926e+001, 2.700000e+002
5.573772e+001, 2.700000e+002
5.589983e+001, 2.700000e+002
5.605583e+001, 2.700000e+002
5.620600e+001, 2.700000e+002
5.635056e+001, 2.700000e+002
5.648978e+001, 2.700000e+002
5.662387e+001, 2.700000e+002
5.675306e+001, 2.700000e+002
5.687755e+001, 2.700000e+002
5.699754e+001, 2.700000e+002
5.711320e+001, 2.700000e+002
5.722469e+001, 2.700000e+002
5.733218e+001, 2.700000e+002
5.743577e+001, 2.700000e+002
5.753559e+001, 2.700000e+002
5.763172e+001, 2.700000e+002
5.772425e+001, 2.700000e+002
5.781322e+001, 2.700000e+002
5.789869e+001, 2.700000e+002
5.798066e+001, 2.700000e+002
5.805913e+001, 2.700000e+002
5.813410e+001, 2.700000e+002
5.820554e+001, 2.700000e+002
5.827339e+001, 2.700000e+002
5.833759e+001, 2.700000e+002
5.839807e+001, 2.700000e+002
5.845474e+001, 2.700000e+002
5.850750e+001, 2.700000e+002
5.855624e+001, 2.700000e+002
5.860086e+001, 2.700000e+002
5.864122e+001, 2.700000e+002
5.867720e+001, 2.700000e+002
5.870867e+001, 2.700000e+002
5.873550e+001, 2.700000e+002
5.875757e+001, 2.700000e+002
5.877474e+001, 2.700000e+002
5.878690e+001, 2.700000e+002
5.879394e+001, 2.700000e+002
5.879575e+001, 2.700000e+002
5.879224e+001, 2.700000e+002
5.878333e+001, 2.700000e+002
5.876895e+001, 2.700000e+002
5.874904e+001, 2.700000e+002
5.872359e+001, 2.700000e+002
5.869256e+001, 2.700000e+002
5.865597e+001, 2.700000e+002
5.861384e+001, 2.700000e+002
5.856622e+001, 2.700000e+002
5.851317e+001, 2.700000e+002
5.845479e+001, 2.700000e+002
5.839119e+001, 2.700000e+002
5.832251e+001, 2.700000e+002
5.824891e+001, 2.700000e+002
5.817057e+001, 2.700000e+002
5.808770e+001, 2.700000e+002
5.800054e+001, 2.700000e+002
5.790931e+001, 2.700000e+002
5.781430e+001, 2.700000e+002
5.771578e+001, 2.700000e+002
5.761406e+001, 2.700000e+002
5.750945e+001, 2.700000e+002
5.740228e+001, 2.700000e+002
5.729289e+001, 2.700000e+002
5.718163e+001, 2.700000e+002
5.706885e+001, 2.700000e+002
5.695491e+001, 2.700000e+002
5.684016e+001, 2.700000e+002
5.672496e+001, 2.700000e+002
5.660966e+001, 2.700000e+002
5.649460e+001, 2.700000e+002
5.638013e+001, 2.700000e+002
5.626655e+001, 2.700000e+002
5.615419e+001, 2.700000e+002
5.604331e+001, 2.700000e+002
5.593420e+001, 2.700000e+002
5.582709e+001, 2.700000e+002
5.572220e+001, 2.700000e+002
5.561973e+001, 2.700000e+002
5.551983e+001, 2.700000e+002
5.542265e+001, 2.700000e+002
5.532826e+001, 2.700000e+002
5.523675e+001, 2.700000e+002
5.514813e+001, 2.700000e+002
5.506240e+001, 2.700000e+002
5.497951e+001, 2.700000e+002
5.489938e+001, 2.700000e+002
5.482190e+001, 2.700000e+002
5.474690e+001, 2.700000e+002
5.467419e+001, 2.700000e+002
5.460356e+001, 2.700000e+002
5.453473e+001, 2.700000e+002
5.446741e+001, 2.700000e+002
5.440127e+001, 2.700000e+002
5.433597e+001, 2.700000e+002
5.427112e+001, 2.700000e+002
5.420631e+001, 2.700000e+002
5.414111e+001, 2.700000e+002
5.407507e+001, 2.700000e+002
5.400774e+001, 2.700000e+002
5.393862e+001, 2.700000e+002
5.386723e+001, 2.700000e+002
5.379308e+001, 2.700000e+002
5.371566e+001, 2.700000e+002
5.363448e+001, 2.700000e+002
5.354904e+001, 2.700000e+002
5.345884e+001, 2.700000e+002
5.336342e+001, 2.700000e+002
5.326230e+001, 2.700000e+002
5.315503e+001, 2.700000e+002
5.304118e+001, 2.700000e+002
5.292036e+001, 2.700000e+002
5.279217e+001, 2.700000e+002
5.265628e+001, 2.700000e+002
5.251235e+001, 2.700000e+002
5.236012e+001, 2.700000e+002
5.219932e+001, 2.700000e+002
5.202976e+001, 2.700000e+002
5.185127e+001, 2.700000e+002
5.166371e+001, 2.700000e+002
5.146702e+001, 2.700000e+002
5.126116e+001, 2.700000e+002
5.104613e+001, 2.700000e+002
5.082200e+001, 2.700000e+002
5.058887e+001, 2.700000e+002
5.034689e+001, 2.700000e+002
5.009627e+001, 2.700000e+002
4.983725e+001, 2.700000e+002
4.957013e+001, 2.700000e+002
4.929525e+001, 2.700000e+002
4.901300e+001, 2.700000e+002
4.872379e+001, 2.700000e+002
4.842811e+001, 2.700000e+002
4.812647e+001, 2.700000e+002
4.781942e+001, 2.700000e+002
4.750754e+001, 2.700000e+002
4.719146e+001, 2.700000e+002
4.687183e+001, 2.700000e+002
4.654934e+001, 2.700000e+002
4.622468e+001, 2.700000e+002
4.589860e+001, 2.700000e+002
4.557184e+001, 2.700000e+002
4.524518e+001, 2.700000e+002
4.491940e+001, 2.700000e+002
4.459529e+001, 2.700000e+002
4.427366e+001, 2.700000e+002
4.395531e+001, 2.700000e+002
4.364104e+001, 2.700000e+002
4.333166e+001, 2.700000e+002
4.302796e+001, 2.700000e+002
4.273073e+001, 2.700000e+002
4.244074e+001, 2.700000e+002
4.215874e+001, 2.700000e+002
4.188546e+001, 2.700000e+002
4.162162e+001, 2.700000e+002
4.136790e+001, 2.700000e+002
4.112495e+001, 2.700000e+002
4.089339e+001, 2.700000e+002
4.067380e+001, 2.700000e+002
4.046672e+001, 2.700000e+002
4.027266e+001, 2.700000e+002
4.009208e+001, 2.700000e+002
3.992538e+001, 2.700000e+002
3.977294e+001, 2.700000e+002
3.963506e+001, 2.700000e+002
3.951201e+001, 2.700000e+002
3.940401e+001, 2.700000e+002
3.931120e+001, 2.700000e+002
3.923369e+001, 2.700000e+002
3.917152e+001, 2.700000e+002
3.912468e+001, 2.700000e+002
3.909310e+001, 2.700000e+002
3.907667e+001, 2.700000e+002
3.907519e+001, 2.700000e+002
3.908844e+001, 2.700000e+002
3.911613e+001, 2.700000e+002
3.915790e+001, 2.700000e+002
3.921337e+001, 2.700000e+002
3.928209e+001, 2.700000e+002
3.936356e+001, 2.700000e+002
3.945724e+001, 2.700000e+002
3.956254e+001, 2.700000e+002
3.967882e+001, 2.700000e+002
3.980541e+001, 2.700000e+002
3.994162e+001, 2.700000e+002
4.008668e+001, 2.700000e+002
4.023983e+001, 2.700000e+002
4.040026e+001, 2.700000e+002
4.056715e+001, 2.700000e+002
4.073964e+001, 2.700000e+002
4.091686e+001, 2.700000e+002
4.109794e+001, 2.700000e+002
4.128197e+001, 2.700000e+002
4.146805e+001, 2.700000e+002
4.165529e+001, 2.700000e+002
4.184278e+001, 2.700000e+002
4.202961e+001, 2.700000e+002
4.221489e+001, 2.700000e+002
4.239774e+001, 2.700000e+002
4.257729e+001, 2.700000e+002
4.275270e+001, 2.700000e+002
4.292313e+001, 2.700000e+002
4.308778e+001, 2.700000e+002
4.324588e+001, 2.700000e+002
4.339668e+001, 2.700000e+002
4.353948e+001, 2.700000e+002
4.367358e+001, 2.700000e+002
4.379837e+001, 2.700000e+002
4.391324e+001, 2.700000e+002
4.401764e+001, 2.700000e+002
4.411106e+001, 2.700000e+002
4.419304e+001, 2.700000e+002
4.426316e+001, 2.700000e+002
4.432106e+001, 2.700000e+002
4.436643e+001, 2.700000e+002
4.439898e+001, 2.700000e+002
4.441852e+001, 2.700000e+002
4.442487e+001, 2.700000e+002
4.441791e+001, 2.700000e+002
4.439758e+001, 2.700000e+002
4.436386e+001, 2.700000e+002
4.431679e+001, 2.700000e+002
4.425643e+001, 2.700000e+002
4.418292e+001, 2.700000e+002
4.409641e+001, 2.700000e+002
4.399713e+001, 2.700000e+002
4.388531e+001, 2.700000e+002
4.376125e+001, 2.700000e+002
4.362526e+001, 2.700000e+002
4.347771e+001, 2.700000e+002
4.331897e+001, 2.700000e+002
4.314947e+001, 2.700000e+002
4.296962e+001, 2.700000e+002
4.277990e+001, 2.700000e+002
4.258077e+001, 2.700000e+002
4.237272e+001, 2.700000e+002
4.215626e+001, 2.700000e+002
4.193190e+001, 2.700000e+002
4.170014e+001, 2.700000e+002
4.146150e+001, 2.700000e+002
4.121650e+001, 2.700000e+002
4.096563e+001, 2.700000e+002
4.070941e+001, 2.700000e+002
4.044832e+001, 2.700000e+002
4.018283e+001, 2.700000e+002
3.991340e+001, 2.700000e+002
3.964047e+001, 2.700000e+002
3.936445e+001, 2.700000e+002
3.908575e+001, 2.700000e+002
3.880472e+001, 2.700000e+002
3.852171e+001, 2.700000e+002
3.823703e+001, 2.700000e+002
3.795095e+001, 2.700000e+002
3.766373e+001, 2.700000e+002
3.737559e+001, 2.700000e+002
3.708670e+001, 2.700000e+002
3.679722e+001, 2.700000e+002
3.650726e+001, 2.700000e+002
3.621691e+001, 2.700000e+002
3.592623e+001, 2.700000e+002
3.563523e+001, 2.700000e+002
3.534389e+001, 2.700000e+002
3.505219e+001, 2.700000e+002
3.476005e+001, 2.700000e+002
3.446737e+001, 2.700000e+002
3.417404e+001, 2.700000e+002
3.387990e+001, 2.700000e+002
3.358479e+001, 2.700000e+002
3.328852e+001, 2.700000e+002
3.299089e+001, 2.700000e+002
3.269167e+001, 2.700000e+002
3.239064e+001, 2.700000e+002
3.208755e+001, 2.700000e+002
3.178215e+001, 2.700000e+002
3.147419e+001, 2.700000e+002
3.116339e+001, 2.700000e+002
3.084949e+001, 2.700000e+002
3.053224e+001, 2.700000e+002
3.021138e+001, 2.700000e+002
2.988664e+001, 2.700000e+002
2.955778e+001, 2.700000e+002
2.922456e+001, 2.700000e+002
2.888676e+001, 2.700000e+002
2.854414e+001, 2.700000e+002
2.819651e+001, 2.700000e+002
2.784368e+001, 2.700000e+002
2.748546e+001, 2.700000e+002
2.712171e+001, 2.700000e+002
2.675226e+001, 2.700000e+002
2.637700e+001, 2.700000e+002
2.599582e+001, 2.700000e+002
2.560862e+001, 2.700000e+002
2.521532e+001, 2.700000e+002
2.481587e+001, 2.700000e+002
2.441022e+001, 2.700000e+002
2.399835e+001, 2.700000e+002
2.358024e+001, 2.700000e+002
2.315589e+001, 2.700000e+002
2.272532e+001, 2.700000e+002
2.228855e+001, 2.700000e+002
2.184562e+001, 2.700000e+002
2.139657e+001, 2.700000e+002
2.094147e+001, 2.700000e+002
2.048036e+001, 2.700000e+002
2.001332e+001, 2.700000e+002
1.954040e+001, 2.700000e+002
1.906169e+001, 2.700000e+002
1.857725e+001, 2.700000e+002
1.808715e+001, 2.700000e+002
1.759145e+001, 2.700000e+002
1.709021e+001, 2.700000e+002
1.658349e+001, 2.700000e+002
1.607134e+001, 2.700000e+002
1.555379e+001, 2.700000e+002
1.503087e+001, 2.700000e+002
1.450261e+001, 2.700000e+002
1.396899e+001, 2.700000e+002
1.343003e+001, 2.700000e+002
1.288569e+001, 2.700000e+002
1.233595e+001, 2.700000e+002
1.178075e+001, 2.700000e+002
1.122003e+001, 2.700000e+002
1.065370e+001, 2.700000e+002
1.008169e+001, 2.700000e+002
9.503865e+000, 2.700000e+002
8.920115e+000, 2.700000e+002
8.330298e+000, 2.700000e+002
7.734263e+000, 2.700000e+002
7.131845e+000, 2.700000e+002
6.522866e+000, 2.700000e+002
5.907139e+000, 2.700000e+002
5.284465e+000, 2.700000e+002
4.654636e+000, 2.700000e+002
4.017438e+000, 2.700000e+002
3.372648e+000, 2.700000e+002
2.720041e+000, 2.700000e+002
2.059386e+000, 2.700000e+002
1.390452e+000, 2.700001e+002
7.130061e-001, 2.700001e+002
2.681793e-002, 2.700035e+002
6.683405e-001, 8.999986e+001
1.372692e+000, 8.999993e+001
2.086454e+000, 8.999995e+001
2.809836e+000, 8.999997e+001
3.543035e+000, 8.999997e+001
4.286240e+000, 8.999998e+001
5.039627e+000, 8.999998e+001
5.803355e+000, 8.999998e+001
6.577569e+000, 8.999999e+001
7.362396e+000, 8.999999e+001
8.157945e+000, 8.999999e+001
8.964304e+000, 8.999999e+001
9.781541e+000, 8.999999e+001
1.060970e+001, 8.999999e+001
1.144880e+001, 8.999999e+001
1.229884e+001, 8.999999e+001
1.315980e+001, 8.999999e+001
1.403161e+001, 8.999999e+001
1.491420e+001, 8.999999e+001
1.580746e+001, 8.999999e+001
1.671125e+001, 8.999999e+001
1.762542e+001, 8.999999e+001
1.854977e+001, 8.999999e+001
1.948408e+001, 8.999999e+001
2.042812e+001, 9.000000e+001
2.138160e+001, 9.000000e+001
2.234423e+001, 9.000000e+001
2.331569e+001, 9.000000e+001
2.429562e+001, 9.000000e+001
2.528365e+001, 9.000000e+001
2.627938e+001, 9.000000e+001
2.728239e+001, 9.000000e+001
2.829223e+001, 9.000000e+001
2.930845e+001, 9.000000e+001
3.033056e+001, 9.000000e+001
3.135807e+001, 9.000000e+001
3.239046e+001, 9.000000e+001
3.342720e+001, 9.000000e+001
3.446776e+001, 9.000000e+001
3.551159e+001, 9.000000e+001
3.655813e+001, 9.000000e+001
3.760682e+001, 9.000000e+001
3.865710e+001, 9.000000e+001
3.970840e+001, 9.000000e+001
4.076015e+001, 9.000000e+001
4.181178e+001, 9.000000e+001
4.286275e+001, 9.000000e+001
4.391249e+001, 9.000000e+001
4.496047e+001, 9.000000e+001
4.600615e+001, 9.000000e+001
4.704901e+001, 9.000000e+001
4.808854e+001, 9.000000e+001
4.912426e+001, 9.000000e+001
5.015569e+001, 9.000000e+001
5.118238e+001, 9.000000e+001
5.220389e+001, 9.000000e+001
5.321982e+001, 9.000000e+001
5.422977e+001, 9.000000e+001
5.523338e+001, 9.000000e+001
5.623031e+001, 9.000000e+001
5.722022e+001, 9.000000e+001
5.820284e+001, 9.000000e+001
5.917789e+001, 9.000000e+001
6.014512e+001, 9.000000e+001
6.110431e+001, 9.000000e+001
6.205525e+001, 9.000000e+001
6.299778e+001, 9.000000e+001
6.393173e+001, 9.000000e+001
6.485697e+001, 9.000000e+001
6.577338e+001, 9.000000e+001
6.668086e+001, 9.000000e+001
6.757932e+001, 9.000000e+001
6.846871e+001, 9.000000e+001
6.934895e+001, 9.000000e+001
7.022001e+001, 9.000000e+001
7.108185e+001, 9.000000e+001
7.193443e+001, 9.000000e+001
7.277774e+001, 9.000000e+001
7.361175e+001, 9.000000e+001
7.443643e+001, 9.000000e+001
7.525176e+001, 9.000000e+001
7.605772e+001, 9.000000e+001
7.685426e+001, 9.000000e+001
7.764136e+001, 9.000000e+001
7.841897e+001, 9.000000e+001
7.918701e+001, 9.000000e+001
7.994542e+001, 9.000000e+001
8.069412e+001, 9.000000e+001
8.143299e+001, 9.000000e+001
8.216192e+001, 9.000000e+001
8.288078e+001, 9.000000e+001
8.358940e+001, 9.000000e+001
8.428762e+001, 9.000000e+001
8.497524e+001, 9.000000e+001
8.565205e+001, 9.000000e+001
8.631781e+001, 9.000000e+001
8.697227e+001, 9.000000e+001
8.761516e+001, 9.000000e+001
8.824618e+001, 9.000000e+001
8.886503e+001, 9.000000e+001
8.947137e+001, 9.000000e+001
9.006485e+001, 9.000000e+001
9.064513e+001, 9.000000e+001
9.121182e+001, 9.000000e+001
9.176453e+001, 9.000000e+001
9.230287e+001, 9.000000e+001
9.282642e+001, 9.000000e+001
9.333478e+001, 9.000000e+001
9.382752e+001, 9.000000e+001
9.430422e+001, 9.000000e+001
9.476445e+001, 9.000000e+001
9.520780e+001, 9.000000e+001
9.563383e+001, 9.000000e+001
9.604215e+001, 9.000000e+001
9.643233e+001, 9.000000e+001
9.680400e+001, 9.000000e+001
9.715675e+001, 9.000000e+001
9.749024e+001, 9.000000e+001
9.780410e+001, 9.000000e+001
9.809802e+001, 9.000000e+001
9.837167e+001, 9.000000e+001
9.862478e+001, 9.000000e+001
9.885708e+001, 9.000000e+001
9.906835e+001, 9.000000e+001
9.925838e+001, 9.000000e+001
9.942700e+001, 9.000000e+001
9.957405e+001, 9.000000e+001
9.969945e+001, 9.000000e+001
9.980310e+001, 9.000000e+001
9.988497e+001, 9.000000e+001
9.994506e+001, 9.000000e+001
9.998338e+001, 9.000000e+001
1.000000e+002, 9.000000e+001
9.999503e+001, 9.000000e+001
9.996859e+001, 9.000000e+001
9.992085e+001, 9.000000e+001
9.985202e+001, 9.000000e+001
9.976233e+001, 9.000000e+001
9.965205e+001, 9.000000e+001
9.952148e+001, 9.000000e+001
9.937094e+001, 9.000000e+001
9.920079e+001, 9.000000e+001
9.901142e+001, 9.000000e+001
9.880322e+001, 9.000000e+001
9.857663e+001, 9.000000e+001
9.833209e+001, 9.000000e+001
9.807008e+001, 9.000000e+001
9.779107e+001, 9.000000e+001
9.749555e+001, 9.000000e+001
9.718404e+001, 9.000000e+001
9.685705e+001, 9.000000e+001
9.651510e+001, 9.000000e+001
9.615872e+001, 9.000000e+001
9.578841e+001, 9.000000e+001
9.540472e+001, 9.000000e+001
9.500815e+001, 9.000000e+001
9.459922e+001, 9.000000e+001
9.417842e+001, 9.000000e+001
9.374625e+001, 9.000000e+001
9.330318e+001, 9.000000e+001
9.284968e+001, 9.000000e+001
9.238617e+001, 9.000000e+001
9.191309e+001, 9.000000e+001
9.143083e+001, 9.000000e+001
9.093977e+001, 9.000000e+001
9.044027e+001, 9.000000e+001
8.993264e+001, 9.000000e+001
8.941719e+001, 9.000000e+001
8.889419e+001, 9.000000e+001
8.836388e+001, 9.000000e+001
8.782648e+001, 9.000000e+001
8.728216e+001, 9.000000e+001
8.673110e+001, 9.000000e+001
8.617341e+001, 9.000000e+001
8.560919e+001, 9.000000e+001
8.503852e+001, 9.000000e+001
8.446143e+001, 9.000000e+001
8.387795e+001, 9.000000e+001
8.328807e+001, 9.000000e+001
8.269175e+001, 9.000000e+001
8.208895e+001, 9.000000e+001
8.147959e+001, 9.000000e+001
8.086358e+001, 9.000000e+001
8.024081e+001, 9.000000e+001
7.961116e+001, 9.000000e+001
7.897450e+001, 9.000000e+001
7.833069e+001, 9.000000e+001
7.767957e+001, 9.000000e+001
7.702099e+001, 9.000000e+001
7.635479e+001, 9.000000e+001
7.568082e+001, 9.000000e+001
7.499892e+001, 9.000000e+001
7.430895e+001, 9.000000e+001
7.361077e+001, 9.000000e+001
7.290424e+001, 9.000000e+001
7.218927e+001, 9.000000e+001
7.146574e+001, 9.000000e+001
7.073358e+001, 9.000000e+001
6.999272e+001, 9.000000e+001
6.924312e+001, 9.000000e+001
6.848478e+001, 9.000000e+001
6.771769e+001, 9.000000e+001
6.694189e+001, 9.000000e+001
6.615745e+001, 9.000000e+001
6.536447e+001, 9.000000e+001
6.456306e+001, 9.000000e+001
6.375338e+001, 9.000000e+001
6.293562e+001, 9.000000e+001
6.210999e+001, 9.000000e+001
6.127675e+001, 9.000000e+001
6.043617e+001, 9.000000e+001
5.958856e+001, 9.000000e+001
5.873427e+001, 9.000000e+001
5.787368e+001, 9.000000e+001
5.700718e+001, 9.000000e+001
5.613519e+001, 9.000000e+001
5.525819e+001, 9.000000e+001
5.437664e+001, 9.000000e+001
5.349106e+001, 9.000000e+001
5.260196e+001, 9.000000e+001
5.170990e+001, 9.000000e+001
5.081544e+001, 9.000000e+001
4.991916e+001, 9.000000e+001
4.902165e+001, 9.000000e+001
4.812352e+001, 9.000000e+001
4.722538e+001, 9.000000e+001
4.632786e+001, 9.000000e+001
4.543159e+001, 9.000000e+001
4.453720e+001, 9.000000e+001
4.364531e+001, 9.000000e+001
4.275656e+001, 9.000000e+001
4.187157e+001, 9.000000e+001
4.099096e+001, 9.000000e+001
4.011535e+001, 9.000000e+001
3.924533e+001, 9.000000e+001
3.838150e+001, 9.000000e+001
3.752443e+001, 9.000000e+001
3.667469e+001, 9.000000e+001
3.583282e+001, 9.000000e+001
3.499933e+001, 9.000000e+001
3.417475e+001, 9.000000e+001
3.335955e+001, 9.000000e+001
3.255420e+001, 9.000000e+001
3.175913e+001, 9.000000e+001
3.097477e+001, 9.000000e+001
3.020149e+001, 9.000000e+001
2.943966e+001, 9.000000e+001
2.868962e+001, 9.000000e+001
2.795168e+001, 9.000000e+001
2.722613e+001, 9.000000e+001
2.651322e+001, 9.000000e+001
2.581319e+001, 9.000000e+001
2.512622e+001, 9.000000e+001
2.445251e+001, 9.000000e+001
2.379220e+001, 9.000000e+001
2.314541e+001, 9.000000e+001
2.251224e+001, 9.000000e+001
2.189276e+001, 9.000000e+001
2.128702e+001, 9.000000e+001
2.069504e+001, 9.000000e+001
2.011682e+001, 9.000000e+001
1.955234e+001, 9.000000e+001
1.900156e+001, 9.000000e+001
1.846440e+001, 9.000000e+001
1.794079e+001, 9.000000e+001
1.743063e+001, 9.000000e+001
1.693378e+001, 9.000000e+001
1.645012e+001, 9.000000e+001
1.597950e+001, 9.000000e+001
1.552174e+001, 9.000000e+001
1.507666e+001, 9.000000e+001
1.464407e+001, 9.000000e+001
1.422377e+001, 9.000000e+001
2.890662e+001, 9.000000e+001
2.822769e+001, 9.000000e+001
2.755641e+001, 9.000000e+001
2.689299e+001, 9.000000e+001
2.623764e+001, 9.000000e+001
2.559053e+001, 9.000000e+001
2.495182e+001, 9.000000e+001
2.432165e+001, 9.000000e+001
2.370013e+001, 9.000000e+001
2.308736e+001, 9.000000e+001
2.248342e+001, 9.000000e+001
2.188837e+001, 9.000000e+001
2.130227e+001, 9.000000e+001
2.072515e+001, 9.000000e+001
2.015703e+001, 9.000000e+001
1.959792e+001, 9.000000e+001
1.904782e+001, 9.000000e+001
1.850671e+001, 9.000000e+001
1.797458e+001, 9.000000e+001
1.745139e+001, 9.000000e+001
1.693711e+001, 9.000000e+001
1.643170e+001, 9.000000e+001
1.593509e+001, 9.000000e+001
1.544725e+001, 9.000000e+001
1.496811e+001, 9.000000e+001
1.449761e+001, 9.000000e+001
1.403568e+001, 9.000000e+001
1.358226e+001, 9.000000e+001
1.313727e+001, 9.000000e+001
1.270065e+001, 9.000000e+001
1.227231e+001, 9.000000e+001
1.185219e+001, 9.000000e+001
1.144020e+001, 9.000000e+001
1.103626e+001, 9.000000e+001
1.064031e+001, 9.000000e+001
1.025224e+001, 9.000000e+001
9.871994e+000, 9.000000e+001
9.499470e+000, 9.000000e+001
9.134588e+000, 9.000000e+001
8.777258e+000, 9.000000e+001
8.427391e+000, 9.000000e+001
8.084894e+000, 9.000000e+001
7.749671e+000, 9.000000e+001
7.421626e+000, 9.000000e+001
7.100657e+000, 9.000000e+001
6.786661e+000, 9.000000e+001
6.479531e+000, 9.000000e+001
6.179159e+000, 9.000000e+001
5.885429e+000, 9.000000e+001
5.598228e+000, 9.000000e+001
5.317434e+000, 9.000000e+001
5.042927e+000, 9.000000e+001
4.774581e+000, 9.000000e+001
4.512270e+000, 9.000000e+001
4.255864e+000, 9.000000e+001
4.005233e+000, 9.000000e+001
3.760245e+000, 9.000000e+001
3.520768e+000, 9.000000e+001
3.286671e+000, 9.000000e+001
3.057823e+000, 9.000000e+001
2.834096e+000, 9.000000e+001
2.615365e+000, 9.000000e+001
2.401509e+000, 9.000001e+001
2.192411e+000, 9.000001e+001
1.987962e+000, 9.000001e+001
1.788060e+000, 9.000001e+001
1.592613e+000, 9.000001e+001
1.401537e+000, 9.000001e+001
1.214761e+000, 9.000002e+001
1.032227e+000, 9.000002e+001
8.538924e-001, 9.000003e+001
6.797284e-001, 9.000004e+001
5.097253e-001, 9.000005e+001
3.438916e-001, 9.000008e+001
1.822563e-001, 9.000016e+001
2.486978e-002, 9.000122e+001
1.281944e-001, 2.699998e+002
2.768385e-001, 2.699999e+002
4.209392e-001, 2.699999e+002
5.603467e-001, 2.699999e+002
6.948831e-001, 2.699999e+002
8.243422e-001, 2.700000e+002
9.484878e-001, 2.700000e+002
1.067054e+000, 2.700000e+002
1.179742e+000, 2.700000e+002
1.286224e+000, 2.700000e+002
1.386139e+000, 2.700000e+002
1.479093e+000, 2.700000e+002
1.564662e+000, 2.700000e+002
1.642386e+000, 2.700000e+002
1.711777e+000, 2.700000e+002
1.772312e+000, 2.700000e+002
1.823438e+000, 2.700000e+002
1.864572e+000, 2.700000e+002
1.895100e+000, 2.700000e+002
1.914380e+000, 2.700000e+002
1.921741e+000, 2.700000e+002
1.916487e+000, 2.700000e+002
1.897895e+000, 2.700000e+002
1.865219e+000, 2.700000e+002
1.817693e+000, 2.700000e+002
1.754526e+000, 2.700000e+002
1.674914e+000, 2.700000e+002
1.578033e+000, 2.700000e+002
1.463045e+000, 2.699999e+002
1.329101e+000, 2.699999e+002
1.175340e+000, 2.699999e+002
1.000895e+000, 2.699999e+002
8.048935e-001, 2.699999e+002
5.864582e-001, 2.699999e+002
3.447122e-001, 2.699998e+002
7.877980e-002, 2.699989e+002
2.122106e-001, 9.000042e+001
5.291244e-001, 9.000017e+001
8.728184e-001, 9.000011e+001
1.244138e+000, 9.000008e+001
1.643917e+000, 9.000006e+001
2.072972e+000, 9.000005e+001
2.532103e+000, 9.000004e+001
3.022091e+000, 9.000003e+001
3.543694e+000, 9.000003e+001
4.097649e+000, 9.000003e+001
4.684666e+000, 9.000002e+001
5.305429e+000, 9.000002e+001
5.960594e+000, 9.000002e+001
6.650787e+000, 9.000002e+001
7.376603e+000, 9.000002e+001
8.138603e+000, 9.000001e+001
8.937319e+000, 9.000001e+001
9.773244e+000, 9.000001e+001
1.064684e+001, 9.000001e+001
1.155852e+001, 9.000001e+001
1.250869e+001, 9.000001e+001
1.349768e+001, 9.000001e+001
1.452581e+001, 9.000001e+001
1.559335e+001, 9.000001e+001
1.670053e+001, 9.000001e+001
1.784754e+001, 9.000001e+001
1.903455e+001, 9.000001e+001
2.026166e+001, 9.000001e+001
2.152894e+001, 9.000001e+001
2.283643e+001, 9.000001e+001
2.418413e+001, 9.000001e+001
2.557196e+001, 9.000001e+001
2.699986e+001, 9.000001e+001
2.846768e+001, 9.000001e+001
2.997524e+001, 9.000000e+001
3.152233e+001, 9.000000e+001
3.310868e+001, 9.000000e+001
3.473398e+001, 9.000000e+001
3.639788e+001, 9.000000e+001
3.809998e+001, 9.000000e+001
3.983984e+001, 9.000000e+001
4.161694e+001, 9.000000e+001
4.343077e+001, 9.000000e+001
4.528071e+001, 9.000000e+001
4.716612e+001, 9.000000e+001
4.908630e+001, 9.000000e+001
5.104049e+001, 9.000000e+001
5.302788e+001, 9.000000e+001
5.504760e+001, 9.000000e+001
5.709872e+001, 9.000000e+001
5.918023e+001, 9.000000e+001
6.129108e+001, 9.000000e+001
6.343014e+001, 9.000000e+001
6.559621e+001, 9.000000e+001
6.778801e+001, 9.000000e+001
7.000420e+001, 9.000000e+001
7.224337e+001, 9.000000e+001
7.450400e+001, 9.000000e+001
7.678453e+001, 9.000000e+001
7.908327e+001, 9.000000e+001
8.139849e+001, 9.000000e+001
##END
