##TITLE= Pf1-2t5-0h5964
##JCAMP-DX= 5.00 Bruker JCAMP library
##DATA TYPE= Shape Data
##ORIGIN= Bruker BioSpin GmbH
##OWNER= <Alexej Jerschow>
##DATE= 2009/01/20
##TIME= 17:11:54
##$SHAPE_PARAMETERS= 
##MINX= 4.629579e-002
##MAXX= 1.000000e+002
##MINY= 9.000000e+001
##MAXY= 2.700000e+002
##$SHAPE_EXMODE= 
##$SHAPE_TOTROT= 
##$SHAPE_TYPE= 
##$SHAPE_USER_DEF= 
##$SHAPE_REPHFAC= 
##$SHAPE_BWFAC= 
##$SHAPE_BWFAC50= 
##$SHAPE_INTEGFAC= 
##$SHAPE_MODE= 
##NPOINTS= 1000
##XYPOINTS= (XY..XY)
5.139215e+001, 2.700000e+002
5.115245e+001, 2.700000e+002
5.090780e+001, 2.700000e+002
5.065843e+001, 2.700000e+002
5.040453e+001, 2.700000e+002
5.014623e+001, 2.700000e+002
4.988366e+001, 2.700000e+002
4.961688e+001, 2.700000e+002
4.934590e+001, 2.700000e+002
4.907070e+001, 2.700000e+002
4.879123e+001, 2.700000e+002
4.850738e+001, 2.700000e+002
4.821900e+001, 2.700000e+002
4.792593e+001, 2.700000e+002
4.762793e+001, 2.700000e+002
4.732475e+001, 2.700000e+002
4.701611e+001, 2.700000e+002
4.670169e+001, 2.700000e+002
4.638114e+001, 2.700000e+002
4.605410e+001, 2.700000e+002
4.572017e+001, 2.700000e+002
4.537894e+001, 2.700000e+002
4.503000e+001, 2.700000e+002
4.467291e+001, 2.700000e+002
4.430723e+001, 2.700000e+002
4.393252e+001, 2.700000e+002
4.354835e+001, 2.700000e+002
4.315427e+001, 2.700000e+002
4.274986e+001, 2.700000e+002
4.233471e+001, 2.700000e+002
4.190844e+001, 2.700000e+002
4.147067e+001, 2.700000e+002
4.102105e+001, 2.700000e+002
4.055928e+001, 2.700000e+002
4.008507e+001, 2.700000e+002
3.959817e+001, 2.700000e+002
3.909838e+001, 2.700000e+002
3.858552e+001, 2.700000e+002
3.805949e+001, 2.700000e+002
3.752020e+001, 2.700000e+002
3.696762e+001, 2.700000e+002
3.640178e+001, 2.700000e+002
3.582275e+001, 2.700000e+002
3.523065e+001, 2.700000e+002
3.462565e+001, 2.700000e+002
3.400799e+001, 2.700000e+002
3.337795e+001, 2.700000e+002
3.273585e+001, 2.700000e+002
3.208207e+001, 2.700000e+002
3.141704e+001, 2.700000e+002
3.074124e+001, 2.700000e+002
3.005518e+001, 2.700000e+002
2.935943e+001, 2.700000e+002
2.865459e+001, 2.700000e+002
2.794130e+001, 2.700000e+002
2.722024e+001, 2.700000e+002
2.649210e+001, 2.700000e+002
2.575763e+001, 2.700000e+002
2.501757e+001, 2.700000e+002
2.427270e+001, 2.700000e+002
2.352382e+001, 2.700000e+002
2.277172e+001, 2.700000e+002
2.201722e+001, 2.700000e+002
2.126112e+001, 2.700000e+002
2.050424e+001, 2.700000e+002
1.974739e+001, 2.700000e+002
1.899136e+001, 2.700000e+002
1.823692e+001, 2.700000e+002
1.748486e+001, 2.700000e+002
1.673590e+001, 2.700000e+002
1.599077e+001, 2.700000e+002
1.525014e+001, 2.700000e+002
1.451468e+001, 2.700000e+002
1.378500e+001, 2.700000e+002
1.306167e+001, 2.700000e+002
1.234523e+001, 2.700000e+002
1.163617e+001, 2.700000e+002
1.093494e+001, 2.700000e+002
1.024191e+001, 2.700000e+002
9.557442e+000, 2.700000e+002
8.881816e+000, 2.700000e+002
8.215270e+000, 2.700000e+002
7.557985e+000, 2.700000e+002
6.910088e+000, 2.700000e+002
6.271651e+000, 2.700000e+002
5.642694e+000, 2.700000e+002
5.023180e+000, 2.700000e+002
4.413023e+000, 2.700000e+002
3.812083e+000, 2.700000e+002
3.220172e+000, 2.700000e+002
2.637055e+000, 2.700000e+002
2.062451e+000, 2.700000e+002
1.496036e+000, 2.700000e+002
9.374475e-001, 2.700000e+002
3.862843e-001, 2.699999e+002
1.578866e-001, 9.000020e+001
6.955288e-001, 9.000004e+001
1.227132e+000, 9.000002e+001
1.753209e+000, 9.000002e+001
2.274290e+000, 9.000001e+001
2.790919e+000, 9.000001e+001
3.303654e+000, 9.000001e+001
3.813054e+000, 9.000001e+001
4.319684e+000, 9.000001e+001
4.824103e+000, 9.000001e+001
5.326867e+000, 9.000000e+001
5.828518e+000, 9.000000e+001
6.329586e+000, 9.000000e+001
6.830581e+000, 9.000000e+001
7.331991e+000, 9.000000e+001
7.834278e+000, 9.000000e+001
8.337873e+000, 9.000000e+001
8.843178e+000, 9.000000e+001
9.350557e+000, 9.000000e+001
9.860335e+000, 9.000000e+001
1.037280e+001, 9.000000e+001
1.088819e+001, 9.000000e+001
1.140671e+001, 9.000000e+001
1.192851e+001, 9.000000e+001
1.245370e+001, 9.000000e+001
1.298233e+001, 9.000000e+001
1.351441e+001, 9.000000e+001
1.404991e+001, 9.000000e+001
1.458873e+001, 9.000000e+001
1.513074e+001, 9.000000e+001
1.567576e+001, 9.000000e+001
1.622357e+001, 9.000000e+001
1.677388e+001, 9.000000e+001
1.732639e+001, 9.000000e+001
1.788075e+001, 9.000000e+001
1.843656e+001, 9.000000e+001
1.899341e+001, 9.000000e+001
1.955084e+001, 9.000000e+001
2.010836e+001, 9.000000e+001
2.066547e+001, 9.000000e+001
2.122165e+001, 9.000000e+001
2.177634e+001, 9.000000e+001
2.232899e+001, 9.000000e+001
2.287904e+001, 9.000000e+001
2.342591e+001, 9.000000e+001
2.396904e+001, 9.000000e+001
2.450784e+001, 9.000000e+001
2.504178e+001, 9.000000e+001
2.557029e+001, 9.000000e+001
2.609284e+001, 9.000000e+001
2.660893e+001, 9.000000e+001
2.711805e+001, 9.000000e+001
2.761974e+001, 9.000000e+001
2.811358e+001, 9.000000e+001
2.859914e+001, 9.000000e+001
2.907608e+001, 9.000000e+001
2.954405e+001, 9.000000e+001
3.000276e+001, 9.000000e+001
3.045196e+001, 9.000000e+001
3.089144e+001, 9.000000e+001
3.132104e+001, 9.000000e+001
3.174064e+001, 9.000000e+001
3.215015e+001, 9.000000e+001
3.254954e+001, 9.000000e+001
3.293881e+001, 9.000000e+001
3.331803e+001, 9.000000e+001
3.368728e+001, 9.000000e+001
3.404669e+001, 9.000000e+001
3.439644e+001, 9.000000e+001
3.473672e+001, 9.000000e+001
3.506778e+001, 9.000000e+001
3.538988e+001, 9.000000e+001
3.570332e+001, 9.000000e+001
3.600842e+001, 9.000000e+001
3.630552e+001, 9.000000e+001
3.659498e+001, 9.000000e+001
3.687717e+001, 9.000000e+001
3.715247e+001, 9.000000e+001
3.742127e+001, 9.000000e+001
3.768396e+001, 9.000000e+001
3.794093e+001, 9.000000e+001
3.819257e+001, 9.000000e+001
3.843924e+001, 9.000000e+001
3.868131e+001, 9.000000e+001
3.891914e+001, 9.000000e+001
3.915304e+001, 9.000000e+001
3.938332e+001, 9.000000e+001
3.961026e+001, 9.000000e+001
3.983411e+001, 9.000000e+001
4.005510e+001, 9.000000e+001
4.027341e+001, 9.000000e+001
4.048919e+001, 9.000000e+001
4.070256e+001, 9.000000e+001
4.091359e+001, 9.000000e+001
4.112233e+001, 9.000000e+001
4.132876e+001, 9.000000e+001
4.153284e+001, 9.000000e+001
4.173448e+001, 9.000000e+001
4.193355e+001, 9.000000e+001
4.212989e+001, 9.000000e+001
4.232326e+001, 9.000000e+001
4.251342e+001, 9.000000e+001
4.270008e+001, 9.000000e+001
4.288290e+001, 9.000000e+001
4.306150e+001, 9.000000e+001
4.323548e+001, 9.000000e+001
4.340439e+001, 9.000000e+001
4.356777e+001, 9.000000e+001
4.372511e+001, 9.000000e+001
4.387588e+001, 9.000000e+001
4.401952e+001, 9.000000e+001
4.415547e+001, 9.000000e+001
4.428312e+001, 9.000000e+001
4.440187e+001, 9.000000e+001
4.451109e+001, 9.000000e+001
4.461016e+001, 9.000000e+001
4.469844e+001, 9.000000e+001
4.477529e+001, 9.000000e+001
4.484008e+001, 9.000000e+001
4.489217e+001, 9.000000e+001
4.493094e+001, 9.000000e+001
4.495578e+001, 9.000000e+001
4.496610e+001, 9.000000e+001
4.496131e+001, 9.000000e+001
4.494085e+001, 9.000000e+001
4.490420e+001, 9.000000e+001
4.485085e+001, 9.000000e+001
4.478032e+001, 9.000000e+001
4.469217e+001, 9.000000e+001
4.458600e+001, 9.000000e+001
4.446142e+001, 9.000000e+001
4.431812e+001, 9.000000e+001
4.415580e+001, 9.000000e+001
4.397422e+001, 9.000000e+001
4.377315e+001, 9.000000e+001
4.355246e+001, 9.000000e+001
4.331201e+001, 9.000000e+001
4.305174e+001, 9.000000e+001
4.277161e+001, 9.000000e+001
4.247165e+001, 9.000000e+001
4.215192e+001, 9.000000e+001
4.181252e+001, 9.000000e+001
4.145359e+001, 9.000000e+001
4.107532e+001, 9.000000e+001
4.067793e+001, 9.000000e+001
4.026167e+001, 9.000000e+001
3.982684e+001, 9.000000e+001
3.937376e+001, 9.000000e+001
3.890278e+001, 9.000000e+001
3.841426e+001, 9.000000e+001
3.790861e+001, 9.000000e+001
3.738622e+001, 9.000000e+001
3.684754e+001, 9.000000e+001
3.629298e+001, 9.000000e+001
3.572300e+001, 9.000000e+001
3.513804e+001, 9.000000e+001
3.453854e+001, 9.000000e+001
3.392494e+001, 9.000000e+001
3.329766e+001, 9.000000e+001
3.265714e+001, 9.000000e+001
3.200376e+001, 9.000000e+001
3.133791e+001, 9.000000e+001
3.065995e+001, 9.000000e+001
2.997022e+001, 9.000000e+001
2.926902e+001, 9.000000e+001
2.855663e+001, 9.000000e+001
2.783330e+001, 9.000000e+001
2.709923e+001, 9.000000e+001
2.635461e+001, 9.000000e+001
2.559956e+001, 9.000000e+001
2.483419e+001, 9.000000e+001
2.405857e+001, 9.000000e+001
2.327272e+001, 9.000000e+001
2.247663e+001, 9.000000e+001
2.167025e+001, 9.000000e+001
2.085351e+001, 9.000000e+001
2.002628e+001, 9.000000e+001
1.918842e+001, 9.000000e+001
1.833976e+001, 9.000000e+001
1.748011e+001, 9.000000e+001
1.660924e+001, 9.000000e+001
1.572691e+001, 9.000000e+001
1.483287e+001, 9.000000e+001
1.392686e+001, 9.000000e+001
1.300862e+001, 9.000000e+001
1.207787e+001, 9.000000e+001
1.113436e+001, 9.000000e+001
1.017782e+001, 9.000000e+001
9.208016e+000, 9.000000e+001
8.224733e+000, 9.000000e+001
7.227774e+000, 9.000000e+001
6.216975e+000, 9.000000e+001
5.192206e+000, 9.000000e+001
4.153379e+000, 9.000001e+001
3.100451e+000, 9.000001e+001
2.033429e+000, 9.000001e+001
9.523737e-001, 9.000003e+001
1.425951e-001, 2.699998e+002
1.251296e+000, 2.700000e+002
2.373482e+000, 2.700000e+002
3.508838e+000, 2.700000e+002
4.656978e+000, 2.700000e+002
5.817443e+000, 2.700000e+002
6.989701e+000, 2.700000e+002
8.173143e+000, 2.700000e+002
9.367087e+000, 2.700000e+002
1.057077e+001, 2.700000e+002
1.178337e+001, 2.700000e+002
1.300397e+001, 2.700000e+002
1.423160e+001, 2.700000e+002
1.546520e+001, 2.700000e+002
1.670367e+001, 2.700000e+002
1.794584e+001, 2.700000e+002
1.919047e+001, 2.700000e+002
2.043626e+001, 2.700000e+002
2.168190e+001, 2.700000e+002
2.292600e+001, 2.700000e+002
2.416713e+001, 2.700000e+002
2.540386e+001, 2.700000e+002
2.663471e+001, 2.700000e+002
2.785819e+001, 2.700000e+002
2.907279e+001, 2.700000e+002
3.027701e+001, 2.700000e+002
3.146934e+001, 2.700000e+002
3.264827e+001, 2.700000e+002
3.381234e+001, 2.700000e+002
3.496009e+001, 2.700000e+002
3.609008e+001, 2.700000e+002
3.720094e+001, 2.700000e+002
3.829132e+001, 2.700000e+002
3.935994e+001, 2.700000e+002
4.040555e+001, 2.700000e+002
4.142700e+001, 2.700000e+002
4.242318e+001, 2.700000e+002
4.339306e+001, 2.700000e+002
4.433571e+001, 2.700000e+002
4.525027e+001, 2.700000e+002
4.613596e+001, 2.700000e+002
4.699211e+001, 2.700000e+002
4.781813e+001, 2.700000e+002
4.861355e+001, 2.700000e+002
4.937798e+001, 2.700000e+002
5.011114e+001, 2.700000e+002
5.081285e+001, 2.700000e+002
5.148304e+001, 2.700000e+002
5.212174e+001, 2.700000e+002
5.272909e+001, 2.700000e+002
5.330532e+001, 2.700000e+002
5.385078e+001, 2.700000e+002
5.436590e+001, 2.700000e+002
5.485123e+001, 2.700000e+002
5.530739e+001, 2.700000e+002
5.573511e+001, 2.700000e+002
5.613519e+001, 2.700000e+002
5.650853e+001, 2.700000e+002
5.685609e+001, 2.700000e+002
5.717893e+001, 2.700000e+002
5.747815e+001, 2.700000e+002
5.775492e+001, 2.700000e+002
5.801048e+001, 2.700000e+002
5.824610e+001, 2.700000e+002
5.846312e+001, 2.700000e+002
5.866288e+001, 2.700000e+002
5.884677e+001, 2.700000e+002
5.901622e+001, 2.700000e+002
5.917265e+001, 2.700000e+002
5.931749e+001, 2.700000e+002
5.945217e+001, 2.700000e+002
5.957815e+001, 2.700000e+002
5.969682e+001, 2.700000e+002
5.980959e+001, 2.700000e+002
5.991782e+001, 2.700000e+002
6.002286e+001, 2.700000e+002
6.012598e+001, 2.700000e+002
6.022845e+001, 2.700000e+002
6.033144e+001, 2.700000e+002
6.043608e+001, 2.700000e+002
6.054344e+001, 2.700000e+002
6.065450e+001, 2.700000e+002
6.077018e+001, 2.700000e+002
6.089130e+001, 2.700000e+002
6.101860e+001, 2.700000e+002
6.115273e+001, 2.700000e+002
6.129425e+001, 2.700000e+002
6.144361e+001, 2.700000e+002
6.160115e+001, 2.700000e+002
6.176714e+001, 2.700000e+002
6.194172e+001, 2.700000e+002
6.212492e+001, 2.700000e+002
6.231668e+001, 2.700000e+002
6.251681e+001, 2.700000e+002
6.272503e+001, 2.700000e+002
6.294095e+001, 2.700000e+002
6.316407e+001, 2.700000e+002
6.339378e+001, 2.700000e+002
6.362939e+001, 2.700000e+002
6.387009e+001, 2.700000e+002
6.411498e+001, 2.700000e+002
6.436308e+001, 2.700000e+002
6.461331e+001, 2.700000e+002
6.486450e+001, 2.700000e+002
6.511543e+001, 2.700000e+002
6.536478e+001, 2.700000e+002
6.561118e+001, 2.700000e+002
6.585319e+001, 2.700000e+002
6.608932e+001, 2.700000e+002
6.631804e+001, 2.700000e+002
6.653777e+001, 2.700000e+002
6.674690e+001, 2.700000e+002
6.694381e+001, 2.700000e+002
6.712683e+001, 2.700000e+002
6.729431e+001, 2.700000e+002
6.744459e+001, 2.700000e+002
6.757600e+001, 2.700000e+002
6.768690e+001, 2.700000e+002
6.777568e+001, 2.700000e+002
6.784072e+001, 2.700000e+002
6.788048e+001, 2.700000e+002
6.789343e+001, 2.700000e+002
6.787811e+001, 2.700000e+002
6.783311e+001, 2.700000e+002
6.775708e+001, 2.700000e+002
6.764875e+001, 2.700000e+002
6.750691e+001, 2.700000e+002
6.733045e+001, 2.700000e+002
6.711833e+001, 2.700000e+002
6.686961e+001, 2.700000e+002
6.658344e+001, 2.700000e+002
6.625909e+001, 2.700000e+002
6.589589e+001, 2.700000e+002
6.549333e+001, 2.700000e+002
6.505095e+001, 2.700000e+002
6.456845e+001, 2.700000e+002
6.404562e+001, 2.700000e+002
6.348235e+001, 2.700000e+002
6.287867e+001, 2.700000e+002
6.223470e+001, 2.700000e+002
6.155068e+001, 2.700000e+002
6.082696e+001, 2.700000e+002
6.006400e+001, 2.700000e+002
5.926235e+001, 2.700000e+002
5.842270e+001, 2.700000e+002
5.754579e+001, 2.700000e+002
5.663249e+001, 2.700000e+002
5.568376e+001, 2.700000e+002
5.470064e+001, 2.700000e+002
5.368425e+001, 2.700000e+002
5.263578e+001, 2.700000e+002
5.155651e+001, 2.700000e+002
5.044778e+001, 2.700000e+002
4.931097e+001, 2.700000e+002
4.814754e+001, 2.700000e+002
4.695896e+001, 2.700000e+002
4.574679e+001, 2.700000e+002
4.451257e+001, 2.700000e+002
4.325790e+001, 2.700000e+002
4.198438e+001, 2.700000e+002
4.069362e+001, 2.700000e+002
3.938725e+001, 2.700000e+002
3.806689e+001, 2.700000e+002
3.673413e+001, 2.700000e+002
3.539059e+001, 2.700000e+002
3.403781e+001, 2.700000e+002
3.267736e+001, 2.700000e+002
3.131072e+001, 2.700000e+002
2.993938e+001, 2.700000e+002
2.856476e+001, 2.700000e+002
2.718822e+001, 2.700000e+002
2.581110e+001, 2.700000e+002
2.443466e+001, 2.700000e+002
2.306010e+001, 2.700000e+002
2.168856e+001, 2.700000e+002
2.032113e+001, 2.700000e+002
1.895880e+001, 2.700000e+002
1.760253e+001, 2.700000e+002
1.625318e+001, 2.700000e+002
1.491156e+001, 2.700000e+002
1.357840e+001, 2.700000e+002
1.225435e+001, 2.700000e+002
1.094003e+001, 2.700000e+002
9.635948e+000, 2.700000e+002
8.342584e+000, 2.700000e+002
7.060338e+000, 2.700000e+002
5.789555e+000, 2.700000e+002
4.530525e+000, 2.700000e+002
3.283483e+000, 2.700000e+002
2.048618e+000, 2.700000e+002
8.260723e-001, 2.700000e+002
3.840518e-001, 9.000009e+001
1.581690e+000, 9.000002e+001
2.766808e+000, 9.000001e+001
3.939404e+000, 9.000001e+001
5.099494e+000, 9.000001e+001
6.247118e+000, 9.000001e+001
7.382329e+000, 9.000001e+001
8.505191e+000, 9.000001e+001
9.615773e+000, 9.000000e+001
1.071415e+001, 9.000000e+001
1.180039e+001, 9.000000e+001
1.287456e+001, 9.000000e+001
1.393672e+001, 9.000000e+001
1.498691e+001, 9.000000e+001
1.602518e+001, 9.000000e+001
1.705152e+001, 9.000000e+001
1.806595e+001, 9.000000e+001
1.906844e+001, 9.000000e+001
2.005894e+001, 9.000000e+001
2.103738e+001, 9.000000e+001
2.200368e+001, 9.000000e+001
2.295771e+001, 9.000000e+001
2.389934e+001, 9.000000e+001
2.482840e+001, 9.000000e+001
2.574470e+001, 9.000000e+001
2.664803e+001, 9.000000e+001
2.753816e+001, 9.000000e+001
2.841484e+001, 9.000000e+001
2.927780e+001, 9.000000e+001
3.012675e+001, 9.000000e+001
3.096140e+001, 9.000000e+001
3.178144e+001, 9.000000e+001
3.258654e+001, 9.000000e+001
3.337638e+001, 9.000000e+001
3.415065e+001, 9.000000e+001
3.490900e+001, 9.000000e+001
3.565113e+001, 9.000000e+001
3.637671e+001, 9.000000e+001
3.708544e+001, 9.000000e+001
3.777702e+001, 9.000000e+001
3.845118e+001, 9.000000e+001
3.910766e+001, 9.000000e+001
3.974621e+001, 9.000000e+001
4.036664e+001, 9.000000e+001
4.096875e+001, 9.000000e+001
4.155238e+001, 9.000000e+001
4.211741e+001, 9.000000e+001
4.266375e+001, 9.000000e+001
4.319133e+001, 9.000000e+001
4.370013e+001, 9.000000e+001
4.419018e+001, 9.000000e+001
4.466151e+001, 9.000000e+001
4.511423e+001, 9.000000e+001
4.554847e+001, 9.000000e+001
4.596439e+001, 9.000000e+001
4.636220e+001, 9.000000e+001
4.674216e+001, 9.000000e+001
4.710454e+001, 9.000000e+001
4.744966e+001, 9.000000e+001
4.777789e+001, 9.000000e+001
4.808961e+001, 9.000000e+001
4.838524e+001, 9.000000e+001
4.866523e+001, 9.000000e+001
4.893005e+001, 9.000000e+001
4.918022e+001, 9.000000e+001
4.941626e+001, 9.000000e+001
4.963870e+001, 9.000000e+001
4.984810e+001, 9.000000e+001
5.004505e+001, 9.000000e+001
5.023013e+001, 9.000000e+001
5.040392e+001, 9.000000e+001
5.056702e+001, 9.000000e+001
5.072002e+001, 9.000000e+001
5.086353e+001, 9.000000e+001
5.099812e+001, 9.000000e+001
5.112438e+001, 9.000000e+001
5.124288e+001, 9.000000e+001
5.135417e+001, 9.000000e+001
5.145877e+001, 9.000000e+001
5.155721e+001, 9.000000e+001
5.164998e+001, 9.000000e+001
5.173755e+001, 9.000000e+001
5.182034e+001, 9.000000e+001
5.189876e+001, 9.000000e+001
5.197319e+001, 9.000000e+001
5.204397e+001, 9.000000e+001
5.211140e+001, 9.000000e+001
5.217575e+001, 9.000000e+001
5.223723e+001, 9.000000e+001
5.229604e+001, 9.000000e+001
5.235233e+001, 9.000000e+001
5.240618e+001, 9.000000e+001
5.245768e+001, 9.000000e+001
5.250683e+001, 9.000000e+001
5.255361e+001, 9.000000e+001
5.259797e+001, 9.000000e+001
5.263979e+001, 9.000000e+001
5.267894e+001, 9.000000e+001
5.271523e+001, 9.000000e+001
5.274844e+001, 9.000000e+001
5.277831e+001, 9.000000e+001
5.280456e+001, 9.000000e+001
5.282687e+001, 9.000000e+001
5.284489e+001, 9.000000e+001
5.285824e+001, 9.000000e+001
5.286652e+001, 9.000000e+001
5.286930e+001, 9.000000e+001
5.286616e+001, 9.000000e+001
5.285664e+001, 9.000000e+001
5.284027e+001, 9.000000e+001
5.281657e+001, 9.000000e+001
5.278508e+001, 9.000000e+001
5.274532e+001, 9.000000e+001
5.269681e+001, 9.000000e+001
5.263910e+001, 9.000000e+001
5.257171e+001, 9.000000e+001
5.249422e+001, 9.000000e+001
5.240621e+001, 9.000000e+001
5.230727e+001, 9.000000e+001
5.219704e+001, 9.000000e+001
5.207516e+001, 9.000000e+001
5.194133e+001, 9.000000e+001
5.179527e+001, 9.000000e+001
5.163675e+001, 9.000000e+001
5.146556e+001, 9.000000e+001
5.128155e+001, 9.000000e+001
5.108461e+001, 9.000000e+001
5.087468e+001, 9.000000e+001
5.065175e+001, 9.000000e+001
5.041583e+001, 9.000000e+001
5.016703e+001, 9.000000e+001
4.990546e+001, 9.000000e+001
4.963132e+001, 9.000000e+001
4.934483e+001, 9.000000e+001
4.904627e+001, 9.000000e+001
4.873597e+001, 9.000000e+001
4.841430e+001, 9.000000e+001
4.808167e+001, 9.000000e+001
4.773855e+001, 9.000000e+001
4.738542e+001, 9.000000e+001
4.702282e+001, 9.000000e+001
4.665132e+001, 9.000000e+001
4.627151e+001, 9.000000e+001
4.588400e+001, 9.000000e+001
4.548944e+001, 9.000000e+001
4.508849e+001, 9.000000e+001
4.468183e+001, 9.000000e+001
4.427014e+001, 9.000000e+001
4.385410e+001, 9.000000e+001
4.343441e+001, 9.000000e+001
4.301176e+001, 9.000000e+001
4.258682e+001, 9.000000e+001
4.216027e+001, 9.000000e+001
4.173276e+001, 9.000000e+001
4.130492e+001, 9.000000e+001
4.087736e+001, 9.000000e+001
4.045067e+001, 9.000000e+001
4.002540e+001, 9.000000e+001
3.960207e+001, 9.000000e+001
3.918116e+001, 9.000000e+001
3.876312e+001, 9.000000e+001
3.834834e+001, 9.000000e+001
3.793719e+001, 9.000000e+001
3.752999e+001, 9.000000e+001
3.712699e+001, 9.000000e+001
3.672843e+001, 9.000000e+001
3.633447e+001, 9.000000e+001
3.594525e+001, 9.000000e+001
3.556083e+001, 9.000000e+001
3.518124e+001, 9.000000e+001
3.480648e+001, 9.000000e+001
3.443648e+001, 9.000000e+001
3.407113e+001, 9.000000e+001
3.371028e+001, 9.000000e+001
3.335375e+001, 9.000000e+001
3.300132e+001, 9.000000e+001
3.265271e+001, 9.000000e+001
3.230765e+001, 9.000000e+001
3.196580e+001, 9.000000e+001
3.162683e+001, 9.000000e+001
3.129036e+001, 9.000000e+001
3.095601e+001, 9.000000e+001
3.062338e+001, 9.000000e+001
3.029206e+001, 9.000000e+001
2.996163e+001, 9.000000e+001
2.963167e+001, 9.000000e+001
2.930177e+001, 9.000000e+001
2.897150e+001, 9.000000e+001
2.864047e+001, 9.000000e+001
2.830829e+001, 9.000000e+001
2.797458e+001, 9.000000e+001
2.763900e+001, 9.000000e+001
2.730120e+001, 9.000000e+001
2.696090e+001, 9.000000e+001
2.661783e+001, 9.000000e+001
2.627174e+001, 9.000000e+001
2.592243e+001, 9.000000e+001
2.556975e+001, 9.000000e+001
2.521356e+001, 9.000000e+001
2.485380e+001, 9.000000e+001
2.449041e+001, 9.000000e+001
2.412341e+001, 9.000000e+001
2.375285e+001, 9.000000e+001
2.337883e+001, 9.000000e+001
2.300148e+001, 9.000000e+001
2.262101e+001, 9.000000e+001
2.223764e+001, 9.000000e+001
2.185165e+001, 9.000000e+001
2.146336e+001, 9.000000e+001
2.107314e+001, 9.000000e+001
2.068137e+001, 9.000000e+001
2.028851e+001, 9.000000e+001
1.989501e+001, 9.000000e+001
1.950139e+001, 9.000000e+001
1.910817e+001, 9.000000e+001
1.871592e+001, 9.000000e+001
1.832520e+001, 9.000000e+001
1.793662e+001, 9.000000e+001
1.755079e+001, 9.000000e+001
1.716832e+001, 9.000000e+001
1.678986e+001, 9.000000e+001
1.641602e+001, 9.000000e+001
1.604743e+001, 9.000000e+001
1.568472e+001, 9.000000e+001
1.532849e+001, 9.000000e+001
1.497935e+001, 9.000000e+001
1.463786e+001, 9.000000e+001
1.430459e+001, 9.000000e+001
1.398005e+001, 9.000000e+001
1.366475e+001, 9.000000e+001
1.335915e+001, 9.000000e+001
1.306366e+001, 9.000000e+001
1.277868e+001, 9.000000e+001
1.250453e+001, 9.000000e+001
1.224150e+001, 9.000000e+001
1.198985e+001, 9.000000e+001
1.174975e+001, 9.000000e+001
1.152133e+001, 9.000000e+001
1.130469e+001, 9.000000e+001
1.109983e+001, 9.000000e+001
1.090672e+001, 9.000000e+001
1.072528e+001, 9.000000e+001
1.055534e+001, 9.000000e+001
1.039670e+001, 9.000000e+001
1.024909e+001, 9.000000e+001
1.011219e+001, 9.000000e+001
9.985614e+000, 9.000000e+001
9.868933e+000, 9.000000e+001
9.761664e+000, 9.000000e+001
9.663275e+000, 9.000000e+001
9.573188e+000, 9.000000e+001
9.490784e+000, 9.000000e+001
9.415402e+000, 9.000000e+001
9.346346e+000, 9.000000e+001
9.282891e+000, 9.000000e+001
9.224282e+000, 9.000001e+001
9.169743e+000, 9.000001e+001
9.118476e+000, 9.000001e+001
9.069675e+000, 9.000001e+001
9.022521e+000, 9.000001e+001
8.976194e+000, 9.000001e+001
8.929873e+000, 9.000001e+001
8.882747e+000, 9.000001e+001
8.834013e+000, 9.000001e+001
8.782887e+000, 9.000001e+001
8.728604e+000, 9.000001e+001
8.670428e+000, 9.000001e+001
8.607651e+000, 9.000001e+001
8.539603e+000, 9.000001e+001
8.465651e+000, 9.000001e+001
8.385206e+000, 9.000001e+001
8.297727e+000, 9.000001e+001
8.202723e+000, 9.000001e+001
8.099755e+000, 9.000001e+001
7.988443e+000, 9.000001e+001
7.868462e+000, 9.000001e+001
7.739552e+000, 9.000001e+001
7.601510e+000, 9.000001e+001
7.454200e+000, 9.000001e+001
7.297549e+000, 9.000001e+001
7.131548e+000, 9.000001e+001
6.956253e+000, 9.000001e+001
6.771783e+000, 9.000001e+001
6.578322e+000, 9.000001e+001
6.376115e+000, 9.000001e+001
6.165468e+000, 9.000001e+001
5.946746e+000, 9.000001e+001
5.720370e+000, 9.000001e+001
5.486815e+000, 9.000001e+001
5.246608e+000, 9.000001e+001
5.000324e+000, 9.000001e+001
4.748582e+000, 9.000002e+001
4.492045e+000, 9.000002e+001
4.231412e+000, 9.000002e+001
3.967416e+000, 9.000002e+001
3.700821e+000, 9.000002e+001
3.432416e+000, 9.000002e+001
3.163014e+000, 9.000002e+001
2.893442e+000, 9.000003e+001
2.624545e+000, 9.000003e+001
2.357174e+000, 9.000003e+001
2.092188e+000, 9.000004e+001
1.830445e+000, 9.000004e+001
1.572802e+000, 9.000005e+001
1.320109e+000, 9.000006e+001
1.073204e+000, 9.000007e+001
8.329124e-001, 9.000009e+001
6.000424e-001, 9.000013e+001
3.753803e-001, 9.000020e+001
1.596890e-001, 9.000048e+001
4.629579e-002, 2.699983e+002
2.418679e-001, 2.699997e+002
4.263535e-001, 2.699998e+002
5.991131e-001, 2.699999e+002
7.595439e-001, 2.699999e+002
9.070814e-001, 2.699999e+002
1.041201e+000, 2.699999e+002
1.161421e+000, 2.699999e+002
1.267300e+000, 2.699999e+002
1.358442e+000, 2.699999e+002
1.434494e+000, 2.699999e+002
1.495150e+000, 2.700000e+002
1.540147e+000, 2.700000e+002
1.569267e+000, 2.700000e+002
1.582340e+000, 2.700000e+002
1.579238e+000, 2.700000e+002
1.559878e+000, 2.700000e+002
1.524221e+000, 2.700000e+002
1.472272e+000, 2.700000e+002
1.404075e+000, 2.700000e+002
1.319718e+000, 2.700000e+002
1.219326e+000, 2.699999e+002
1.103064e+000, 2.699999e+002
9.711324e-001, 2.699999e+002
8.237682e-001, 2.699999e+002
6.612406e-001, 2.699999e+002
4.838515e-001, 2.699999e+002
2.919323e-001, 2.699998e+002
8.584315e-002, 2.699994e+002
1.340295e-001, 9.000040e+001
3.672746e-001, 9.000014e+001
6.134581e-001, 9.000008e+001
8.721250e-001, 9.000006e+001
1.142801e+000, 9.000004e+001
2.976712e+001, 9.000000e+001
2.952603e+001, 9.000000e+001
2.928545e+001, 9.000000e+001
2.904562e+001, 9.000000e+001
2.880677e+001, 9.000000e+001
2.856907e+001, 9.000000e+001
2.833267e+001, 9.000000e+001
2.809770e+001, 9.000000e+001
2.786425e+001, 9.000000e+001
2.763238e+001, 9.000000e+001
2.740212e+001, 9.000000e+001
2.717349e+001, 9.000000e+001
2.694649e+001, 9.000000e+001
2.672108e+001, 9.000000e+001
2.649722e+001, 9.000000e+001
2.627483e+001, 9.000000e+001
2.605385e+001, 9.000000e+001
2.583418e+001, 9.000000e+001
2.561572e+001, 9.000000e+001
2.539834e+001, 9.000000e+001
2.518194e+001, 9.000000e+001
2.496637e+001, 9.000000e+001
2.475152e+001, 9.000000e+001
2.453723e+001, 9.000000e+001
2.432337e+001, 9.000000e+001
2.410979e+001, 9.000000e+001
2.389635e+001, 9.000000e+001
2.368291e+001, 9.000000e+001
2.346931e+001, 9.000000e+001
2.325542e+001, 9.000000e+001
2.304110e+001, 9.000000e+001
2.282620e+001, 9.000000e+001
2.261058e+001, 9.000000e+001
2.239411e+001, 9.000000e+001
2.217664e+001, 9.000000e+001
2.195805e+001, 9.000000e+001
2.173821e+001, 9.000000e+001
2.151696e+001, 9.000000e+001
2.129420e+001, 9.000000e+001
2.106977e+001, 9.000000e+001
2.084355e+001, 9.000000e+001
2.061541e+001, 9.000000e+001
2.038521e+001, 9.000000e+001
2.015282e+001, 9.000000e+001
1.991809e+001, 9.000000e+001
1.968088e+001, 9.000000e+001
1.944105e+001, 9.000000e+001
1.919846e+001, 9.000000e+001
1.895295e+001, 9.000000e+001
1.870437e+001, 9.000000e+001
1.845257e+001, 9.000000e+001
1.819738e+001, 9.000000e+001
1.793865e+001, 9.000000e+001
1.767622e+001, 9.000000e+001
1.740991e+001, 9.000000e+001
1.713957e+001, 9.000000e+001
1.686503e+001, 9.000000e+001
1.658614e+001, 9.000000e+001
1.630273e+001, 9.000000e+001
1.601465e+001, 9.000000e+001
1.572175e+001, 9.000000e+001
1.542389e+001, 9.000000e+001
1.512095e+001, 9.000000e+001
1.481281e+001, 9.000000e+001
1.449936e+001, 9.000000e+001
1.418052e+001, 9.000000e+001
1.385621e+001, 9.000000e+001
1.352640e+001, 9.000000e+001
1.319105e+001, 9.000000e+001
1.285018e+001, 9.000000e+001
1.250381e+001, 9.000000e+001
1.215202e+001, 9.000000e+001
1.179488e+001, 9.000000e+001
1.143255e+001, 9.000000e+001
1.106520e+001, 9.000000e+001
1.069304e+001, 9.000000e+001
1.031634e+001, 9.000000e+001
9.935403e+000, 9.000000e+001
9.550585e+000, 9.000000e+001
9.162296e+000, 9.000000e+001
8.770997e+000, 9.000000e+001
8.377202e+000, 9.000000e+001
7.981482e+000, 9.000000e+001
7.584467e+000, 9.000000e+001
7.186842e+000, 9.000000e+001
6.789354e+000, 9.000000e+001
6.392807e+000, 9.000000e+001
5.998067e+000, 9.000000e+001
5.606057e+000, 9.000000e+001
5.217761e+000, 9.000000e+001
4.834222e+000, 9.000000e+001
4.456541e+000, 9.000000e+001
4.085873e+000, 9.000000e+001
3.723430e+000, 9.000000e+001
3.370477e+000, 9.000000e+001
3.028330e+000, 9.000000e+001
2.698352e+000, 9.000000e+001
2.381954e+000, 9.000000e+001
2.080588e+000, 9.000000e+001
1.795747e+000, 9.000000e+001
1.528957e+000, 9.000000e+001
1.281781e+000, 9.000001e+001
1.055806e+000, 9.000001e+001
8.526466e-001, 9.000001e+001
6.739345e-001, 9.000002e+001
5.213186e-001, 9.000003e+001
3.964580e-001, 9.000004e+001
3.010183e-001, 9.000005e+001
2.366661e-001, 9.000007e+001
2.050648e-001, 9.000009e+001
2.078694e-001, 9.000010e+001
2.467215e-001, 9.000009e+001
3.232450e-001, 9.000007e+001
4.390404e-001, 9.000005e+001
5.956809e-001, 9.000004e+001
7.947073e-001, 9.000003e+001
1.037623e+000, 9.000003e+001
1.325892e+000, 9.000002e+001
1.660929e+000, 9.000002e+001
2.044103e+000, 9.000002e+001
2.476727e+000, 9.000001e+001
2.960057e+000, 9.000001e+001
3.495290e+000, 9.000001e+001
4.083556e+000, 9.000001e+001
4.725919e+000, 9.000001e+001
5.423374e+000, 9.000001e+001
6.176843e+000, 9.000001e+001
6.987173e+000, 9.000001e+001
7.855135e+000, 9.000001e+001
8.781420e+000, 9.000001e+001
9.766639e+000, 9.000001e+001
1.081132e+001, 9.000000e+001
1.191592e+001, 9.000000e+001
1.308079e+001, 9.000000e+001
1.430622e+001, 9.000000e+001
1.559239e+001, 9.000000e+001
1.693943e+001, 9.000000e+001
1.834736e+001, 9.000000e+001
1.981611e+001, 9.000000e+001
2.134554e+001, 9.000000e+001
2.293542e+001, 9.000000e+001
2.458543e+001, 9.000000e+001
2.629519e+001, 9.000000e+001
2.806420e+001, 9.000000e+001
2.989189e+001, 9.000000e+001
3.177763e+001, 9.000000e+001
3.372068e+001, 9.000000e+001
3.572022e+001, 9.000000e+001
3.777536e+001, 9.000000e+001
3.988513e+001, 9.000000e+001
4.204846e+001, 9.000000e+001
4.426422e+001, 9.000000e+001
4.653118e+001, 9.000000e+001
4.884805e+001, 9.000000e+001
5.121344e+001, 9.000000e+001
5.362588e+001, 9.000000e+001
5.608382e+001, 9.000000e+001
5.858564e+001, 9.000000e+001
6.112962e+001, 9.000000e+001
6.371394e+001, 9.000000e+001
6.633674e+001, 9.000000e+001
6.899602e+001, 9.000000e+001
7.168973e+001, 9.000000e+001
7.441572e+001, 9.000000e+001
7.717173e+001, 9.000000e+001
7.995543e+001, 9.000000e+001
8.276439e+001, 9.000000e+001
8.559608e+001, 9.000000e+001
8.844786e+001, 9.000000e+001
9.131702e+001, 9.000000e+001
9.420073e+001, 9.000000e+001
9.709607e+001, 9.000000e+001
1.000000e+002, 9.000000e+001
##END
