##TITLE= Pf1-6t0-0h2108
##JCAMP-DX= 5.00 Bruker JCAMP library
##DATA TYPE= Shape Data
##ORIGIN= Bruker BioSpin GmbH
##OWNER= <Alexej Jerschow>
##DATE= 2009/01/20
##TIME= 17:07:50
##$SHAPE_PARAMETERS= 
##MINX= 1.268490e-002
##MAXX= 1.000000e+002
##MINY= 8.999750e+001
##MAXY= 2.700002e+002
##$SHAPE_EXMODE= 
##$SHAPE_TOTROT= 
##$SHAPE_TYPE= 
##$SHAPE_USER_DEF= 
##$SHAPE_REPHFAC= 
##$SHAPE_BWFAC= 
##$SHAPE_BWFAC50= 
##$SHAPE_INTEGFAC= 
##$SHAPE_MODE= 
##NPOINTS= 1000
##XYPOINTS= (XY..XY)
4.857039e+000, 9.000000e+001
3.615313e+000, 9.000000e+001
2.340801e+000, 9.000000e+001
1.034477e+000, 8.999999e+001
3.025450e-001, 2.700000e+002
1.669008e+000, 2.700000e+002
3.063508e+000, 2.700000e+002
4.484495e+000, 2.700000e+002
5.930272e+000, 2.700000e+002
7.398996e+000, 2.700000e+002
8.888682e+000, 2.700000e+002
1.039720e+001, 2.700000e+002
1.192229e+001, 2.700000e+002
1.346155e+001, 2.700000e+002
1.501247e+001, 2.700000e+002
1.657239e+001, 2.700000e+002
1.813858e+001, 2.700000e+002
1.970817e+001, 2.700000e+002
2.127821e+001, 2.700000e+002
2.284568e+001, 2.700000e+002
2.440747e+001, 2.700000e+002
2.596041e+001, 2.700000e+002
2.750130e+001, 2.700000e+002
2.902689e+001, 2.700000e+002
3.053391e+001, 2.700000e+002
3.201907e+001, 2.700000e+002
3.347911e+001, 2.700000e+002
3.491076e+001, 2.700000e+002
3.631079e+001, 2.700000e+002
3.767604e+001, 2.700000e+002
3.900337e+001, 2.700000e+002
4.028973e+001, 2.700000e+002
4.153216e+001, 2.700000e+002
4.272778e+001, 2.700000e+002
4.387384e+001, 2.700000e+002
4.496768e+001, 2.700000e+002
4.600680e+001, 2.700000e+002
4.698883e+001, 2.700000e+002
4.791153e+001, 2.700000e+002
4.877284e+001, 2.700000e+002
4.957087e+001, 2.700000e+002
5.030386e+001, 2.700000e+002
5.097028e+001, 2.700000e+002
5.156873e+001, 2.700000e+002
5.209803e+001, 2.700000e+002
5.255717e+001, 2.700000e+002
5.294533e+001, 2.700000e+002
5.326187e+001, 2.700000e+002
5.350634e+001, 2.700000e+002
5.367849e+001, 2.700000e+002
5.377823e+001, 2.700000e+002
5.380566e+001, 2.700000e+002
5.376106e+001, 2.700000e+002
5.364486e+001, 2.700000e+002
5.345768e+001, 2.700000e+002
5.320029e+001, 2.700000e+002
5.287358e+001, 2.700000e+002
5.247862e+001, 2.700000e+002
5.201661e+001, 2.700000e+002
5.148884e+001, 2.700000e+002
5.089675e+001, 2.700000e+002
5.024188e+001, 2.700000e+002
4.952586e+001, 2.700000e+002
4.875041e+001, 2.700000e+002
4.791731e+001, 2.700000e+002
4.702843e+001, 2.700000e+002
4.608569e+001, 2.700000e+002
4.509105e+001, 2.700000e+002
4.404649e+001, 2.700000e+002
4.295406e+001, 2.700000e+002
4.181579e+001, 2.700000e+002
4.063373e+001, 2.700000e+002
3.940992e+001, 2.700000e+002
3.814642e+001, 2.700000e+002
3.684525e+001, 2.700000e+002
3.550841e+001, 2.700000e+002
3.413787e+001, 2.700000e+002
3.273557e+001, 2.700000e+002
3.130341e+001, 2.700000e+002
2.984325e+001, 2.700000e+002
2.835689e+001, 2.700000e+002
2.684610e+001, 2.700000e+002
2.531256e+001, 2.700000e+002
2.375793e+001, 2.700000e+002
2.218380e+001, 2.700000e+002
2.059172e+001, 2.700000e+002
1.898316e+001, 2.700000e+002
1.735956e+001, 2.700000e+002
1.572230e+001, 2.700000e+002
1.407271e+001, 2.700000e+002
1.241209e+001, 2.700000e+002
1.074169e+001, 2.700000e+002
9.062723e+000, 2.700000e+002
7.376381e+000, 2.700000e+002
5.683829e+000, 2.700000e+002
3.986218e+000, 2.700000e+002
2.284685e+000, 2.699999e+002
5.803668e-001, 2.699998e+002
1.125597e+000, 9.000012e+001
2.832054e+000, 9.000005e+001
4.537836e+000, 9.000003e+001
6.241745e+000, 9.000002e+001
7.942552e+000, 9.000002e+001
9.638983e+000, 9.000001e+001
1.132972e+001, 9.000001e+001
1.301339e+001, 9.000001e+001
1.468854e+001, 9.000001e+001
1.635369e+001, 9.000001e+001
1.800724e+001, 9.000001e+001
1.964753e+001, 9.000001e+001
2.127283e+001, 9.000001e+001
2.288131e+001, 9.000001e+001
2.447103e+001, 9.000001e+001
2.603999e+001, 9.000001e+001
2.758608e+001, 9.000001e+001
2.910709e+001, 9.000000e+001
3.060072e+001, 9.000000e+001
3.206457e+001, 9.000000e+001
3.349616e+001, 9.000000e+001
3.489290e+001, 9.000000e+001
3.625215e+001, 9.000000e+001
3.757115e+001, 9.000000e+001
3.884710e+001, 9.000000e+001
4.007711e+001, 9.000000e+001
4.125824e+001, 9.000000e+001
4.238752e+001, 9.000000e+001
4.346191e+001, 9.000000e+001
4.447836e+001, 9.000000e+001
4.543381e+001, 9.000000e+001
4.632519e+001, 9.000000e+001
4.714945e+001, 9.000000e+001
4.790356e+001, 9.000000e+001
4.858452e+001, 9.000000e+001
4.918940e+001, 9.000000e+001
4.971535e+001, 9.000000e+001
5.015959e+001, 9.000000e+001
5.051947e+001, 9.000000e+001
5.079242e+001, 9.000000e+001
5.097604e+001, 9.000000e+001
5.106809e+001, 9.000000e+001
5.106647e+001, 9.000000e+001
5.096929e+001, 9.000000e+001
5.077484e+001, 9.000000e+001
5.048166e+001, 9.000000e+001
5.008847e+001, 9.000000e+001
4.959428e+001, 9.000000e+001
4.899832e+001, 9.000000e+001
4.830009e+001, 9.000000e+001
4.749939e+001, 9.000000e+001
4.659626e+001, 9.000000e+001
4.559105e+001, 9.000000e+001
4.448443e+001, 9.000000e+001
4.327732e+001, 9.000000e+001
4.197097e+001, 9.000000e+001
4.056694e+001, 9.000000e+001
3.906707e+001, 9.000000e+001
3.747352e+001, 9.000000e+001
3.578873e+001, 9.000000e+001
3.401542e+001, 9.000000e+001
3.215664e+001, 9.000000e+001
3.021565e+001, 9.000000e+001
2.819603e+001, 9.000000e+001
2.610159e+001, 9.000000e+001
2.393637e+001, 9.000000e+001
2.170466e+001, 9.000000e+001
1.941094e+001, 9.000000e+001
1.705989e+001, 9.000000e+001
1.465637e+001, 9.000000e+001
1.220541e+001, 9.000000e+001
9.712153e+000, 9.000000e+001
7.181882e+000, 9.000000e+001
4.619973e+000, 9.000000e+001
2.031883e+000, 9.000000e+001
5.768727e-001, 2.700000e+002
3.200743e+000, 2.700000e+002
5.834158e+000, 2.700000e+002
8.471554e+000, 2.700000e+002
1.110739e+001, 2.700000e+002
1.373617e+001, 2.700000e+002
1.635247e+001, 2.700000e+002
1.895094e+001, 2.700000e+002
2.152633e+001, 2.700000e+002
2.407352e+001, 2.700000e+002
2.658752e+001, 2.700000e+002
2.906350e+001, 2.700000e+002
3.149679e+001, 2.700000e+002
3.388290e+001, 2.700000e+002
3.621753e+001, 2.700000e+002
3.849660e+001, 2.700000e+002
4.071624e+001, 2.700000e+002
4.287278e+001, 2.700000e+002
4.496282e+001, 2.700000e+002
4.698318e+001, 2.700000e+002
4.893090e+001, 2.700000e+002
5.080331e+001, 2.700000e+002
5.259795e+001, 2.700000e+002
5.431263e+001, 2.700000e+002
5.594541e+001, 2.700000e+002
5.749459e+001, 2.700000e+002
5.895871e+001, 2.700000e+002
6.033658e+001, 2.700000e+002
6.162721e+001, 2.700000e+002
6.282985e+001, 2.700000e+002
6.394400e+001, 2.700000e+002
6.496935e+001, 2.700000e+002
6.590579e+001, 2.700000e+002
6.675344e+001, 2.700000e+002
6.751257e+001, 2.700000e+002
6.818365e+001, 2.700000e+002
6.876731e+001, 2.700000e+002
6.926433e+001, 2.700000e+002
6.967562e+001, 2.700000e+002
7.000224e+001, 2.700000e+002
7.024534e+001, 2.700000e+002
7.040618e+001, 2.700000e+002
7.048612e+001, 2.700000e+002
7.048657e+001, 2.700000e+002
7.040903e+001, 2.700000e+002
7.025502e+001, 2.700000e+002
7.002612e+001, 2.700000e+002
6.972392e+001, 2.700000e+002
6.935003e+001, 2.700000e+002
6.890606e+001, 2.700000e+002
6.839360e+001, 2.700000e+002
6.781424e+001, 2.700000e+002
6.716954e+001, 2.700000e+002
6.646100e+001, 2.700000e+002
6.569010e+001, 2.700000e+002
6.485827e+001, 2.700000e+002
6.396687e+001, 2.700000e+002
6.301722e+001, 2.700000e+002
6.201055e+001, 2.700000e+002
6.094806e+001, 2.700000e+002
5.983085e+001, 2.700000e+002
5.865997e+001, 2.700000e+002
5.743640e+001, 2.700000e+002
5.616106e+001, 2.700000e+002
5.483480e+001, 2.700000e+002
5.345842e+001, 2.700000e+002
5.203266e+001, 2.700000e+002
5.055823e+001, 2.700000e+002
4.903578e+001, 2.700000e+002
4.746595e+001, 2.700000e+002
4.584932e+001, 2.700000e+002
4.418649e+001, 2.700000e+002
4.247805e+001, 2.700000e+002
4.072458e+001, 2.700000e+002
3.892669e+001, 2.700000e+002
3.708500e+001, 2.700000e+002
3.520019e+001, 2.700000e+002
3.327297e+001, 2.700000e+002
3.130414e+001, 2.700000e+002
2.929454e+001, 2.700000e+002
2.724511e+001, 2.700000e+002
2.515689e+001, 2.700000e+002
2.303104e+001, 2.700000e+002
2.086880e+001, 2.700000e+002
1.867157e+001, 2.700000e+002
1.644088e+001, 2.700000e+002
1.417840e+001, 2.700000e+002
1.188598e+001, 2.700000e+002
9.565594e+000, 2.700000e+002
7.219415e+000, 2.700000e+002
4.849776e+000, 2.700000e+002
2.459192e+000, 2.700000e+002
5.035857e-002, 2.699992e+002
2.373846e+000, 9.000002e+001
4.810359e+000, 9.000001e+001
7.255936e+000, 9.000001e+001
9.707153e+000, 9.000000e+001
1.216041e+001, 9.000000e+001
1.461192e+001, 9.000000e+001
1.705776e+001, 9.000000e+001
1.949382e+001, 9.000000e+001
2.191586e+001, 9.000000e+001
2.431948e+001, 9.000000e+001
2.670018e+001, 9.000000e+001
2.905333e+001, 9.000000e+001
3.137420e+001, 9.000000e+001
3.365797e+001, 9.000000e+001
3.589978e+001, 9.000000e+001
3.809468e+001, 9.000000e+001
4.023772e+001, 9.000000e+001
4.232393e+001, 9.000000e+001
4.434834e+001, 9.000000e+001
4.630602e+001, 9.000000e+001
4.819207e+001, 9.000000e+001
5.000169e+001, 9.000000e+001
5.173015e+001, 9.000000e+001
5.337285e+001, 9.000000e+001
5.492532e+001, 9.000000e+001
5.638325e+001, 9.000000e+001
5.774250e+001, 9.000000e+001
5.899915e+001, 9.000000e+001
6.014948e+001, 9.000000e+001
6.119004e+001, 9.000000e+001
6.211760e+001, 9.000000e+001
6.292923e+001, 9.000000e+001
6.362228e+001, 9.000000e+001
6.419442e+001, 9.000000e+001
6.464362e+001, 9.000000e+001
6.496819e+001, 9.000000e+001
6.516678e+001, 9.000000e+001
6.523840e+001, 9.000000e+001
6.518238e+001, 9.000000e+001
6.499846e+001, 9.000000e+001
6.468669e+001, 9.000000e+001
6.424752e+001, 9.000000e+001
6.368176e+001, 9.000000e+001
6.299055e+001, 9.000000e+001
6.217542e+001, 9.000000e+001
6.123823e+001, 9.000000e+001
6.018116e+001, 9.000000e+001
5.900677e+001, 9.000000e+001
5.771789e+001, 9.000000e+001
5.631767e+001, 9.000000e+001
5.480956e+001, 9.000000e+001
5.319727e+001, 9.000000e+001
5.148477e+001, 9.000000e+001
4.967628e+001, 9.000000e+001
4.777622e+001, 9.000000e+001
4.578923e+001, 9.000000e+001
4.372011e+001, 9.000000e+001
4.157383e+001, 9.000000e+001
3.935549e+001, 9.000000e+001
3.707031e+001, 9.000000e+001
3.472360e+001, 9.000000e+001
3.232074e+001, 9.000000e+001
2.986717e+001, 9.000000e+001
2.736834e+001, 9.000000e+001
2.482972e+001, 9.000000e+001
2.225677e+001, 9.000000e+001
1.965491e+001, 9.000000e+001
1.702950e+001, 9.000000e+001
1.438586e+001, 9.000000e+001
1.172919e+001, 9.000000e+001
9.064599e+000, 9.000001e+001
6.397080e+000, 9.000001e+001
3.731489e+000, 9.000001e+001
1.072535e+000, 9.000004e+001
1.575231e+000, 2.700000e+002
4.207427e+000, 2.700000e+002
6.819851e+000, 2.700000e+002
9.408487e+000, 2.700000e+002
1.196951e+001, 2.700000e+002
1.449931e+001, 2.700000e+002
1.699446e+001, 2.700000e+002
1.945175e+001, 2.700000e+002
2.186818e+001, 2.700000e+002
2.424097e+001, 2.700000e+002
2.656752e+001, 2.700000e+002
2.884546e+001, 2.700000e+002
3.107263e+001, 2.700000e+002
3.324705e+001, 2.700000e+002
3.536694e+001, 2.700000e+002
3.743073e+001, 2.700000e+002
3.943699e+001, 2.700000e+002
4.138451e+001, 2.700000e+002
4.327221e+001, 2.700000e+002
4.509917e+001, 2.700000e+002
4.686464e+001, 2.700000e+002
4.856798e+001, 2.700000e+002
5.020866e+001, 2.700000e+002
5.178630e+001, 2.700000e+002
5.330058e+001, 2.700000e+002
5.475128e+001, 2.700000e+002
5.613827e+001, 2.700000e+002
5.746146e+001, 2.700000e+002
5.872080e+001, 2.700000e+002
5.991630e+001, 2.700000e+002
6.104798e+001, 2.700000e+002
6.211588e+001, 2.700000e+002
6.312003e+001, 2.700000e+002
6.406046e+001, 2.700000e+002
6.493717e+001, 2.700000e+002
6.575014e+001, 2.700000e+002
6.649930e+001, 2.700000e+002
6.718455e+001, 2.700000e+002
6.780572e+001, 2.700000e+002
6.836260e+001, 2.700000e+002
6.885490e+001, 2.700000e+002
6.928227e+001, 2.700000e+002
6.964429e+001, 2.700000e+002
6.994047e+001, 2.700000e+002
7.017025e+001, 2.700000e+002
7.033300e+001, 2.700000e+002
7.042801e+001, 2.700000e+002
7.045453e+001, 2.700000e+002
7.041172e+001, 2.700000e+002
7.029872e+001, 2.700000e+002
7.011459e+001, 2.700000e+002
6.985837e+001, 2.700000e+002
6.952907e+001, 2.700000e+002
6.912566e+001, 2.700000e+002
6.864713e+001, 2.700000e+002
6.809245e+001, 2.700000e+002
6.746061e+001, 2.700000e+002
6.675061e+001, 2.700000e+002
6.596153e+001, 2.700000e+002
6.509245e+001, 2.700000e+002
6.414257e+001, 2.700000e+002
6.311112e+001, 2.700000e+002
6.199746e+001, 2.700000e+002
6.080106e+001, 2.700000e+002
5.952149e+001, 2.700000e+002
5.815847e+001, 2.700000e+002
5.671189e+001, 2.700000e+002
5.518176e+001, 2.700000e+002
5.356830e+001, 2.700000e+002
5.187192e+001, 2.700000e+002
5.009321e+001, 2.700000e+002
4.823298e+001, 2.700000e+002
4.629226e+001, 2.700000e+002
4.427231e+001, 2.700000e+002
4.217461e+001, 2.700000e+002
4.000090e+001, 2.700000e+002
3.775316e+001, 2.700000e+002
3.543362e+001, 2.700000e+002
3.304475e+001, 2.700000e+002
3.058930e+001, 2.700000e+002
2.807026e+001, 2.700000e+002
2.549086e+001, 2.700000e+002
2.285460e+001, 2.700000e+002
2.016523e+001, 2.700000e+002
1.742672e+001, 2.700000e+002
1.464329e+001, 2.700000e+002
1.181939e+001, 2.700000e+002
8.959666e+000, 2.700000e+002
6.068987e+000, 2.700000e+002
3.152413e+000, 2.700000e+002
2.151814e-001, 2.700002e+002
2.737300e+000, 8.999999e+001
5.699476e+000, 8.999999e+001
8.665653e+000, 9.000000e+001
1.163003e+001, 9.000000e+001
1.458668e+001, 9.000000e+001
1.752964e+001, 9.000000e+001
2.045286e+001, 9.000000e+001
2.335025e+001, 9.000000e+001
2.621571e+001, 9.000000e+001
2.904315e+001, 9.000000e+001
3.182650e+001, 9.000000e+001
3.455973e+001, 9.000000e+001
3.723690e+001, 9.000000e+001
3.985215e+001, 9.000000e+001
4.239974e+001, 9.000000e+001
4.487408e+001, 9.000000e+001
4.726971e+001, 9.000000e+001
4.958137e+001, 9.000000e+001
5.180402e+001, 9.000000e+001
5.393280e+001, 9.000000e+001
5.596312e+001, 9.000000e+001
5.789065e+001, 9.000000e+001
5.971130e+001, 9.000000e+001
6.142132e+001, 9.000000e+001
6.301722e+001, 9.000000e+001
6.449586e+001, 9.000000e+001
6.585440e+001, 9.000000e+001
6.709037e+001, 9.000000e+001
6.820163e+001, 9.000000e+001
6.918638e+001, 9.000000e+001
7.004319e+001, 9.000000e+001
7.077101e+001, 9.000000e+001
7.136912e+001, 9.000000e+001
7.183719e+001, 9.000000e+001
7.217521e+001, 9.000000e+001
7.238356e+001, 9.000000e+001
7.246296e+001, 9.000000e+001
7.241447e+001, 9.000000e+001
7.223947e+001, 9.000000e+001
7.193967e+001, 9.000000e+001
7.151710e+001, 9.000000e+001
7.097406e+001, 9.000000e+001
7.031316e+001, 9.000000e+001
6.953725e+001, 9.000000e+001
6.864945e+001, 9.000000e+001
6.765309e+001, 9.000000e+001
6.655172e+001, 9.000000e+001
6.534908e+001, 9.000000e+001
6.404910e+001, 9.000000e+001
6.265583e+001, 9.000000e+001
6.117348e+001, 9.000000e+001
5.960636e+001, 9.000000e+001
5.795888e+001, 9.000000e+001
5.623552e+001, 9.000000e+001
5.444080e+001, 9.000000e+001
5.257930e+001, 9.000000e+001
5.065558e+001, 9.000000e+001
4.867422e+001, 9.000000e+001
4.663979e+001, 9.000000e+001
4.455678e+001, 9.000000e+001
4.242968e+001, 9.000000e+001
4.026287e+001, 9.000000e+001
3.806068e+001, 9.000000e+001
3.582732e+001, 9.000000e+001
3.356692e+001, 9.000000e+001
3.128349e+001, 9.000000e+001
2.898090e+001, 9.000000e+001
2.666292e+001, 9.000000e+001
2.433316e+001, 9.000000e+001
2.199509e+001, 9.000000e+001
1.965207e+001, 9.000000e+001
1.730726e+001, 9.000000e+001
1.496372e+001, 9.000000e+001
1.262434e+001, 9.000000e+001
1.029186e+001, 9.000000e+001
7.968892e+000, 9.000001e+001
5.657902e+000, 9.000001e+001
3.361217e+000, 9.000001e+001
1.081038e+000, 9.000004e+001
1.180559e+000, 2.700000e+002
3.421612e+000, 2.700000e+002
5.640270e+000, 2.700000e+002
7.834782e+000, 2.700000e+002
1.000349e+001, 2.700000e+002
1.214480e+001, 2.700000e+002
1.425723e+001, 2.700000e+002
1.633932e+001, 2.700000e+002
1.838967e+001, 2.700000e+002
2.040694e+001, 2.700000e+002
2.238982e+001, 2.700000e+002
2.433699e+001, 2.700000e+002
2.624717e+001, 2.700000e+002
2.811908e+001, 2.700000e+002
2.995143e+001, 2.700000e+002
3.174291e+001, 2.700000e+002
3.349220e+001, 2.700000e+002
3.519792e+001, 2.700000e+002
3.685869e+001, 2.700000e+002
3.847306e+001, 2.700000e+002
4.003954e+001, 2.700000e+002
4.155661e+001, 2.700000e+002
4.302265e+001, 2.700000e+002
4.443603e+001, 2.700000e+002
4.579502e+001, 2.700000e+002
4.709788e+001, 2.700000e+002
4.834276e+001, 2.700000e+002
4.952781e+001, 2.700000e+002
5.065107e+001, 2.700000e+002
5.171059e+001, 2.700000e+002
5.270435e+001, 2.700000e+002
5.363028e+001, 2.700000e+002
5.448632e+001, 2.700000e+002
5.527037e+001, 2.700000e+002
5.598030e+001, 2.700000e+002
5.661402e+001, 2.700000e+002
5.716942e+001, 2.700000e+002
5.764442e+001, 2.700000e+002
5.803698e+001, 2.700000e+002
5.834509e+001, 2.700000e+002
5.856682e+001, 2.700000e+002
5.870029e+001, 2.700000e+002
5.874372e+001, 2.700000e+002
5.869543e+001, 2.700000e+002
5.855384e+001, 2.700000e+002
5.831751e+001, 2.700000e+002
5.798513e+001, 2.700000e+002
5.755554e+001, 2.700000e+002
5.702777e+001, 2.700000e+002
5.640100e+001, 2.700000e+002
5.567463e+001, 2.700000e+002
5.484824e+001, 2.700000e+002
5.392163e+001, 2.700000e+002
5.289483e+001, 2.700000e+002
5.176811e+001, 2.700000e+002
5.054196e+001, 2.700000e+002
4.921716e+001, 2.700000e+002
4.779470e+001, 2.700000e+002
4.627587e+001, 2.700000e+002
4.466220e+001, 2.700000e+002
4.295552e+001, 2.700000e+002
4.115792e+001, 2.700000e+002
3.927175e+001, 2.700000e+002
3.729965e+001, 2.700000e+002
3.524454e+001, 2.700000e+002
3.310960e+001, 2.700000e+002
3.089826e+001, 2.700000e+002
2.861424e+001, 2.700000e+002
2.626150e+001, 2.700000e+002
2.384424e+001, 2.700000e+002
2.136690e+001, 2.700000e+002
1.883416e+001, 2.700000e+002
1.625090e+001, 2.700000e+002
1.362220e+001, 2.700000e+002
1.095333e+001, 2.700000e+002
8.249742e+000, 2.700000e+002
5.517031e+000, 2.700000e+002
2.760936e+000, 2.700000e+002
1.268490e-002, 8.999750e+001
2.797871e+000, 8.999999e+001
5.588581e+000, 8.999999e+001
8.378713e+000, 9.000000e+001
1.116212e+001, 9.000000e+001
1.393265e+001, 9.000000e+001
1.668414e+001, 9.000000e+001
1.941046e+001, 9.000000e+001
2.210552e+001, 9.000000e+001
2.476332e+001, 9.000000e+001
2.737793e+001, 9.000000e+001
2.994355e+001, 9.000000e+001
3.245450e+001, 9.000000e+001
3.490528e+001, 9.000000e+001
3.729055e+001, 9.000000e+001
3.960519e+001, 9.000000e+001
4.184427e+001, 9.000000e+001
4.400312e+001, 9.000000e+001
4.607730e+001, 9.000000e+001
4.806265e+001, 9.000000e+001
4.995531e+001, 9.000000e+001
5.175169e+001, 9.000000e+001
5.344852e+001, 9.000000e+001
5.504284e+001, 9.000000e+001
5.653203e+001, 9.000000e+001
5.791380e+001, 9.000000e+001
5.918619e+001, 9.000000e+001
6.034758e+001, 9.000000e+001
6.139671e+001, 9.000000e+001
6.233266e+001, 9.000000e+001
6.315483e+001, 9.000000e+001
6.386298e+001, 9.000000e+001
6.445720e+001, 9.000000e+001
6.493789e+001, 9.000000e+001
6.530580e+001, 9.000000e+001
6.556194e+001, 9.000000e+001
6.570767e+001, 9.000000e+001
6.574458e+001, 9.000000e+001
6.567457e+001, 9.000000e+001
6.549978e+001, 9.000000e+001
6.522259e+001, 9.000000e+001
6.484559e+001, 9.000000e+001
6.437160e+001, 9.000000e+001
6.380360e+001, 9.000000e+001
6.314476e+001, 9.000000e+001
6.239839e+001, 9.000000e+001
6.156793e+001, 9.000000e+001
6.065694e+001, 9.000000e+001
5.966905e+001, 9.000000e+001
5.860801e+001, 9.000000e+001
5.747758e+001, 9.000000e+001
5.628160e+001, 9.000000e+001
5.502389e+001, 9.000000e+001
5.370832e+001, 9.000000e+001
5.233873e+001, 9.000000e+001
5.091892e+001, 9.000000e+001
4.945268e+001, 9.000000e+001
4.794373e+001, 9.000000e+001
4.639575e+001, 9.000000e+001
4.481232e+001, 9.000000e+001
4.319695e+001, 9.000000e+001
4.155307e+001, 9.000000e+001
3.988398e+001, 9.000000e+001
3.819292e+001, 9.000000e+001
3.648297e+001, 9.000000e+001
3.475714e+001, 9.000000e+001
3.301830e+001, 9.000000e+001
3.126921e+001, 9.000000e+001
2.951250e+001, 9.000000e+001
2.775069e+001, 9.000000e+001
2.598620e+001, 9.000000e+001
2.422129e+001, 9.000000e+001
2.245816e+001, 9.000000e+001
2.069886e+001, 9.000000e+001
1.894537e+001, 9.000000e+001
1.719955e+001, 9.000000e+001
1.546316e+001, 9.000000e+001
1.373791e+001, 9.000000e+001
1.202538e+001, 9.000000e+001
1.032713e+001, 9.000000e+001
8.644622e+000, 9.000000e+001
6.979261e+000, 9.000000e+001
5.332413e+000, 9.000001e+001
3.705397e+000, 9.000001e+001
2.099495e+000, 9.000001e+001
5.159636e-001, 9.000004e+001
1.043962e+000, 2.700000e+002
2.579059e+000, 2.700000e+002
4.088113e+000, 2.700000e+002
5.569910e+000, 2.700000e+002
7.023230e+000, 2.700000e+002
8.446843e+000, 2.700000e+002
9.839505e+000, 2.700000e+002
1.119995e+001, 2.700000e+002
1.252690e+001, 2.700000e+002
1.381903e+001, 2.700000e+002
1.507501e+001, 2.700000e+002
1.629347e+001, 2.700000e+002
1.747301e+001, 2.700000e+002
1.861221e+001, 2.700000e+002
1.970962e+001, 2.700000e+002
2.076376e+001, 2.700000e+002
2.177312e+001, 2.700000e+002
2.273619e+001, 2.700000e+002
2.365142e+001, 2.700000e+002
2.451728e+001, 2.700000e+002
2.533220e+001, 2.700000e+002
2.609464e+001, 2.700000e+002
2.680306e+001, 2.700000e+002
2.745592e+001, 2.700000e+002
2.805172e+001, 2.700000e+002
2.858899e+001, 2.700000e+002
2.906631e+001, 2.700000e+002
2.948229e+001, 2.700000e+002
2.983561e+001, 2.700000e+002
3.012502e+001, 2.700000e+002
3.034936e+001, 2.700000e+002
3.050754e+001, 2.700000e+002
3.059859e+001, 2.700000e+002
3.062164e+001, 2.700000e+002
3.057595e+001, 2.700000e+002
3.046089e+001, 2.700000e+002
3.027600e+001, 2.700000e+002
3.002094e+001, 2.700000e+002
2.969555e+001, 2.700000e+002
2.929982e+001, 2.700000e+002
2.883393e+001, 2.700000e+002
2.829822e+001, 2.700000e+002
2.769325e+001, 2.700000e+002
2.701974e+001, 2.700000e+002
2.627862e+001, 2.700000e+002
2.547102e+001, 2.700000e+002
2.459829e+001, 2.700000e+002
2.366197e+001, 2.700000e+002
2.266379e+001, 2.700000e+002
2.160573e+001, 2.700000e+002
2.048994e+001, 2.700000e+002
1.931878e+001, 2.700000e+002
1.809483e+001, 2.700000e+002
1.682083e+001, 2.700000e+002
1.549974e+001, 2.700000e+002
1.413467e+001, 2.700000e+002
1.272894e+001, 2.700000e+002
1.128600e+001, 2.700000e+002
9.809476e+000, 2.700000e+002
8.303113e+000, 2.700000e+002
6.770802e+000, 2.700000e+002
5.216542e+000, 2.700000e+002
3.644432e+000, 2.700000e+002
2.058657e+000, 2.700000e+002
4.634709e-001, 2.700000e+002
1.136822e+000, 8.999999e+001
2.737882e+000, 9.000000e+001
4.335354e+000, 9.000000e+001
5.924882e+000, 9.000000e+001
7.502132e+000, 9.000000e+001
9.062807e+000, 9.000000e+001
1.060267e+001, 9.000000e+001
1.211756e+001, 9.000000e+001
1.360340e+001, 9.000000e+001
1.505624e+001, 9.000000e+001
1.647225e+001, 9.000000e+001
1.784775e+001, 9.000000e+001
1.917921e+001, 9.000000e+001
2.046330e+001, 9.000000e+001
2.169687e+001, 9.000000e+001
2.287698e+001, 9.000000e+001
2.400089e+001, 9.000000e+001
2.506611e+001, 9.000000e+001
2.607039e+001, 9.000000e+001
2.701170e+001, 9.000000e+001
2.788830e+001, 9.000000e+001
2.869869e+001, 9.000000e+001
2.944163e+001, 9.000000e+001
3.011616e+001, 9.000000e+001
3.072158e+001, 9.000000e+001
3.125746e+001, 9.000000e+001
3.172363e+001, 9.000000e+001
3.212019e+001, 9.000000e+001
3.244749e+001, 9.000000e+001
3.270614e+001, 9.000000e+001
3.289698e+001, 9.000000e+001
3.302111e+001, 9.000000e+001
3.307982e+001, 9.000000e+001
3.307464e+001, 9.000000e+001
3.300729e+001, 9.000000e+001
3.287969e+001, 9.000000e+001
3.269393e+001, 9.000000e+001
3.245225e+001, 9.000000e+001
3.215706e+001, 9.000000e+001
3.181087e+001, 9.000000e+001
3.141632e+001, 9.000000e+001
3.097617e+001, 9.000000e+001
3.049321e+001, 9.000000e+001
2.997036e+001, 9.000000e+001
2.941053e+001, 9.000000e+001
2.881670e+001, 9.000000e+001
2.819187e+001, 9.000000e+001
2.753902e+001, 9.000000e+001
2.686114e+001, 9.000000e+001
2.616118e+001, 9.000000e+001
2.544206e+001, 9.000000e+001
2.470665e+001, 9.000000e+001
2.395773e+001, 9.000000e+001
2.319805e+001, 9.000000e+001
2.243024e+001, 9.000000e+001
2.165684e+001, 9.000000e+001
2.088030e+001, 9.000000e+001
2.010294e+001, 9.000000e+001
1.932698e+001, 9.000000e+001
1.855450e+001, 9.000000e+001
1.778748e+001, 9.000000e+001
1.702773e+001, 9.000000e+001
1.627695e+001, 9.000001e+001
1.553670e+001, 9.000001e+001
1.480841e+001, 9.000001e+001
1.409336e+001, 9.000001e+001
1.339271e+001, 9.000001e+001
1.270747e+001, 9.000001e+001
1.203853e+001, 9.000001e+001
1.138665e+001, 9.000001e+001
1.075247e+001, 9.000001e+001
1.013650e+001, 9.000001e+001
9.539153e+000, 9.000001e+001
8.960718e+000, 9.000001e+001
8.401393e+000, 9.000001e+001
7.861277e+000, 9.000001e+001
7.340383e+000, 9.000001e+001
6.838640e+000, 9.000001e+001
6.355907e+000, 9.000001e+001
5.891974e+000, 9.000001e+001
5.446576e+000, 9.000001e+001
5.019395e+000, 9.000001e+001
4.610070e+000, 9.000001e+001
4.218207e+000, 9.000001e+001
3.843382e+000, 9.000001e+001
3.485151e+000, 9.000002e+001
3.143056e+000, 9.000002e+001
2.816631e+000, 9.000002e+001
8.269270e+001, 9.000000e+001
8.089145e+001, 9.000000e+001
7.908346e+001, 9.000000e+001
7.727258e+001, 9.000000e+001
7.546253e+001, 9.000000e+001
7.365688e+001, 9.000000e+001
7.185908e+001, 9.000000e+001
7.007242e+001, 9.000000e+001
6.830008e+001, 9.000000e+001
6.654508e+001, 9.000000e+001
6.481034e+001, 9.000000e+001
6.309861e+001, 9.000000e+001
6.141255e+001, 9.000000e+001
5.975467e+001, 9.000000e+001
5.812738e+001, 9.000000e+001
5.653295e+001, 9.000000e+001
5.497356e+001, 9.000000e+001
5.345125e+001, 9.000000e+001
5.196796e+001, 9.000000e+001
5.052555e+001, 9.000000e+001
4.912573e+001, 9.000000e+001
4.777015e+001, 9.000000e+001
4.646033e+001, 9.000000e+001
4.519772e+001, 9.000000e+001
4.398366e+001, 9.000000e+001
4.281938e+001, 9.000000e+001
4.170604e+001, 9.000000e+001
4.064471e+001, 9.000000e+001
3.963635e+001, 9.000000e+001
3.868182e+001, 9.000000e+001
3.778192e+001, 9.000000e+001
3.693731e+001, 9.000000e+001
3.614860e+001, 9.000000e+001
3.541627e+001, 9.000000e+001
3.474071e+001, 9.000000e+001
3.412221e+001, 9.000000e+001
3.356097e+001, 9.000000e+001
3.305705e+001, 9.000000e+001
3.261042e+001, 9.000000e+001
3.222096e+001, 9.000000e+001
3.188840e+001, 9.000000e+001
3.161238e+001, 9.000000e+001
3.139239e+001, 9.000000e+001
3.122784e+001, 9.000000e+001
3.111798e+001, 9.000000e+001
3.106194e+001, 9.000000e+001
3.105874e+001, 9.000000e+001
3.110725e+001, 9.000000e+001
3.120623e+001, 9.000000e+001
3.135427e+001, 9.000000e+001
3.154987e+001, 9.000000e+001
3.179138e+001, 9.000000e+001
3.207700e+001, 9.000000e+001
3.240484e+001, 9.000000e+001
3.277284e+001, 9.000000e+001
3.317884e+001, 9.000000e+001
3.362056e+001, 9.000000e+001
3.409558e+001, 9.000000e+001
3.460139e+001, 9.000000e+001
3.513535e+001, 9.000000e+001
3.569473e+001, 9.000000e+001
3.627671e+001, 9.000000e+001
3.687837e+001, 9.000000e+001
3.749672e+001, 9.000000e+001
3.812870e+001, 9.000000e+001
3.877118e+001, 9.000000e+001
3.942099e+001, 9.000000e+001
4.007493e+001, 9.000000e+001
4.072975e+001, 9.000000e+001
4.138221e+001, 9.000000e+001
4.202905e+001, 9.000000e+001
4.266703e+001, 9.000000e+001
4.329293e+001, 9.000000e+001
4.390359e+001, 9.000000e+001
4.449587e+001, 9.000000e+001
4.506673e+001, 9.000000e+001
4.561319e+001, 9.000000e+001
4.613238e+001, 9.000000e+001
4.662152e+001, 9.000000e+001
4.707799e+001, 9.000000e+001
4.749928e+001, 9.000000e+001
4.788304e+001, 9.000000e+001
4.822710e+001, 9.000000e+001
4.852944e+001, 9.000000e+001
4.878826e+001, 9.000000e+001
4.900196e+001, 9.000000e+001
4.916912e+001, 9.000000e+001
4.928858e+001, 9.000000e+001
4.935939e+001, 9.000000e+001
4.938085e+001, 9.000000e+001
4.935250e+001, 9.000000e+001
4.927413e+001, 9.000000e+001
4.914579e+001, 9.000000e+001
4.896780e+001, 9.000000e+001
4.874071e+001, 9.000000e+001
4.846536e+001, 9.000000e+001
4.814284e+001, 9.000000e+001
4.777451e+001, 9.000000e+001
4.736197e+001, 9.000000e+001
4.690709e+001, 9.000000e+001
4.641197e+001, 9.000000e+001
4.587896e+001, 9.000000e+001
4.531063e+001, 9.000000e+001
4.470979e+001, 9.000000e+001
4.407943e+001, 9.000000e+001
4.342277e+001, 9.000000e+001
4.274321e+001, 9.000000e+001
4.204430e+001, 9.000000e+001
4.132977e+001, 9.000000e+001
4.060349e+001, 9.000000e+001
3.986945e+001, 9.000000e+001
3.913175e+001, 9.000000e+001
3.839460e+001, 9.000000e+001
3.766226e+001, 9.000000e+001
3.693906e+001, 9.000000e+001
3.622937e+001, 9.000000e+001
3.553759e+001, 9.000000e+001
3.486810e+001, 9.000000e+001
3.422528e+001, 9.000000e+001
3.361349e+001, 9.000000e+001
3.303701e+001, 9.000000e+001
3.250009e+001, 9.000000e+001
3.200685e+001, 9.000000e+001
3.156135e+001, 9.000000e+001
3.116751e+001, 9.000000e+001
3.082914e+001, 9.000000e+001
3.054988e+001, 9.000000e+001
3.033323e+001, 9.000000e+001
3.018251e+001, 9.000000e+001
3.010087e+001, 9.000000e+001
3.009125e+001, 9.000000e+001
3.015639e+001, 9.000000e+001
3.029883e+001, 9.000000e+001
3.052088e+001, 9.000000e+001
3.082462e+001, 9.000000e+001
3.121191e+001, 9.000000e+001
3.168435e+001, 9.000000e+001
3.224333e+001, 9.000000e+001
3.288997e+001, 9.000000e+001
3.362516e+001, 9.000000e+001
3.444953e+001, 9.000000e+001
3.536347e+001, 9.000000e+001
3.636712e+001, 9.000000e+001
3.746037e+001, 9.000000e+001
3.864288e+001, 9.000000e+001
3.991407e+001, 9.000000e+001
4.127309e+001, 9.000000e+001
4.271891e+001, 9.000000e+001
4.425024e+001, 9.000000e+001
4.586557e+001, 9.000000e+001
4.756319e+001, 9.000000e+001
4.934116e+001, 9.000000e+001
5.119734e+001, 9.000000e+001
5.312943e+001, 9.000000e+001
5.513489e+001, 9.000000e+001
5.721104e+001, 9.000000e+001
5.935501e+001, 9.000000e+001
6.156376e+001, 9.000000e+001
6.383411e+001, 9.000000e+001
6.616273e+001, 9.000000e+001
6.854613e+001, 9.000000e+001
7.098072e+001, 9.000000e+001
7.346276e+001, 9.000000e+001
7.598840e+001, 9.000000e+001
7.855370e+001, 9.000000e+001
8.115460e+001, 9.000000e+001
8.378696e+001, 9.000000e+001
8.644655e+001, 9.000000e+001
8.912907e+001, 9.000000e+001
9.183014e+001, 9.000000e+001
9.454532e+001, 9.000000e+001
9.727012e+001, 9.000000e+001
1.000000e+002, 9.000000e+001
##END
