##TITLE= Pf1-6t5-0t1838
##JCAMP-DX= 5.00 Bruker JCAMP library
##DATA TYPE= Shape Data
##ORIGIN= Bruker BioSpin GmbH
##OWNER= <Alexej Jerschow>
##DATE= 2009/01/20
##TIME= 17:06:48
##$SHAPE_PARAMETERS= 
##MINX= 2.465828e-001
##MAXX= 1.000000e+002
##MINY= 8.999992e+001
##MAXY= 2.700001e+002
##$SHAPE_EXMODE= 
##$SHAPE_TOTROT= 
##$SHAPE_TYPE= 
##$SHAPE_USER_DEF= 
##$SHAPE_REPHFAC= 
##$SHAPE_BWFAC= 
##$SHAPE_BWFAC50= 
##$SHAPE_INTEGFAC= 
##$SHAPE_MODE= 
##NPOINTS= 1000
##XYPOINTS= (XY..XY)
3.124328e+001, 9.000000e+001
3.106645e+001, 9.000000e+001
3.080528e+001, 9.000000e+001
3.045910e+001, 9.000000e+001
3.002747e+001, 9.000000e+001
2.951021e+001, 9.000000e+001
2.890740e+001, 9.000000e+001
2.821935e+001, 9.000000e+001
2.744666e+001, 9.000000e+001
2.659018e+001, 9.000000e+001
2.565102e+001, 9.000000e+001
2.463056e+001, 9.000000e+001
2.353043e+001, 9.000000e+001
2.235252e+001, 9.000000e+001
2.109896e+001, 9.000000e+001
1.977212e+001, 9.000000e+001
1.837462e+001, 9.000000e+001
1.690928e+001, 9.000000e+001
1.537916e+001, 9.000000e+001
1.378750e+001, 9.000000e+001
1.213773e+001, 9.000000e+001
1.043348e+001, 8.999999e+001
8.678504e+000, 8.999999e+001
6.876731e+000, 8.999999e+001
5.032206e+000, 8.999998e+001
3.149091e+000, 8.999997e+001
1.231642e+000, 8.999993e+001
7.158028e-001, 2.700001e+002
2.688847e+000, 2.700000e+002
4.683047e+000, 2.700000e+002
6.693936e+000, 2.700000e+002
8.717034e+000, 2.700000e+002
1.074787e+001, 2.700000e+002
1.278201e+001, 2.700000e+002
1.481503e+001, 2.700000e+002
1.684259e+001, 2.700000e+002
1.886042e+001, 2.700000e+002
2.086433e+001, 2.700000e+002
2.285021e+001, 2.700000e+002
2.481410e+001, 2.700000e+002
2.675213e+001, 2.700000e+002
2.866058e+001, 2.700000e+002
3.053588e+001, 2.700000e+002
3.237460e+001, 2.700000e+002
3.417347e+001, 2.700000e+002
3.592939e+001, 2.700000e+002
3.763944e+001, 2.700000e+002
3.930085e+001, 2.700000e+002
4.091105e+001, 2.700000e+002
4.246765e+001, 2.700000e+002
4.396844e+001, 2.700000e+002
4.541137e+001, 2.700000e+002
4.679460e+001, 2.700000e+002
4.811644e+001, 2.700000e+002
4.937540e+001, 2.700000e+002
5.057013e+001, 2.700000e+002
5.169947e+001, 2.700000e+002
5.276241e+001, 2.700000e+002
5.375809e+001, 2.700000e+002
5.468580e+001, 2.700000e+002
5.554496e+001, 2.700000e+002
5.633514e+001, 2.700000e+002
5.705602e+001, 2.700000e+002
5.770738e+001, 2.700000e+002
5.828913e+001, 2.700000e+002
5.880127e+001, 2.700000e+002
5.924387e+001, 2.700000e+002
5.961709e+001, 2.700000e+002
5.992117e+001, 2.700000e+002
6.015639e+001, 2.700000e+002
6.032309e+001, 2.700000e+002
6.042166e+001, 2.700000e+002
6.045252e+001, 2.700000e+002
6.041612e+001, 2.700000e+002
6.031292e+001, 2.700000e+002
6.014342e+001, 2.700000e+002
5.990810e+001, 2.700000e+002
5.960747e+001, 2.700000e+002
5.924202e+001, 2.700000e+002
5.881224e+001, 2.700000e+002
5.831864e+001, 2.700000e+002
5.776167e+001, 2.700000e+002
5.714183e+001, 2.700000e+002
5.645955e+001, 2.700000e+002
5.571530e+001, 2.700000e+002
5.490950e+001, 2.700000e+002
5.404260e+001, 2.700000e+002
5.311503e+001, 2.700000e+002
5.212719e+001, 2.700000e+002
5.107954e+001, 2.700000e+002
4.997251e+001, 2.700000e+002
4.880654e+001, 2.700000e+002
4.758211e+001, 2.700000e+002
4.629973e+001, 2.700000e+002
4.495992e+001, 2.700000e+002
4.356326e+001, 2.700000e+002
4.211037e+001, 2.700000e+002
4.060195e+001, 2.700000e+002
3.903874e+001, 2.700000e+002
3.742156e+001, 2.700000e+002
3.575134e+001, 2.700000e+002
3.402908e+001, 2.700000e+002
3.225588e+001, 2.700000e+002
3.043298e+001, 2.700000e+002
2.856171e+001, 2.700000e+002
2.664354e+001, 2.700000e+002
2.468009e+001, 2.700000e+002
2.267310e+001, 2.700000e+002
2.062447e+001, 2.700000e+002
1.853627e+001, 2.700000e+002
1.641073e+001, 2.700000e+002
1.425022e+001, 2.700000e+002
1.205731e+001, 2.700000e+002
9.834739e+000, 2.700000e+002
7.585418e+000, 2.700000e+002
5.312437e+000, 2.700000e+002
3.019064e+000, 2.700000e+002
7.087434e-001, 2.699998e+002
1.614905e+000, 9.000008e+001
3.948092e+000, 9.000003e+001
6.286861e+000, 9.000002e+001
8.627097e+000, 9.000001e+001
1.096453e+001, 9.000001e+001
1.329474e+001, 9.000001e+001
1.561319e+001, 9.000001e+001
1.791519e+001, 9.000001e+001
2.019597e+001, 9.000001e+001
2.245063e+001, 9.000001e+001
2.467421e+001, 9.000000e+001
2.686167e+001, 9.000000e+001
2.900791e+001, 9.000000e+001
3.110781e+001, 9.000000e+001
3.315623e+001, 9.000000e+001
3.514801e+001, 9.000000e+001
3.707805e+001, 9.000000e+001
3.894126e+001, 9.000000e+001
4.073263e+001, 9.000000e+001
4.244723e+001, 9.000000e+001
4.408024e+001, 9.000000e+001
4.562695e+001, 9.000000e+001
4.708283e+001, 9.000000e+001
4.844350e+001, 9.000000e+001
4.970477e+001, 9.000000e+001
5.086267e+001, 9.000000e+001
5.191346e+001, 9.000000e+001
5.285366e+001, 9.000000e+001
5.368005e+001, 9.000000e+001
5.438969e+001, 9.000000e+001
5.497997e+001, 9.000000e+001
5.544858e+001, 9.000000e+001
5.579353e+001, 9.000000e+001
5.601321e+001, 9.000000e+001
5.610633e+001, 9.000000e+001
5.607198e+001, 9.000000e+001
5.590962e+001, 9.000000e+001
5.561907e+001, 9.000000e+001
5.520056e+001, 9.000000e+001
5.465466e+001, 9.000000e+001
5.398235e+001, 9.000000e+001
5.318496e+001, 9.000000e+001
5.226421e+001, 9.000000e+001
5.122219e+001, 9.000000e+001
5.006131e+001, 9.000000e+001
4.878437e+001, 9.000000e+001
4.739448e+001, 9.000000e+001
4.589507e+001, 9.000000e+001
4.428989e+001, 9.000000e+001
4.258296e+001, 9.000000e+001
4.077857e+001, 9.000000e+001
3.888129e+001, 9.000000e+001
3.689590e+001, 9.000000e+001
3.482739e+001, 9.000000e+001
3.268094e+001, 9.000000e+001
3.046190e+001, 9.000000e+001
2.817577e+001, 9.000000e+001
2.582816e+001, 9.000000e+001
2.342479e+001, 9.000000e+001
2.097144e+001, 9.000000e+001
1.847395e+001, 9.000000e+001
1.593819e+001, 9.000000e+001
1.337003e+001, 9.000000e+001
1.077533e+001, 9.000000e+001
8.159911e+000, 9.000000e+001
5.529539e+000, 9.000000e+001
2.889899e+000, 8.999999e+001
2.465828e-001, 8.999992e+001
2.394931e+000, 2.700000e+002
5.029293e+000, 2.700000e+002
7.651300e+000, 2.700000e+002
1.025591e+001, 2.700000e+002
1.283824e+001, 2.700000e+002
1.539360e+001, 2.700000e+002
1.791751e+001, 2.700000e+002
2.040566e+001, 2.700000e+002
2.285396e+001, 2.700000e+002
2.525855e+001, 2.700000e+002
2.761577e+001, 2.700000e+002
2.992220e+001, 2.700000e+002
3.217463e+001, 2.700000e+002
3.437009e+001, 2.700000e+002
3.650583e+001, 2.700000e+002
3.857932e+001, 2.700000e+002
4.058826e+001, 2.700000e+002
4.253055e+001, 2.700000e+002
4.440432e+001, 2.700000e+002
4.620789e+001, 2.700000e+002
4.793979e+001, 2.700000e+002
4.959873e+001, 2.700000e+002
5.118362e+001, 2.700000e+002
5.269352e+001, 2.700000e+002
5.412766e+001, 2.700000e+002
5.548544e+001, 2.700000e+002
5.676636e+001, 2.700000e+002
5.797010e+001, 2.700000e+002
5.909642e+001, 2.700000e+002
6.014520e+001, 2.700000e+002
6.111642e+001, 2.700000e+002
6.201013e+001, 2.700000e+002
6.282645e+001, 2.700000e+002
6.356558e+001, 2.700000e+002
6.422775e+001, 2.700000e+002
6.481323e+001, 2.700000e+002
6.532232e+001, 2.700000e+002
6.575533e+001, 2.700000e+002
6.611260e+001, 2.700000e+002
6.639445e+001, 2.700000e+002
6.660119e+001, 2.700000e+002
6.673312e+001, 2.700000e+002
6.679053e+001, 2.700000e+002
6.677368e+001, 2.700000e+002
6.668279e+001, 2.700000e+002
6.651805e+001, 2.700000e+002
6.627964e+001, 2.700000e+002
6.596766e+001, 2.700000e+002
6.558222e+001, 2.700000e+002
6.512337e+001, 2.700000e+002
6.459115e+001, 2.700000e+002
6.398554e+001, 2.700000e+002
6.330654e+001, 2.700000e+002
6.255411e+001, 2.700000e+002
6.172819e+001, 2.700000e+002
6.082874e+001, 2.700000e+002
5.985571e+001, 2.700000e+002
5.880908e+001, 2.700000e+002
5.768885e+001, 2.700000e+002
5.649504e+001, 2.700000e+002
5.522774e+001, 2.700000e+002
5.388708e+001, 2.700000e+002
5.247328e+001, 2.700000e+002
5.098663e+001, 2.700000e+002
4.942751e+001, 2.700000e+002
4.779641e+001, 2.700000e+002
4.609397e+001, 2.700000e+002
4.432091e+001, 2.700000e+002
4.247813e+001, 2.700000e+002
4.056667e+001, 2.700000e+002
3.858775e+001, 2.700000e+002
3.654277e+001, 2.700000e+002
3.443328e+001, 2.700000e+002
3.226107e+001, 2.700000e+002
3.002812e+001, 2.700000e+002
2.773660e+001, 2.700000e+002
2.538893e+001, 2.700000e+002
2.298774e+001, 2.700000e+002
2.053586e+001, 2.700000e+002
1.803640e+001, 2.700000e+002
1.549264e+001, 2.700000e+002
1.290815e+001, 2.700000e+002
1.028667e+001, 2.700000e+002
7.632218e+000, 2.700000e+002
4.948991e+000, 2.700000e+002
2.241419e+000, 2.700000e+002
4.858624e-001, 9.000002e+001
3.228023e+000, 9.000000e+001
5.980044e+000, 9.000000e+001
8.736730e+000, 9.000000e+001
1.149273e+001, 9.000000e+001
1.424253e+001, 9.000000e+001
1.698049e+001, 9.000000e+001
1.970088e+001, 9.000000e+001
2.239783e+001, 9.000000e+001
2.506544e+001, 9.000000e+001
2.769770e+001, 9.000000e+001
3.028862e+001, 9.000000e+001
3.283216e+001, 9.000000e+001
3.532230e+001, 9.000000e+001
3.775306e+001, 9.000000e+001
4.011851e+001, 9.000000e+001
4.241280e+001, 9.000000e+001
4.463018e+001, 9.000000e+001
4.676504e+001, 9.000000e+001
4.881192e+001, 9.000000e+001
5.076553e+001, 9.000000e+001
5.262079e+001, 9.000000e+001
5.437283e+001, 9.000000e+001
5.601703e+001, 9.000000e+001
5.754904e+001, 9.000000e+001
5.896477e+001, 9.000000e+001
6.026048e+001, 9.000000e+001
6.143269e+001, 9.000000e+001
6.247831e+001, 9.000000e+001
6.339457e+001, 9.000000e+001
6.417907e+001, 9.000000e+001
6.482978e+001, 9.000000e+001
6.534506e+001, 9.000000e+001
6.572366e+001, 9.000000e+001
6.596471e+001, 9.000000e+001
6.606776e+001, 9.000000e+001
6.603274e+001, 9.000000e+001
6.585999e+001, 9.000000e+001
6.555025e+001, 9.000000e+001
6.510463e+001, 9.000000e+001
6.452465e+001, 9.000000e+001
6.381219e+001, 9.000000e+001
6.296951e+001, 9.000000e+001
6.199921e+001, 9.000000e+001
6.090424e+001, 9.000000e+001
5.968787e+001, 9.000000e+001
5.835368e+001, 9.000000e+001
5.690556e+001, 9.000000e+001
5.534764e+001, 9.000000e+001
5.368434e+001, 9.000000e+001
5.192028e+001, 9.000000e+001
5.006031e+001, 9.000000e+001
4.810947e+001, 9.000000e+001
4.607296e+001, 9.000000e+001
4.395613e+001, 9.000000e+001
4.176445e+001, 9.000000e+001
3.950349e+001, 9.000000e+001
3.717889e+001, 9.000000e+001
3.479636e+001, 9.000000e+001
3.236163e+001, 9.000000e+001
2.988043e+001, 9.000000e+001
2.735850e+001, 9.000000e+001
2.480154e+001, 9.000000e+001
2.221520e+001, 9.000000e+001
1.960506e+001, 9.000000e+001
1.697660e+001, 9.000000e+001
1.433523e+001, 9.000000e+001
1.168622e+001, 9.000000e+001
9.034689e+000, 9.000000e+001
6.385643e+000, 9.000000e+001
3.743911e+000, 9.000001e+001
1.114156e+000, 9.000003e+001
1.499136e+000, 2.700000e+002
4.091667e+000, 2.700000e+002
6.659330e+000, 2.700000e+002
9.198220e+000, 2.700000e+002
1.170463e+001, 2.700000e+002
1.417507e+001, 2.700000e+002
1.660623e+001, 2.700000e+002
1.899504e+001, 2.700000e+002
2.133861e+001, 2.700000e+002
2.363427e+001, 2.700000e+002
2.587955e+001, 2.700000e+002
2.807215e+001, 2.700000e+002
3.021000e+001, 2.700000e+002
3.229118e+001, 2.700000e+002
3.431397e+001, 2.700000e+002
3.627680e+001, 2.700000e+002
3.817827e+001, 2.700000e+002
4.001711e+001, 2.700000e+002
4.179222e+001, 2.700000e+002
4.350261e+001, 2.700000e+002
4.514740e+001, 2.700000e+002
4.672582e+001, 2.700000e+002
4.823720e+001, 2.700000e+002
4.968094e+001, 2.700000e+002
5.105653e+001, 2.700000e+002
5.236348e+001, 2.700000e+002
5.360139e+001, 2.700000e+002
5.476986e+001, 2.700000e+002
5.586854e+001, 2.700000e+002
5.689706e+001, 2.700000e+002
5.785509e+001, 2.700000e+002
5.874228e+001, 2.700000e+002
5.955826e+001, 2.700000e+002
6.030264e+001, 2.700000e+002
6.097501e+001, 2.700000e+002
6.157493e+001, 2.700000e+002
6.210191e+001, 2.700000e+002
6.255543e+001, 2.700000e+002
6.293492e+001, 2.700000e+002
6.323976e+001, 2.700000e+002
6.346932e+001, 2.700000e+002
6.362288e+001, 2.700000e+002
6.369972e+001, 2.700000e+002
6.369905e+001, 2.700000e+002
6.362009e+001, 2.700000e+002
6.346201e+001, 2.700000e+002
6.322395e+001, 2.700000e+002
6.290507e+001, 2.700000e+002
6.250451e+001, 2.700000e+002
6.202144e+001, 2.700000e+002
6.145503e+001, 2.700000e+002
6.080449e+001, 2.700000e+002
6.006908e+001, 2.700000e+002
5.924812e+001, 2.700000e+002
5.834100e+001, 2.700000e+002
5.734717e+001, 2.700000e+002
5.626623e+001, 2.700000e+002
5.509785e+001, 2.700000e+002
5.384185e+001, 2.700000e+002
5.249816e+001, 2.700000e+002
5.106691e+001, 2.700000e+002
4.954837e+001, 2.700000e+002
4.794298e+001, 2.700000e+002
4.625140e+001, 2.700000e+002
4.447448e+001, 2.700000e+002
4.261327e+001, 2.700000e+002
4.066908e+001, 2.700000e+002
3.864341e+001, 2.700000e+002
3.653804e+001, 2.700000e+002
3.435497e+001, 2.700000e+002
3.209648e+001, 2.700000e+002
2.976507e+001, 2.700000e+002
2.736354e+001, 2.700000e+002
2.489493e+001, 2.700000e+002
2.236254e+001, 2.700000e+002
1.976994e+001, 2.700000e+002
1.712096e+001, 2.700000e+002
1.441969e+001, 2.700000e+002
1.167044e+001, 2.700000e+002
8.877801e+000, 2.700000e+002
6.046570e+000, 2.700000e+002
3.181782e+000, 2.700000e+002
2.886793e-001, 2.700001e+002
2.627294e+000, 8.999999e+001
5.560506e+000, 9.000000e+001
8.505155e+000, 9.000000e+001
1.145528e+001, 9.000000e+001
1.440480e+001, 9.000000e+001
1.734748e+001, 9.000000e+001
2.027702e+001, 9.000000e+001
2.318703e+001, 9.000000e+001
2.607105e+001, 9.000000e+001
2.892261e+001, 9.000000e+001
3.173519e+001, 9.000000e+001
3.450232e+001, 9.000000e+001
3.721754e+001, 9.000000e+001
3.987445e+001, 9.000000e+001
4.246674e+001, 9.000000e+001
4.498820e+001, 9.000000e+001
4.743275e+001, 9.000000e+001
4.979447e+001, 9.000000e+001
5.206762e+001, 9.000000e+001
5.424664e+001, 9.000000e+001
5.632621e+001, 9.000000e+001
5.830125e+001, 9.000000e+001
6.016694e+001, 9.000000e+001
6.191875e+001, 9.000000e+001
6.355246e+001, 9.000000e+001
6.506414e+001, 9.000000e+001
6.645023e+001, 9.000000e+001
6.770750e+001, 9.000000e+001
6.883308e+001, 9.000000e+001
6.982449e+001, 9.000000e+001
7.067963e+001, 9.000000e+001
7.139676e+001, 9.000000e+001
7.197459e+001, 9.000000e+001
7.241217e+001, 9.000000e+001
7.270900e+001, 9.000000e+001
7.286495e+001, 9.000000e+001
7.288032e+001, 9.000000e+001
7.275577e+001, 9.000000e+001
7.249239e+001, 9.000000e+001
7.209162e+001, 9.000000e+001
7.155529e+001, 9.000000e+001
7.088560e+001, 9.000000e+001
7.008508e+001, 9.000000e+001
6.915661e+001, 9.000000e+001
6.810339e+001, 9.000000e+001
6.692893e+001, 9.000000e+001
6.563703e+001, 9.000000e+001
6.423173e+001, 9.000000e+001
6.271735e+001, 9.000000e+001
6.109843e+001, 9.000000e+001
5.937971e+001, 9.000000e+001
5.756611e+001, 9.000000e+001
5.566273e+001, 9.000000e+001
5.367480e+001, 9.000000e+001
5.160767e+001, 9.000000e+001
4.946679e+001, 9.000000e+001
4.725766e+001, 9.000000e+001
4.498586e+001, 9.000000e+001
4.265699e+001, 9.000000e+001
4.027666e+001, 9.000000e+001
3.785046e+001, 9.000000e+001
3.538396e+001, 9.000000e+001
3.288267e+001, 9.000000e+001
3.035204e+001, 9.000000e+001
2.779744e+001, 9.000000e+001
2.522414e+001, 9.000000e+001
2.263727e+001, 9.000000e+001
2.004187e+001, 9.000000e+001
1.744282e+001, 9.000000e+001
1.484485e+001, 9.000000e+001
1.225254e+001, 9.000001e+001
9.670293e+000, 9.000001e+001
7.102344e+000, 9.000001e+001
4.552745e+000, 9.000001e+001
2.025366e+000, 9.000003e+001
4.761082e-001, 2.699999e+002
2.948183e+000, 2.700000e+002
5.387548e+000, 2.700000e+002
7.791083e+000, 2.700000e+002
1.015585e+001, 2.700000e+002
1.247909e+001, 2.700000e+002
1.475822e+001, 2.700000e+002
1.699084e+001, 2.700000e+002
1.917470e+001, 2.700000e+002
2.130771e+001, 2.700000e+002
2.338794e+001, 2.700000e+002
2.541358e+001, 2.700000e+002
2.738298e+001, 2.700000e+002
2.929458e+001, 2.700000e+002
3.114697e+001, 2.700000e+002
3.293880e+001, 2.700000e+002
3.466884e+001, 2.700000e+002
3.633594e+001, 2.700000e+002
3.793901e+001, 2.700000e+002
3.947702e+001, 2.700000e+002
4.094900e+001, 2.700000e+002
4.235401e+001, 2.700000e+002
4.369115e+001, 2.700000e+002
4.495954e+001, 2.700000e+002
4.615830e+001, 2.700000e+002
4.728659e+001, 2.700000e+002
4.834353e+001, 2.700000e+002
4.932827e+001, 2.700000e+002
5.023993e+001, 2.700000e+002
5.107761e+001, 2.700000e+002
5.184041e+001, 2.700000e+002
5.252739e+001, 2.700000e+002
5.313762e+001, 2.700000e+002
5.367011e+001, 2.700000e+002
5.412388e+001, 2.700000e+002
5.449793e+001, 2.700000e+002
5.479123e+001, 2.700000e+002
5.500275e+001, 2.700000e+002
5.513147e+001, 2.700000e+002
5.517635e+001, 2.700000e+002
5.513637e+001, 2.700000e+002
5.501054e+001, 2.700000e+002
5.479786e+001, 2.700000e+002
5.449742e+001, 2.700000e+002
5.410831e+001, 2.700000e+002
5.362971e+001, 2.700000e+002
5.306084e+001, 2.700000e+002
5.240103e+001, 2.700000e+002
5.164969e+001, 2.700000e+002
5.080634e+001, 2.700000e+002
4.987061e+001, 2.700000e+002
4.884228e+001, 2.700000e+002
4.772124e+001, 2.700000e+002
4.650758e+001, 2.700000e+002
4.520152e+001, 2.700000e+002
4.380347e+001, 2.700000e+002
4.231405e+001, 2.700000e+002
4.073406e+001, 2.700000e+002
3.906451e+001, 2.700000e+002
3.730664e+001, 2.700000e+002
3.546192e+001, 2.700000e+002
3.353206e+001, 2.700000e+002
3.151899e+001, 2.700000e+002
2.942491e+001, 2.700000e+002
2.725227e+001, 2.700000e+002
2.500377e+001, 2.700000e+002
2.268237e+001, 2.700000e+002
2.029130e+001, 2.700000e+002
1.783403e+001, 2.700000e+002
1.531431e+001, 2.700000e+002
1.273613e+001, 2.700000e+002
1.010372e+001, 2.700000e+002
7.421593e+000, 2.700000e+002
4.694458e+000, 2.700000e+002
1.927277e+000, 2.700000e+002
8.747744e-001, 9.000000e+001
3.706310e+000, 9.000000e+001
6.561750e+000, 9.000000e+001
9.435327e+000, 9.000000e+001
1.232111e+001, 9.000000e+001
1.521302e+001, 9.000000e+001
1.810483e+001, 9.000000e+001
2.099021e+001, 9.000000e+001
2.386272e+001, 9.000000e+001
2.671587e+001, 9.000000e+001
2.954310e+001, 9.000000e+001
3.233780e+001, 9.000000e+001
3.509337e+001, 9.000000e+001
3.780324e+001, 9.000000e+001
4.046084e+001, 9.000000e+001
4.305969e+001, 9.000000e+001
4.559340e+001, 9.000000e+001
4.805567e+001, 9.000000e+001
5.044035e+001, 9.000000e+001
5.274146e+001, 9.000000e+001
5.495319e+001, 9.000000e+001
5.706994e+001, 9.000000e+001
5.908635e+001, 9.000000e+001
6.099732e+001, 9.000000e+001
6.279801e+001, 9.000000e+001
6.448389e+001, 9.000000e+001
6.605075e+001, 9.000000e+001
6.749468e+001, 9.000000e+001
6.881217e+001, 9.000000e+001
7.000003e+001, 9.000000e+001
7.105549e+001, 9.000000e+001
7.197613e+001, 9.000000e+001
7.275995e+001, 9.000000e+001
7.340535e+001, 9.000000e+001
7.391116e+001, 9.000000e+001
7.427660e+001, 9.000000e+001
7.450133e+001, 9.000000e+001
7.458540e+001, 9.000000e+001
7.452931e+001, 9.000000e+001
7.433393e+001, 9.000000e+001
7.400057e+001, 9.000000e+001
7.353092e+001, 9.000000e+001
7.292705e+001, 9.000000e+001
7.219141e+001, 9.000000e+001
7.132680e+001, 9.000000e+001
7.033638e+001, 9.000000e+001
6.922363e+001, 9.000000e+001
6.799232e+001, 9.000000e+001
6.664653e+001, 9.000000e+001
6.519061e+001, 9.000000e+001
6.362916e+001, 9.000000e+001
6.196699e+001, 9.000000e+001
6.020911e+001, 9.000000e+001
5.836075e+001, 9.000000e+001
5.642724e+001, 9.000000e+001
5.441410e+001, 9.000000e+001
5.232692e+001, 9.000000e+001
5.017139e+001, 9.000000e+001
4.795326e+001, 9.000000e+001
4.567834e+001, 9.000000e+001
4.335244e+001, 9.000000e+001
4.098137e+001, 9.000000e+001
3.857093e+001, 9.000000e+001
3.612686e+001, 9.000000e+001
3.365485e+001, 9.000000e+001
3.116051e+001, 9.000000e+001
2.864936e+001, 9.000000e+001
2.612681e+001, 9.000000e+001
2.359812e+001, 9.000000e+001
2.106845e+001, 9.000000e+001
1.854279e+001, 9.000000e+001
1.602597e+001, 9.000000e+001
1.352265e+001, 9.000000e+001
1.103733e+001, 9.000001e+001
8.574317e+000, 9.000001e+001
6.137722e+000, 9.000001e+001
3.731474e+000, 9.000002e+001
1.359308e+000, 9.000005e+001
9.752394e-001, 2.699999e+002
3.268827e+000, 2.700000e+002
5.518308e+000, 2.700000e+002
7.720727e+000, 2.700000e+002
9.873323e+000, 2.700000e+002
1.197352e+001, 2.700000e+002
1.401891e+001, 2.700000e+002
1.600729e+001, 2.700000e+002
1.793660e+001, 2.700000e+002
1.980496e+001, 2.700000e+002
2.161063e+001, 2.700000e+002
2.335204e+001, 2.700000e+002
2.502774e+001, 2.700000e+002
2.663641e+001, 2.700000e+002
2.817687e+001, 2.700000e+002
2.964805e+001, 2.700000e+002
3.104897e+001, 2.700000e+002
3.237877e+001, 2.700000e+002
3.363665e+001, 2.700000e+002
3.482191e+001, 2.700000e+002
3.593391e+001, 2.700000e+002
3.697207e+001, 2.700000e+002
3.793590e+001, 2.700000e+002
3.882490e+001, 2.700000e+002
3.963866e+001, 2.700000e+002
4.037678e+001, 2.700000e+002
4.103891e+001, 2.700000e+002
4.162471e+001, 2.700000e+002
4.213388e+001, 2.700000e+002
4.256611e+001, 2.700000e+002
4.292114e+001, 2.700000e+002
4.319871e+001, 2.700000e+002
4.339858e+001, 2.700000e+002
4.352052e+001, 2.700000e+002
4.356432e+001, 2.700000e+002
4.352979e+001, 2.700000e+002
4.341676e+001, 2.700000e+002
4.322509e+001, 2.700000e+002
4.295464e+001, 2.700000e+002
4.260535e+001, 2.700000e+002
4.217717e+001, 2.700000e+002
4.167009e+001, 2.700000e+002
4.108418e+001, 2.700000e+002
4.041954e+001, 2.700000e+002
3.967635e+001, 2.700000e+002
3.885487e+001, 2.700000e+002
3.795544e+001, 2.700000e+002
3.697849e+001, 2.700000e+002
3.592455e+001, 2.700000e+002
3.479427e+001, 2.700000e+002
3.358842e+001, 2.700000e+002
3.230788e+001, 2.700000e+002
3.095370e+001, 2.700000e+002
2.952705e+001, 2.700000e+002
2.802926e+001, 2.700000e+002
2.646183e+001, 2.700000e+002
2.482643e+001, 2.700000e+002
2.312490e+001, 2.700000e+002
2.135927e+001, 2.700000e+002
1.953175e+001, 2.700000e+002
1.764475e+001, 2.700000e+002
1.570089e+001, 2.700000e+002
1.370296e+001, 2.700000e+002
1.165399e+001, 2.700000e+002
9.557163e+000, 2.700000e+002
7.415914e+000, 2.700000e+002
5.233850e+000, 2.700000e+002
3.014787e+000, 2.700000e+002
7.627295e-001, 2.700000e+002
1.518126e+000, 9.000001e+001
3.823402e+000, 9.000001e+001
6.148547e+000, 9.000000e+001
8.488844e+000, 9.000000e+001
1.083942e+001, 9.000000e+001
1.319526e+001, 9.000000e+001
1.555123e+001, 9.000000e+001
1.790206e+001, 9.000000e+001
2.024239e+001, 9.000000e+001
2.256678e+001, 9.000000e+001
2.486973e+001, 9.000000e+001
2.714567e+001, 9.000000e+001
2.938902e+001, 9.000000e+001
3.159420e+001, 9.000000e+001
3.375562e+001, 9.000000e+001
3.586775e+001, 9.000000e+001
3.792508e+001, 9.000000e+001
3.992223e+001, 9.000000e+001
4.185388e+001, 9.000000e+001
4.371485e+001, 9.000000e+001
4.550011e+001, 9.000000e+001
4.720479e+001, 9.000000e+001
4.882421e+001, 9.000000e+001
5.035390e+001, 9.000000e+001
5.178963e+001, 9.000000e+001
5.312742e+001, 9.000000e+001
5.436354e+001, 9.000000e+001
5.549457e+001, 9.000000e+001
5.651739e+001, 9.000000e+001
5.742918e+001, 9.000000e+001
5.822747e+001, 9.000000e+001
5.891012e+001, 9.000000e+001
5.947534e+001, 9.000000e+001
5.992171e+001, 9.000000e+001
6.024818e+001, 9.000000e+001
6.045406e+001, 9.000000e+001
6.053903e+001, 9.000000e+001
6.050317e+001, 9.000000e+001
6.034690e+001, 9.000000e+001
6.007104e+001, 9.000000e+001
5.967675e+001, 9.000000e+001
5.916558e+001, 9.000000e+001
5.853939e+001, 9.000000e+001
5.780043e+001, 9.000000e+001
5.695123e+001, 9.000000e+001
5.599466e+001, 9.000000e+001
5.493391e+001, 9.000000e+001
5.377242e+001, 9.000000e+001
5.251391e+001, 9.000000e+001
5.116236e+001, 9.000000e+001
4.972198e+001, 9.000000e+001
4.819718e+001, 9.000000e+001
4.659257e+001, 9.000000e+001
4.491294e+001, 9.000000e+001
4.316321e+001, 9.000000e+001
4.134845e+001, 9.000000e+001
3.947381e+001, 9.000000e+001
3.754455e+001, 9.000000e+001
3.556598e+001, 9.000000e+001
3.354347e+001, 9.000000e+001
3.148239e+001, 9.000000e+001
2.938814e+001, 9.000000e+001
2.726607e+001, 9.000000e+001
2.512153e+001, 9.000000e+001
2.295980e+001, 9.000000e+001
2.078608e+001, 9.000000e+001
1.860550e+001, 9.000000e+001
1.642310e+001, 9.000001e+001
1.424376e+001, 9.000001e+001
1.207228e+001, 9.000001e+001
9.913296e+000, 9.000001e+001
7.771294e+000, 9.000001e+001
5.650602e+000, 9.000001e+001
3.555376e+000, 9.000002e+001
1.489597e+000, 9.000005e+001
5.429387e-001, 2.699999e+002
2.538625e+000, 2.700000e+002
4.494049e+000, 2.700000e+002
6.405992e+000, 2.700000e+002
8.271437e+000, 2.700000e+002
1.008756e+001, 2.700000e+002
1.185176e+001, 2.700000e+002
1.356159e+001, 2.700000e+002
1.521485e+001, 2.700000e+002
1.680951e+001, 2.700000e+002
1.834372e+001, 2.700000e+002
1.981585e+001, 2.700000e+002
2.122444e+001, 2.700000e+002
2.256819e+001, 2.700000e+002
2.384600e+001, 2.700000e+002
2.505692e+001, 2.700000e+002
2.620017e+001, 2.700000e+002
2.727512e+001, 2.700000e+002
2.828128e+001, 2.700000e+002
2.921831e+001, 2.700000e+002
3.008598e+001, 2.700000e+002
3.088422e+001, 2.700000e+002
3.161303e+001, 2.700000e+002
3.227256e+001, 2.700000e+002
3.286304e+001, 2.700000e+002
3.338478e+001, 2.700000e+002
3.383820e+001, 2.700000e+002
3.422379e+001, 2.700000e+002
5.740810e+001, 9.000000e+001
5.543219e+001, 9.000000e+001
5.349812e+001, 9.000000e+001
5.160940e+001, 9.000000e+001
4.976931e+001, 9.000000e+001
4.798094e+001, 9.000000e+001
4.624717e+001, 9.000000e+001
4.457067e+001, 9.000000e+001
4.295394e+001, 9.000000e+001
4.139926e+001, 9.000000e+001
3.990873e+001, 9.000000e+001
3.848428e+001, 9.000000e+001
3.712765e+001, 9.000000e+001
3.584041e+001, 9.000000e+001
3.462397e+001, 9.000000e+001
3.347958e+001, 9.000000e+001
3.240832e+001, 9.000000e+001
3.141113e+001, 9.000000e+001
3.048881e+001, 9.000000e+001
2.964200e+001, 9.000000e+001
2.887123e+001, 9.000000e+001
2.817687e+001, 9.000000e+001
2.755918e+001, 9.000000e+001
2.701829e+001, 9.000000e+001
2.655421e+001, 9.000000e+001
2.616682e+001, 9.000000e+001
2.585591e+001, 9.000000e+001
2.562111e+001, 9.000000e+001
2.546198e+001, 9.000000e+001
2.537795e+001, 9.000000e+001
2.536832e+001, 9.000000e+001
2.543231e+001, 9.000000e+001
2.556901e+001, 9.000000e+001
2.577739e+001, 9.000000e+001
2.605632e+001, 9.000000e+001
2.640455e+001, 9.000000e+001
2.682073e+001, 9.000000e+001
2.730336e+001, 9.000000e+001
2.785085e+001, 9.000000e+001
2.846148e+001, 9.000000e+001
2.913342e+001, 9.000000e+001
2.986468e+001, 9.000000e+001
3.065320e+001, 9.000000e+001
3.149675e+001, 9.000000e+001
3.239301e+001, 9.000000e+001
3.333950e+001, 9.000000e+001
3.433363e+001, 9.000000e+001
3.537269e+001, 9.000000e+001
3.645384e+001, 9.000000e+001
3.757410e+001, 9.000000e+001
3.873039e+001, 9.000000e+001
3.991950e+001, 9.000000e+001
4.113810e+001, 9.000000e+001
4.238275e+001, 9.000000e+001
4.364990e+001, 9.000000e+001
4.493590e+001, 9.000000e+001
4.623700e+001, 9.000000e+001
4.754935e+001, 9.000000e+001
4.886904e+001, 9.000000e+001
5.019207e+001, 9.000000e+001
5.151437e+001, 9.000000e+001
5.283183e+001, 9.000000e+001
5.414029e+001, 9.000000e+001
5.543556e+001, 9.000000e+001
5.671343e+001, 9.000000e+001
5.796967e+001, 9.000000e+001
5.920007e+001, 9.000000e+001
6.040045e+001, 9.000000e+001
6.156666e+001, 9.000000e+001
6.269458e+001, 9.000000e+001
6.378019e+001, 9.000000e+001
6.481953e+001, 9.000000e+001
6.580876e+001, 9.000000e+001
6.674413e+001, 9.000000e+001
6.762205e+001, 9.000000e+001
6.843905e+001, 9.000000e+001
6.919185e+001, 9.000000e+001
6.987733e+001, 9.000000e+001
7.049259e+001, 9.000000e+001
7.103491e+001, 9.000000e+001
7.150183e+001, 9.000000e+001
7.189110e+001, 9.000000e+001
7.220074e+001, 9.000000e+001
7.242904e+001, 9.000000e+001
7.257456e+001, 9.000000e+001
7.263614e+001, 9.000000e+001
7.261292e+001, 9.000000e+001
7.250436e+001, 9.000000e+001
7.231023e+001, 9.000000e+001
7.203059e+001, 9.000000e+001
7.166587e+001, 9.000000e+001
7.121678e+001, 9.000000e+001
7.068440e+001, 9.000000e+001
7.007010e+001, 9.000000e+001
6.937560e+001, 9.000000e+001
6.860294e+001, 9.000000e+001
6.775447e+001, 9.000000e+001
6.683289e+001, 9.000000e+001
6.584116e+001, 9.000000e+001
6.478257e+001, 9.000000e+001
6.366069e+001, 9.000000e+001
6.247938e+001, 9.000000e+001
6.124276e+001, 9.000000e+001
5.995519e+001, 9.000000e+001
5.862130e+001, 9.000000e+001
5.724592e+001, 9.000000e+001
5.583409e+001, 9.000000e+001
5.439104e+001, 9.000000e+001
5.292219e+001, 9.000000e+001
5.143308e+001, 9.000000e+001
4.992942e+001, 9.000000e+001
4.841701e+001, 9.000000e+001
4.690174e+001, 9.000000e+001
4.538958e+001, 9.000000e+001
4.388656e+001, 9.000000e+001
4.239874e+001, 9.000000e+001
4.093216e+001, 9.000000e+001
3.949289e+001, 9.000000e+001
3.808694e+001, 9.000000e+001
3.672028e+001, 9.000000e+001
3.539880e+001, 9.000000e+001
3.412830e+001, 9.000000e+001
3.291448e+001, 9.000000e+001
3.176289e+001, 9.000000e+001
3.067895e+001, 9.000000e+001
2.966789e+001, 9.000000e+001
2.873480e+001, 9.000000e+001
2.788453e+001, 9.000000e+001
2.712173e+001, 9.000000e+001
2.645084e+001, 9.000000e+001
2.587604e+001, 9.000000e+001
2.540127e+001, 9.000000e+001
2.503020e+001, 9.000000e+001
2.476623e+001, 9.000000e+001
2.461247e+001, 9.000000e+001
2.457176e+001, 9.000000e+001
2.464660e+001, 9.000000e+001
2.483923e+001, 9.000000e+001
2.515155e+001, 9.000000e+001
2.558516e+001, 9.000000e+001
2.614133e+001, 9.000000e+001
2.682101e+001, 9.000000e+001
2.762484e+001, 9.000000e+001
2.855311e+001, 9.000000e+001
2.960580e+001, 9.000000e+001
3.078257e+001, 9.000000e+001
3.208275e+001, 9.000000e+001
3.350535e+001, 9.000000e+001
3.504906e+001, 9.000000e+001
3.671226e+001, 9.000000e+001
3.849301e+001, 9.000000e+001
4.038908e+001, 9.000000e+001
4.239794e+001, 9.000000e+001
4.451673e+001, 9.000000e+001
4.674235e+001, 9.000000e+001
4.907138e+001, 9.000000e+001
5.150017e+001, 9.000000e+001
5.402475e+001, 9.000000e+001
5.664093e+001, 9.000000e+001
5.934426e+001, 9.000000e+001
6.213006e+001, 9.000000e+001
6.499339e+001, 9.000000e+001
6.792913e+001, 9.000000e+001
7.093191e+001, 9.000000e+001
7.399618e+001, 9.000000e+001
7.711621e+001, 9.000000e+001
8.028606e+001, 9.000000e+001
8.349964e+001, 9.000000e+001
8.675071e+001, 9.000000e+001
9.003287e+001, 9.000000e+001
9.333959e+001, 9.000000e+001
9.666422e+001, 9.000000e+001
1.000000e+002, 9.000000e+001
##END
