##TITLE= Pf1-2t0-0h7778
##JCAMP-DX= 5.00 Bruker JCAMP library
##DATA TYPE= Shape Data
##ORIGIN= Bruker BioSpin GmbH
##OWNER= <Alexej Jerschow>
##DATE= 2009/01/20
##TIME= 17:12:42
##$SHAPE_PARAMETERS= 
##MINX= 4.182051e-002
##MAXX= 1.000000e+002
##MINY= 8.999958e+001
##MAXY= 2.700003e+002
##$SHAPE_EXMODE= 
##$SHAPE_TOTROT= 
##$SHAPE_TYPE= 
##$SHAPE_USER_DEF= 
##$SHAPE_REPHFAC= 
##$SHAPE_BWFAC= 
##$SHAPE_BWFAC50= 
##$SHAPE_INTEGFAC= 
##$SHAPE_MODE= 
##NPOINTS= 1000
##XYPOINTS= (XY..XY)
2.594765e+001, 2.700000e+002
2.535437e+001, 2.700000e+002
2.475922e+001, 2.700000e+002
2.416241e+001, 2.700000e+002
2.356412e+001, 2.700000e+002
2.296451e+001, 2.700000e+002
2.236370e+001, 2.700000e+002
2.176178e+001, 2.700000e+002
2.115881e+001, 2.700000e+002
2.055483e+001, 2.700000e+002
1.994982e+001, 2.700000e+002
1.934375e+001, 2.700000e+002
1.873655e+001, 2.700000e+002
1.812813e+001, 2.700000e+002
1.751837e+001, 2.700000e+002
1.690712e+001, 2.700000e+002
1.629420e+001, 2.700000e+002
1.567941e+001, 2.700000e+002
1.506254e+001, 2.700000e+002
1.444335e+001, 2.700000e+002
1.382159e+001, 2.700000e+002
1.319699e+001, 2.700000e+002
1.256928e+001, 2.700000e+002
1.193817e+001, 2.700000e+002
1.130338e+001, 2.700000e+002
1.066462e+001, 2.700000e+002
1.002159e+001, 2.700000e+002
9.374026e+000, 2.700000e+002
8.721644e+000, 2.700000e+002
8.064182e+000, 2.700000e+002
7.401393e+000, 2.700000e+002
6.733046e+000, 2.700000e+002
6.058930e+000, 2.700000e+002
5.378858e+000, 2.700000e+002
4.692666e+000, 2.700000e+002
4.000223e+000, 2.700000e+002
3.301422e+000, 2.700000e+002
2.596195e+000, 2.700000e+002
1.884505e+000, 2.700000e+002
1.166350e+000, 2.700000e+002
4.417675e-001, 2.700001e+002
2.891666e-001, 8.999990e+001
1.026338e+000, 8.999997e+001
1.769591e+000, 8.999998e+001
2.518731e+000, 8.999999e+001
3.273523e+000, 8.999999e+001
4.033690e+000, 8.999999e+001
4.798917e+000, 8.999999e+001
5.568850e+000, 9.000000e+001
6.343096e+000, 9.000000e+001
7.121226e+000, 9.000000e+001
7.902777e+000, 9.000000e+001
8.687251e+000, 9.000000e+001
9.474119e+000, 9.000000e+001
1.026282e+001, 9.000000e+001
1.105278e+001, 9.000000e+001
1.184338e+001, 9.000000e+001
1.263400e+001, 9.000000e+001
1.342398e+001, 9.000000e+001
1.421267e+001, 9.000000e+001
1.499938e+001, 9.000000e+001
1.578343e+001, 9.000000e+001
1.656413e+001, 9.000000e+001
1.734080e+001, 9.000000e+001
1.811272e+001, 9.000000e+001
1.887923e+001, 9.000000e+001
1.963963e+001, 9.000000e+001
2.039326e+001, 9.000000e+001
2.113945e+001, 9.000000e+001
2.187759e+001, 9.000000e+001
2.260703e+001, 9.000000e+001
2.332720e+001, 9.000000e+001
2.403751e+001, 9.000000e+001
2.473744e+001, 9.000000e+001
2.542646e+001, 9.000000e+001
2.610411e+001, 9.000000e+001
2.676994e+001, 9.000000e+001
2.742355e+001, 9.000000e+001
2.806457e+001, 9.000000e+001
2.869269e+001, 9.000000e+001
2.930761e+001, 9.000000e+001
2.990909e+001, 9.000000e+001
3.049694e+001, 9.000000e+001
3.107100e+001, 9.000000e+001
3.163115e+001, 9.000000e+001
3.217734e+001, 9.000000e+001
3.270953e+001, 9.000000e+001
3.322773e+001, 9.000000e+001
3.373201e+001, 9.000000e+001
3.422246e+001, 9.000000e+001
3.469921e+001, 9.000000e+001
3.516244e+001, 9.000000e+001
3.561234e+001, 9.000000e+001
3.604916e+001, 9.000000e+001
3.647316e+001, 9.000000e+001
3.688465e+001, 9.000000e+001
3.728393e+001, 9.000000e+001
3.767136e+001, 9.000000e+001
3.804729e+001, 9.000000e+001
3.841211e+001, 9.000000e+001
3.876620e+001, 9.000000e+001
3.910996e+001, 9.000000e+001
3.944382e+001, 9.000000e+001
3.976817e+001, 9.000000e+001
4.008343e+001, 9.000000e+001
4.039002e+001, 9.000000e+001
4.068833e+001, 9.000000e+001
4.097876e+001, 9.000000e+001
4.126170e+001, 9.000000e+001
4.153751e+001, 9.000000e+001
4.180654e+001, 9.000000e+001
4.206914e+001, 9.000000e+001
4.232559e+001, 9.000000e+001
4.257620e+001, 9.000000e+001
4.282121e+001, 9.000000e+001
4.306086e+001, 9.000000e+001
4.329534e+001, 9.000000e+001
4.352482e+001, 9.000000e+001
4.374943e+001, 9.000000e+001
4.396928e+001, 9.000000e+001
4.418444e+001, 9.000000e+001
4.439492e+001, 9.000000e+001
4.460074e+001, 9.000000e+001
4.480186e+001, 9.000000e+001
4.499820e+001, 9.000000e+001
4.518967e+001, 9.000000e+001
4.537612e+001, 9.000000e+001
4.555739e+001, 9.000000e+001
4.573329e+001, 9.000000e+001
4.590359e+001, 9.000000e+001
4.606806e+001, 9.000000e+001
4.622640e+001, 9.000000e+001
4.637834e+001, 9.000000e+001
4.652357e+001, 9.000000e+001
4.666175e+001, 9.000000e+001
4.679255e+001, 9.000000e+001
4.691562e+001, 9.000000e+001
4.703061e+001, 9.000000e+001
4.713716e+001, 9.000000e+001
4.723490e+001, 9.000000e+001
4.732349e+001, 9.000000e+001
4.740257e+001, 9.000000e+001
4.747180e+001, 9.000000e+001
4.753085e+001, 9.000000e+001
4.757941e+001, 9.000000e+001
4.761718e+001, 9.000000e+001
4.764389e+001, 9.000000e+001
4.765928e+001, 9.000000e+001
4.766313e+001, 9.000000e+001
4.765524e+001, 9.000000e+001
4.763544e+001, 9.000000e+001
4.760359e+001, 9.000000e+001
4.755958e+001, 9.000000e+001
4.750335e+001, 9.000000e+001
4.743487e+001, 9.000000e+001
4.735412e+001, 9.000000e+001
4.726116e+001, 9.000000e+001
4.715605e+001, 9.000000e+001
4.703890e+001, 9.000000e+001
4.690985e+001, 9.000000e+001
4.676910e+001, 9.000000e+001
4.661684e+001, 9.000000e+001
4.645333e+001, 9.000000e+001
4.627884e+001, 9.000000e+001
4.609369e+001, 9.000000e+001
4.589820e+001, 9.000000e+001
4.569274e+001, 9.000000e+001
4.547768e+001, 9.000000e+001
4.525343e+001, 9.000000e+001
4.502041e+001, 9.000000e+001
4.477906e+001, 9.000000e+001
4.452981e+001, 9.000000e+001
4.427313e+001, 9.000000e+001
4.400948e+001, 9.000000e+001
4.373932e+001, 9.000000e+001
4.346311e+001, 9.000000e+001
4.318133e+001, 9.000000e+001
4.289441e+001, 9.000000e+001
4.260282e+001, 9.000000e+001
4.230698e+001, 9.000000e+001
4.200733e+001, 9.000000e+001
4.170425e+001, 9.000000e+001
4.139814e+001, 9.000000e+001
4.108936e+001, 9.000000e+001
4.077825e+001, 9.000000e+001
4.046513e+001, 9.000000e+001
4.015028e+001, 9.000000e+001
3.983397e+001, 9.000000e+001
3.951643e+001, 9.000000e+001
3.919785e+001, 9.000000e+001
3.887841e+001, 9.000000e+001
3.855824e+001, 9.000000e+001
3.823745e+001, 9.000000e+001
3.791610e+001, 9.000000e+001
3.759424e+001, 9.000000e+001
3.727187e+001, 9.000000e+001
3.694895e+001, 9.000000e+001
3.662545e+001, 9.000000e+001
3.630126e+001, 9.000000e+001
3.597628e+001, 9.000000e+001
3.565034e+001, 9.000000e+001
3.532329e+001, 9.000000e+001
3.499492e+001, 9.000000e+001
3.466500e+001, 9.000000e+001
3.433331e+001, 9.000000e+001
3.399956e+001, 9.000000e+001
3.366349e+001, 9.000000e+001
3.332479e+001, 9.000000e+001
3.298316e+001, 9.000000e+001
3.263826e+001, 9.000000e+001
3.228978e+001, 9.000000e+001
3.193737e+001, 9.000000e+001
3.158070e+001, 9.000000e+001
3.121942e+001, 9.000000e+001
3.085320e+001, 9.000000e+001
3.048170e+001, 9.000000e+001
3.010459e+001, 9.000000e+001
2.972156e+001, 9.000000e+001
2.933229e+001, 9.000000e+001
2.893649e+001, 9.000000e+001
2.853388e+001, 9.000000e+001
2.812420e+001, 9.000000e+001
2.770722e+001, 9.000000e+001
2.728270e+001, 9.000000e+001
2.685046e+001, 9.000000e+001
2.641033e+001, 9.000000e+001
2.596215e+001, 9.000000e+001
2.550583e+001, 9.000000e+001
2.504126e+001, 9.000000e+001
2.456840e+001, 9.000000e+001
2.408720e+001, 9.000000e+001
2.359769e+001, 9.000000e+001
2.309988e+001, 9.000000e+001
2.259385e+001, 9.000000e+001
2.207968e+001, 9.000000e+001
2.155750e+001, 9.000000e+001
2.102747e+001, 9.000000e+001
2.048975e+001, 9.000000e+001
1.994455e+001, 9.000000e+001
1.939210e+001, 9.000000e+001
1.883267e+001, 9.000000e+001
1.826651e+001, 9.000000e+001
1.769392e+001, 9.000000e+001
1.711522e+001, 9.000000e+001
1.653073e+001, 9.000000e+001
1.594077e+001, 9.000000e+001
1.534571e+001, 9.000000e+001
1.474589e+001, 9.000000e+001
1.414166e+001, 9.000000e+001
1.353339e+001, 9.000000e+001
1.292142e+001, 9.000000e+001
1.230612e+001, 9.000000e+001
1.168782e+001, 9.000000e+001
1.106684e+001, 9.000000e+001
1.044353e+001, 9.000000e+001
9.818161e+000, 9.000000e+001
9.191035e+000, 9.000000e+001
8.562413e+000, 9.000000e+001
7.932536e+000, 9.000000e+001
7.301619e+000, 9.000000e+001
6.669851e+000, 9.000000e+001
6.037395e+000, 9.000000e+001
5.404382e+000, 9.000000e+001
4.770912e+000, 9.000000e+001
4.137056e+000, 9.000000e+001
3.502851e+000, 9.000001e+001
2.868303e+000, 9.000001e+001
2.233386e+000, 9.000001e+001
1.598042e+000, 9.000001e+001
9.621828e-001, 9.000002e+001
3.256907e-001, 9.000007e+001
3.115807e-001, 2.699999e+002
9.498041e-001, 2.700000e+002
1.589177e+000, 2.700000e+002
2.229918e+000, 2.700000e+002
2.872268e+000, 2.700000e+002
3.516482e+000, 2.700000e+002
4.162830e+000, 2.700000e+002
4.811593e+000, 2.700000e+002
5.463058e+000, 2.700000e+002
6.117516e+000, 2.700000e+002
6.775258e+000, 2.700000e+002
7.436571e+000, 2.700000e+002
8.101732e+000, 2.700000e+002
8.771008e+000, 2.700000e+002
9.444647e+000, 2.700000e+002
1.012288e+001, 2.700000e+002
1.080591e+001, 2.700000e+002
1.149392e+001, 2.700000e+002
1.218705e+001, 2.700000e+002
1.288541e+001, 2.700000e+002
1.358907e+001, 2.700000e+002
1.429807e+001, 2.700000e+002
1.501238e+001, 2.700000e+002
1.573194e+001, 2.700000e+002
1.645665e+001, 2.700000e+002
1.718634e+001, 2.700000e+002
1.792078e+001, 2.700000e+002
1.865972e+001, 2.700000e+002
1.940282e+001, 2.700000e+002
2.014971e+001, 2.700000e+002
2.089995e+001, 2.700000e+002
2.165304e+001, 2.700000e+002
2.240845e+001, 2.700000e+002
2.316557e+001, 2.700000e+002
2.392376e+001, 2.700000e+002
2.468232e+001, 2.700000e+002
2.544052e+001, 2.700000e+002
2.619756e+001, 2.700000e+002
2.695262e+001, 2.700000e+002
2.770484e+001, 2.700000e+002
2.845334e+001, 2.700000e+002
2.919718e+001, 2.700000e+002
2.993544e+001, 2.700000e+002
3.066714e+001, 2.700000e+002
3.139131e+001, 2.700000e+002
3.210697e+001, 2.700000e+002
3.281314e+001, 2.700000e+002
3.350883e+001, 2.700000e+002
3.419307e+001, 2.700000e+002
3.486488e+001, 2.700000e+002
3.552334e+001, 2.700000e+002
3.616751e+001, 2.700000e+002
3.679651e+001, 2.700000e+002
3.740947e+001, 2.700000e+002
3.800558e+001, 2.700000e+002
3.858406e+001, 2.700000e+002
3.914418e+001, 2.700000e+002
3.968526e+001, 2.700000e+002
4.020668e+001, 2.700000e+002
4.070788e+001, 2.700000e+002
4.118836e+001, 2.700000e+002
4.164769e+001, 2.700000e+002
4.208551e+001, 2.700000e+002
4.250152e+001, 2.700000e+002
4.289551e+001, 2.700000e+002
4.326732e+001, 2.700000e+002
4.361689e+001, 2.700000e+002
4.394423e+001, 2.700000e+002
4.424941e+001, 2.700000e+002
4.453260e+001, 2.700000e+002
4.479404e+001, 2.700000e+002
4.503403e+001, 2.700000e+002
4.525297e+001, 2.700000e+002
4.545132e+001, 2.700000e+002
4.562960e+001, 2.700000e+002
4.578842e+001, 2.700000e+002
4.592843e+001, 2.700000e+002
4.605038e+001, 2.700000e+002
4.615505e+001, 2.700000e+002
4.624328e+001, 2.700000e+002
4.631597e+001, 2.700000e+002
4.637408e+001, 2.700000e+002
4.641858e+001, 2.700000e+002
4.645052e+001, 2.700000e+002
4.647095e+001, 2.700000e+002
4.648098e+001, 2.700000e+002
4.648172e+001, 2.700000e+002
4.647431e+001, 2.700000e+002
4.645991e+001, 2.700000e+002
4.643968e+001, 2.700000e+002
4.641480e+001, 2.700000e+002
4.638642e+001, 2.700000e+002
4.635571e+001, 2.700000e+002
4.632381e+001, 2.700000e+002
4.629185e+001, 2.700000e+002
4.626094e+001, 2.700000e+002
4.623215e+001, 2.700000e+002
4.620652e+001, 2.700000e+002
4.618506e+001, 2.700000e+002
4.616873e+001, 2.700000e+002
4.615843e+001, 2.700000e+002
4.615503e+001, 2.700000e+002
4.615933e+001, 2.700000e+002
4.617207e+001, 2.700000e+002
4.619392e+001, 2.700000e+002
4.622549e+001, 2.700000e+002
4.626733e+001, 2.700000e+002
4.631989e+001, 2.700000e+002
4.638355e+001, 2.700000e+002
4.645863e+001, 2.700000e+002
4.654535e+001, 2.700000e+002
4.664387e+001, 2.700000e+002
4.675423e+001, 2.700000e+002
4.687642e+001, 2.700000e+002
4.701035e+001, 2.700000e+002
4.715581e+001, 2.700000e+002
4.731254e+001, 2.700000e+002
4.748018e+001, 2.700000e+002
4.765831e+001, 2.700000e+002
4.784641e+001, 2.700000e+002
4.804389e+001, 2.700000e+002
4.825008e+001, 2.700000e+002
4.846426e+001, 2.700000e+002
4.868561e+001, 2.700000e+002
4.891327e+001, 2.700000e+002
4.914629e+001, 2.700000e+002
4.938371e+001, 2.700000e+002
4.962446e+001, 2.700000e+002
4.986747e+001, 2.700000e+002
5.011159e+001, 2.700000e+002
5.035566e+001, 2.700000e+002
5.059846e+001, 2.700000e+002
5.083875e+001, 2.700000e+002
5.107529e+001, 2.700000e+002
5.130679e+001, 2.700000e+002
5.153197e+001, 2.700000e+002
5.174954e+001, 2.700000e+002
5.195819e+001, 2.700000e+002
5.215665e+001, 2.700000e+002
5.234363e+001, 2.700000e+002
5.251788e+001, 2.700000e+002
5.267816e+001, 2.700000e+002
5.282326e+001, 2.700000e+002
5.295201e+001, 2.700000e+002
5.306326e+001, 2.700000e+002
5.315593e+001, 2.700000e+002
5.322897e+001, 2.700000e+002
5.328139e+001, 2.700000e+002
5.331225e+001, 2.700000e+002
5.332067e+001, 2.700000e+002
5.330585e+001, 2.700000e+002
5.326704e+001, 2.700000e+002
5.320356e+001, 2.700000e+002
5.311483e+001, 2.700000e+002
5.300031e+001, 2.700000e+002
5.285955e+001, 2.700000e+002
5.269220e+001, 2.700000e+002
5.249797e+001, 2.700000e+002
5.227664e+001, 2.700000e+002
5.202810e+001, 2.700000e+002
5.175230e+001, 2.700000e+002
5.144927e+001, 2.700000e+002
5.111914e+001, 2.700000e+002
5.076209e+001, 2.700000e+002
5.037841e+001, 2.700000e+002
4.996844e+001, 2.700000e+002
4.953259e+001, 2.700000e+002
4.907137e+001, 2.700000e+002
4.858532e+001, 2.700000e+002
4.807507e+001, 2.700000e+002
4.754130e+001, 2.700000e+002
4.698475e+001, 2.700000e+002
4.640620e+001, 2.700000e+002
4.580650e+001, 2.700000e+002
4.518651e+001, 2.700000e+002
4.454718e+001, 2.700000e+002
4.388943e+001, 2.700000e+002
4.321427e+001, 2.700000e+002
4.252268e+001, 2.700000e+002
4.181570e+001, 2.700000e+002
4.109435e+001, 2.700000e+002
4.035970e+001, 2.700000e+002
3.961277e+001, 2.700000e+002
3.885462e+001, 2.700000e+002
3.808629e+001, 2.700000e+002
3.730880e+001, 2.700000e+002
3.652316e+001, 2.700000e+002
3.573036e+001, 2.700000e+002
3.493137e+001, 2.700000e+002
3.412713e+001, 2.700000e+002
3.331853e+001, 2.700000e+002
3.250644e+001, 2.700000e+002
3.169170e+001, 2.700000e+002
3.087508e+001, 2.700000e+002
3.005732e+001, 2.700000e+002
2.923914e+001, 2.700000e+002
2.842116e+001, 2.700000e+002
2.760399e+001, 2.700000e+002
2.678818e+001, 2.700000e+002
2.597421e+001, 2.700000e+002
2.516255e+001, 2.700000e+002
2.435358e+001, 2.700000e+002
2.354765e+001, 2.700000e+002
2.274505e+001, 2.700000e+002
2.194603e+001, 2.700000e+002
2.115079e+001, 2.700000e+002
2.035948e+001, 2.700000e+002
1.957223e+001, 2.700000e+002
1.878909e+001, 2.700000e+002
1.801012e+001, 2.700000e+002
1.723530e+001, 2.700000e+002
1.646461e+001, 2.700000e+002
1.569798e+001, 2.700000e+002
1.493534e+001, 2.700000e+002
1.417656e+001, 2.700000e+002
1.342154e+001, 2.700000e+002
1.267012e+001, 2.700000e+002
1.192216e+001, 2.700000e+002
1.117749e+001, 2.700000e+002
1.043594e+001, 2.700000e+002
9.697343e+000, 2.700000e+002
8.961534e+000, 2.700000e+002
8.228346e+000, 2.700000e+002
7.497623e+000, 2.700000e+002
6.769214e+000, 2.700000e+002
6.042983e+000, 2.700000e+002
5.318807e+000, 2.700000e+002
4.596579e+000, 2.700000e+002
3.876208e+000, 2.700000e+002
3.157623e+000, 2.700000e+002
2.440773e+000, 2.700000e+002
1.725627e+000, 2.700000e+002
1.012176e+000, 2.699999e+002
3.004322e-001, 2.699997e+002
4.095691e-001, 9.000020e+001
1.117772e+000, 9.000007e+001
1.824098e+000, 9.000004e+001
2.528450e+000, 9.000003e+001
3.230709e+000, 9.000003e+001
3.930740e+000, 9.000002e+001
4.628387e+000, 9.000002e+001
5.323481e+000, 9.000002e+001
6.015839e+000, 9.000001e+001
6.705264e+000, 9.000001e+001
7.391551e+000, 9.000001e+001
8.074485e+000, 9.000001e+001
8.753846e+000, 9.000001e+001
9.429409e+000, 9.000001e+001
1.010095e+001, 9.000001e+001
1.076824e+001, 9.000001e+001
1.143107e+001, 9.000001e+001
1.208921e+001, 9.000001e+001
1.274245e+001, 9.000001e+001
1.339061e+001, 9.000001e+001
1.403349e+001, 9.000001e+001
1.467092e+001, 9.000001e+001
1.530275e+001, 9.000001e+001
1.592883e+001, 9.000000e+001
1.654906e+001, 9.000000e+001
1.716332e+001, 9.000000e+001
1.777155e+001, 9.000000e+001
1.837370e+001, 9.000000e+001
1.896973e+001, 9.000000e+001
1.955964e+001, 9.000000e+001
2.014346e+001, 9.000000e+001
2.072122e+001, 9.000000e+001
2.129301e+001, 9.000000e+001
2.185892e+001, 9.000000e+001
2.241907e+001, 9.000000e+001
2.297361e+001, 9.000000e+001
2.352271e+001, 9.000000e+001
2.406656e+001, 9.000000e+001
2.460538e+001, 9.000000e+001
2.513940e+001, 9.000000e+001
2.566887e+001, 9.000000e+001
2.619407e+001, 9.000000e+001
2.671528e+001, 9.000000e+001
2.723279e+001, 9.000000e+001
2.774691e+001, 9.000000e+001
2.825796e+001, 9.000000e+001
2.876627e+001, 9.000000e+001
2.927216e+001, 9.000000e+001
2.977596e+001, 9.000000e+001
3.027800e+001, 9.000000e+001
3.077861e+001, 9.000000e+001
3.127812e+001, 9.000000e+001
3.177682e+001, 9.000000e+001
3.227503e+001, 9.000000e+001
3.277304e+001, 9.000000e+001
3.327113e+001, 9.000000e+001
3.376955e+001, 9.000000e+001
3.426856e+001, 9.000000e+001
3.476836e+001, 9.000000e+001
3.526917e+001, 9.000000e+001
3.577114e+001, 9.000000e+001
3.627444e+001, 9.000000e+001
3.677918e+001, 9.000000e+001
3.728544e+001, 9.000000e+001
3.779331e+001, 9.000000e+001
3.830279e+001, 9.000000e+001
3.881389e+001, 9.000000e+001
3.932658e+001, 9.000000e+001
3.984078e+001, 9.000000e+001
4.035639e+001, 9.000000e+001
4.087328e+001, 9.000000e+001
4.139126e+001, 9.000000e+001
4.191014e+001, 9.000000e+001
4.242968e+001, 9.000000e+001
4.294960e+001, 9.000000e+001
4.346961e+001, 9.000000e+001
4.398935e+001, 9.000000e+001
4.450847e+001, 9.000000e+001
4.502658e+001, 9.000000e+001
4.554324e+001, 9.000000e+001
4.605802e+001, 9.000000e+001
4.657044e+001, 9.000000e+001
4.708000e+001, 9.000000e+001
4.758620e+001, 9.000000e+001
4.808851e+001, 9.000000e+001
4.858637e+001, 9.000000e+001
4.907924e+001, 9.000000e+001
4.956655e+001, 9.000000e+001
5.004773e+001, 9.000000e+001
5.052220e+001, 9.000000e+001
5.098939e+001, 9.000000e+001
5.144873e+001, 9.000000e+001
5.189964e+001, 9.000000e+001
5.234157e+001, 9.000000e+001
5.277398e+001, 9.000000e+001
5.319633e+001, 9.000000e+001
5.360811e+001, 9.000000e+001
5.400882e+001, 9.000000e+001
5.439800e+001, 9.000000e+001
5.477520e+001, 9.000000e+001
5.514001e+001, 9.000000e+001
5.549203e+001, 9.000000e+001
5.583093e+001, 9.000000e+001
5.615638e+001, 9.000000e+001
5.646809e+001, 9.000000e+001
5.676583e+001, 9.000000e+001
5.704940e+001, 9.000000e+001
5.731862e+001, 9.000000e+001
5.757338e+001, 9.000000e+001
5.781358e+001, 9.000000e+001
5.803920e+001, 9.000000e+001
5.825022e+001, 9.000000e+001
5.844669e+001, 9.000000e+001
5.862868e+001, 9.000000e+001
5.879632e+001, 9.000000e+001
5.894975e+001, 9.000000e+001
5.908917e+001, 9.000000e+001
5.921479e+001, 9.000000e+001
5.932688e+001, 9.000000e+001
5.942570e+001, 9.000000e+001
5.951159e+001, 9.000000e+001
5.958486e+001, 9.000000e+001
5.964588e+001, 9.000000e+001
5.969501e+001, 9.000000e+001
5.973265e+001, 9.000000e+001
5.975919e+001, 9.000000e+001
5.977505e+001, 9.000000e+001
5.978064e+001, 9.000000e+001
5.977636e+001, 9.000000e+001
5.976265e+001, 9.000000e+001
5.973990e+001, 9.000000e+001
5.970852e+001, 9.000000e+001
5.966891e+001, 9.000000e+001
5.962144e+001, 9.000000e+001
5.956647e+001, 9.000000e+001
5.950434e+001, 9.000000e+001
5.943538e+001, 9.000000e+001
5.935989e+001, 9.000000e+001
5.927814e+001, 9.000000e+001
5.919037e+001, 9.000000e+001
5.909679e+001, 9.000000e+001
5.899760e+001, 9.000000e+001
5.889295e+001, 9.000000e+001
5.878296e+001, 9.000000e+001
5.866772e+001, 9.000000e+001
5.854729e+001, 9.000000e+001
5.842169e+001, 9.000000e+001
5.829091e+001, 9.000000e+001
5.815492e+001, 9.000000e+001
5.801364e+001, 9.000000e+001
5.786698e+001, 9.000000e+001
5.771480e+001, 9.000000e+001
5.755695e+001, 9.000000e+001
5.739325e+001, 9.000000e+001
5.722350e+001, 9.000000e+001
5.704747e+001, 9.000000e+001
5.686493e+001, 9.000000e+001
5.667561e+001, 9.000000e+001
5.647925e+001, 9.000000e+001
5.627556e+001, 9.000000e+001
5.606427e+001, 9.000000e+001
5.584507e+001, 9.000000e+001
5.561767e+001, 9.000000e+001
5.538179e+001, 9.000000e+001
5.513713e+001, 9.000000e+001
5.488343e+001, 9.000000e+001
5.462040e+001, 9.000000e+001
5.434781e+001, 9.000000e+001
5.406540e+001, 9.000000e+001
5.377296e+001, 9.000000e+001
5.347031e+001, 9.000000e+001
5.315725e+001, 9.000000e+001
5.283366e+001, 9.000000e+001
5.249941e+001, 9.000000e+001
5.215442e+001, 9.000000e+001
5.179863e+001, 9.000000e+001
5.143203e+001, 9.000000e+001
5.105463e+001, 9.000000e+001
5.066649e+001, 9.000000e+001
5.026769e+001, 9.000000e+001
4.985835e+001, 9.000000e+001
4.943865e+001, 9.000000e+001
4.900879e+001, 9.000000e+001
4.856899e+001, 9.000000e+001
4.811954e+001, 9.000000e+001
4.766075e+001, 9.000000e+001
4.719297e+001, 9.000000e+001
4.671656e+001, 9.000000e+001
4.623196e+001, 9.000000e+001
4.573958e+001, 9.000000e+001
4.523991e+001, 9.000000e+001
4.473344e+001, 9.000000e+001
4.422069e+001, 9.000000e+001
4.370220e+001, 9.000000e+001
4.317852e+001, 9.000000e+001
4.265022e+001, 9.000000e+001
4.211789e+001, 9.000000e+001
4.158212e+001, 9.000000e+001
4.104352e+001, 9.000000e+001
4.050267e+001, 9.000000e+001
3.996019e+001, 9.000000e+001
3.941666e+001, 9.000000e+001
3.887268e+001, 9.000000e+001
3.832882e+001, 9.000000e+001
3.778564e+001, 9.000000e+001
3.724370e+001, 9.000000e+001
3.670350e+001, 9.000000e+001
3.616557e+001, 9.000000e+001
3.563036e+001, 9.000000e+001
3.509833e+001, 9.000000e+001
3.456989e+001, 9.000000e+001
3.404542e+001, 9.000000e+001
3.352526e+001, 9.000000e+001
3.300972e+001, 9.000000e+001
3.249906e+001, 9.000000e+001
3.199351e+001, 9.000000e+001
3.149324e+001, 9.000000e+001
3.099840e+001, 9.000000e+001
3.050908e+001, 9.000000e+001
3.002532e+001, 9.000000e+001
2.954714e+001, 9.000000e+001
2.907448e+001, 9.000000e+001
2.860726e+001, 9.000000e+001
2.814535e+001, 9.000000e+001
2.768858e+001, 9.000000e+001
2.723674e+001, 9.000000e+001
2.678958e+001, 9.000000e+001
2.634680e+001, 9.000000e+001
2.590808e+001, 9.000000e+001
2.547306e+001, 9.000000e+001
2.504136e+001, 9.000000e+001
2.461255e+001, 9.000000e+001
2.418619e+001, 9.000000e+001
2.376183e+001, 9.000000e+001
2.333898e+001, 9.000000e+001
2.291715e+001, 9.000000e+001
2.249582e+001, 9.000000e+001
2.207450e+001, 9.000000e+001
2.165266e+001, 9.000000e+001
2.122979e+001, 9.000000e+001
2.080538e+001, 9.000000e+001
2.037892e+001, 9.000000e+001
1.994992e+001, 9.000000e+001
1.951792e+001, 9.000000e+001
1.908245e+001, 9.000000e+001
1.864308e+001, 9.000000e+001
1.819940e+001, 9.000000e+001
1.775104e+001, 9.000000e+001
1.729766e+001, 9.000000e+001
1.683894e+001, 9.000000e+001
1.637461e+001, 9.000000e+001
1.590444e+001, 9.000000e+001
1.542824e+001, 9.000000e+001
1.494586e+001, 9.000000e+001
1.445720e+001, 9.000000e+001
1.396221e+001, 9.000000e+001
1.346088e+001, 9.000000e+001
1.295324e+001, 9.000000e+001
1.243939e+001, 9.000001e+001
1.191945e+001, 9.000001e+001
1.139363e+001, 9.000001e+001
1.086213e+001, 9.000001e+001
1.032525e+001, 9.000001e+001
9.783295e+000, 9.000001e+001
9.236637e+000, 9.000001e+001
8.685679e+000, 9.000001e+001
8.130868e+000, 9.000001e+001
7.572686e+000, 9.000001e+001
7.011653e+000, 9.000001e+001
6.448318e+000, 9.000001e+001
5.883264e+000, 9.000001e+001
5.317098e+000, 9.000001e+001
4.750454e+000, 9.000002e+001
4.183985e+000, 9.000002e+001
3.618364e+000, 9.000002e+001
3.054278e+000, 9.000002e+001
2.492426e+000, 9.000003e+001
1.933516e+000, 9.000004e+001
1.378262e+000, 9.000005e+001
8.273796e-001, 9.000009e+001
2.815845e-001, 9.000026e+001
2.584117e-001, 2.699997e+002
7.919039e-001, 2.699999e+002
1.318196e+000, 2.699999e+002
1.836606e+000, 2.700000e+002
2.346463e+000, 2.700000e+002
2.847117e+000, 2.700000e+002
3.337935e+000, 2.700000e+002
3.818309e+000, 2.700000e+002
4.287651e+000, 2.700000e+002
4.745402e+000, 2.700000e+002
5.191028e+000, 2.700000e+002
5.624026e+000, 2.700000e+002
6.043921e+000, 2.700000e+002
6.450272e+000, 2.700000e+002
6.842669e+000, 2.700000e+002
7.220737e+000, 2.700000e+002
7.584132e+000, 2.700000e+002
7.932548e+000, 2.700000e+002
8.265712e+000, 2.700000e+002
8.583386e+000, 2.700000e+002
8.885368e+000, 2.700000e+002
9.171490e+000, 2.700000e+002
9.441619e+000, 2.700000e+002
9.695657e+000, 2.700000e+002
9.933539e+000, 2.700000e+002
1.015523e+001, 2.700000e+002
1.036074e+001, 2.700000e+002
1.055009e+001, 2.700000e+002
1.072335e+001, 2.700000e+002
1.088060e+001, 2.700000e+002
1.102197e+001, 2.700000e+002
1.114761e+001, 2.700000e+002
1.125768e+001, 2.700000e+002
1.135238e+001, 2.700000e+002
1.143194e+001, 2.700000e+002
1.149659e+001, 2.700000e+002
1.154660e+001, 2.700000e+002
1.158224e+001, 2.700000e+002
1.160382e+001, 2.700000e+002
1.161164e+001, 2.700000e+002
1.160604e+001, 2.700000e+002
1.014540e+001, 9.000000e+001
9.769510e+000, 9.000000e+001
9.399918e+000, 9.000000e+001
9.036844e+000, 9.000000e+001
8.680479e+000, 9.000000e+001
8.330989e+000, 9.000000e+001
7.988515e+000, 9.000000e+001
7.653168e+000, 9.000001e+001
7.325040e+000, 9.000001e+001
7.004197e+000, 9.000001e+001
6.690684e+000, 9.000000e+001
6.384527e+000, 9.000000e+001
6.085731e+000, 9.000000e+001
5.794284e+000, 9.000000e+001
5.510162e+000, 9.000000e+001
5.233320e+000, 9.000000e+001
4.963706e+000, 9.000000e+001
4.701253e+000, 9.000000e+001
4.445883e+000, 9.000000e+001
4.197512e+000, 9.000000e+001
3.956046e+000, 9.000000e+001
3.721385e+000, 9.000000e+001
3.493422e+000, 9.000000e+001
3.272047e+000, 9.000000e+001
3.057146e+000, 9.000000e+001
2.848602e+000, 9.000000e+001
2.646295e+000, 9.000000e+001
2.450103e+000, 9.000000e+001
2.259906e+000, 9.000000e+001
2.075579e+000, 9.000000e+001
1.897000e+000, 9.000000e+001
1.724044e+000, 9.000000e+001
1.556588e+000, 9.000000e+001
1.394507e+000, 9.000000e+001
1.237679e+000, 8.999999e+001
1.085978e+000, 8.999999e+001
9.392804e-001, 8.999999e+001
7.974607e-001, 8.999999e+001
6.603928e-001, 8.999998e+001
5.279496e-001, 8.999998e+001
4.000023e-001, 8.999996e+001
2.764206e-001, 8.999994e+001
1.570717e-001, 8.999989e+001
4.182051e-002, 8.999958e+001
6.947069e-002, 2.700003e+002
1.769427e-001, 2.700001e+002
2.807395e-001, 2.700001e+002
3.810084e-001, 2.700001e+002
4.779000e-001, 2.700000e+002
5.715683e-001, 2.700000e+002
6.621708e-001, 2.700000e+002
7.498678e-001, 2.700000e+002
8.348225e-001, 2.700000e+002
9.172005e-001, 2.700000e+002
9.971693e-001, 2.700000e+002
1.074897e+000, 2.700000e+002
1.150554e+000, 2.700000e+002
1.224308e+000, 2.700000e+002
1.296327e+000, 2.700000e+002
1.366774e+000, 2.700000e+002
1.435812e+000, 2.700000e+002
1.503594e+000, 2.700000e+002
1.570272e+000, 2.700000e+002
1.635984e+000, 2.700000e+002
1.700861e+000, 2.700000e+002
1.765023e+000, 2.700000e+002
1.828575e+000, 2.700000e+002
1.891606e+000, 2.700000e+002
1.954190e+000, 2.700000e+002
2.016377e+000, 2.700000e+002
2.078201e+000, 2.700000e+002
2.139668e+000, 2.700000e+002
2.200761e+000, 2.700000e+002
2.261434e+000, 2.700000e+002
2.321612e+000, 2.700000e+002
2.381187e+000, 2.700000e+002
2.440019e+000, 2.700000e+002
2.497934e+000, 2.700000e+002
2.554716e+000, 2.700000e+002
2.610116e+000, 2.700000e+002
2.663841e+000, 2.700000e+002
2.715559e+000, 2.700000e+002
2.764893e+000, 2.700000e+002
2.811424e+000, 2.700000e+002
2.854688e+000, 2.700000e+002
2.894175e+000, 2.700000e+002
2.929332e+000, 2.700000e+002
2.959558e+000, 2.700000e+002
2.984205e+000, 2.700000e+002
3.002582e+000, 2.700000e+002
3.013952e+000, 2.700000e+002
3.017532e+000, 2.700000e+002
3.012497e+000, 2.700000e+002
2.997978e+000, 2.700000e+002
2.973067e+000, 2.700000e+002
2.936813e+000, 2.700000e+002
2.888230e+000, 2.700000e+002
2.826294e+000, 2.700000e+002
2.749950e+000, 2.700000e+002
2.658109e+000, 2.700000e+002
2.549656e+000, 2.700000e+002
2.423448e+000, 2.700000e+002
2.278321e+000, 2.700000e+002
2.113089e+000, 2.700000e+002
1.926552e+000, 2.700000e+002
1.717496e+000, 2.700000e+002
1.484697e+000, 2.700000e+002
1.226926e+000, 2.700000e+002
9.429494e-001, 2.700000e+002
6.315377e-001, 2.700000e+002
2.914648e-001, 2.700001e+002
7.848653e-002, 8.999978e+001
4.795208e-001, 8.999997e+001
9.128264e-001, 8.999998e+001
1.379572e+000, 8.999999e+001
1.880903e+000, 8.999999e+001
2.417938e+000, 8.999999e+001
2.991764e+000, 9.000000e+001
3.603437e+000, 9.000000e+001
4.253973e+000, 9.000000e+001
4.944349e+000, 9.000000e+001
5.675502e+000, 9.000000e+001
6.448319e+000, 9.000000e+001
7.263641e+000, 9.000000e+001
8.122259e+000, 9.000000e+001
9.024910e+000, 9.000000e+001
9.972276e+000, 9.000000e+001
1.096498e+001, 9.000000e+001
1.200360e+001, 9.000000e+001
1.308862e+001, 9.000000e+001
1.422051e+001, 9.000000e+001
1.539963e+001, 9.000000e+001
1.662632e+001, 9.000000e+001
1.790082e+001, 9.000000e+001
1.922331e+001, 9.000000e+001
2.059393e+001, 9.000000e+001
2.201272e+001, 9.000000e+001
2.347968e+001, 9.000000e+001
2.499473e+001, 9.000000e+001
2.655771e+001, 9.000000e+001
2.816842e+001, 9.000000e+001
2.982657e+001, 9.000000e+001
3.153181e+001, 9.000000e+001
3.328372e+001, 9.000000e+001
3.508182e+001, 9.000000e+001
3.692555e+001, 9.000000e+001
3.881429e+001, 9.000000e+001
4.074735e+001, 9.000000e+001
4.272396e+001, 9.000000e+001
4.474330e+001, 9.000000e+001
4.680448e+001, 9.000000e+001
4.890653e+001, 9.000000e+001
5.104840e+001, 9.000000e+001
5.322900e+001, 9.000000e+001
5.544714e+001, 9.000000e+001
5.770158e+001, 9.000000e+001
5.999099e+001, 9.000000e+001
6.231398e+001, 9.000000e+001
6.466908e+001, 9.000000e+001
6.705474e+001, 9.000000e+001
6.946934e+001, 9.000000e+001
7.191118e+001, 9.000000e+001
7.437847e+001, 9.000000e+001
7.686936e+001, 9.000000e+001
7.938190e+001, 9.000000e+001
8.191406e+001, 9.000000e+001
8.446373e+001, 9.000000e+001
8.702871e+001, 9.000000e+001
8.960670e+001, 9.000000e+001
9.219534e+001, 9.000000e+001
9.479216e+001, 9.000000e+001
9.739460e+001, 9.000000e+001
1.000000e+002, 9.000000e+001
##END
