##TITLE= Pf1-4t0-0h3956
##JCAMP-DX= 5.00 Bruker JCAMP library
##DATA TYPE= Shape Data
##ORIGIN= Bruker BioSpin GmbH
##OWNER= <Alexej Jerschow>
##DATE= 2009/01/20
##TIME= 17:09:34
##$SHAPE_PARAMETERS= 
##MINX= 3.932052e-002
##MAXX= 1.000000e+002
##MINY= 9.000000e+001
##MAXY= 2.700000e+002
##$SHAPE_EXMODE= 
##$SHAPE_TOTROT= 
##$SHAPE_TYPE= 
##$SHAPE_USER_DEF= 
##$SHAPE_REPHFAC= 
##$SHAPE_BWFAC= 
##$SHAPE_BWFAC50= 
##$SHAPE_INTEGFAC= 
##$SHAPE_MODE= 
##NPOINTS= 1000
##XYPOINTS= (XY..XY)
3.436342e+001, 9.000000e+001
3.455548e+001, 9.000000e+001
3.471787e+001, 9.000000e+001
3.485019e+001, 9.000000e+001
3.495206e+001, 9.000000e+001
3.502321e+001, 9.000000e+001
3.506345e+001, 9.000000e+001
3.507268e+001, 9.000000e+001
3.505087e+001, 9.000000e+001
3.499807e+001, 9.000000e+001
3.491443e+001, 9.000000e+001
3.480019e+001, 9.000000e+001
3.465566e+001, 9.000000e+001
3.448123e+001, 9.000000e+001
3.427736e+001, 9.000000e+001
3.404463e+001, 9.000000e+001
3.378364e+001, 9.000000e+001
3.349508e+001, 9.000000e+001
3.317973e+001, 9.000000e+001
3.283839e+001, 9.000000e+001
3.247194e+001, 9.000000e+001
3.208131e+001, 9.000000e+001
3.166746e+001, 9.000000e+001
3.123140e+001, 9.000000e+001
3.077419e+001, 9.000000e+001
3.029687e+001, 9.000000e+001
2.980055e+001, 9.000000e+001
2.928632e+001, 9.000000e+001
2.875530e+001, 9.000000e+001
2.820857e+001, 9.000000e+001
2.764726e+001, 9.000000e+001
2.707243e+001, 9.000000e+001
2.648517e+001, 9.000000e+001
2.588650e+001, 9.000000e+001
2.527745e+001, 9.000000e+001
2.465897e+001, 9.000000e+001
2.403201e+001, 9.000000e+001
2.339743e+001, 9.000000e+001
2.275608e+001, 9.000000e+001
2.210871e+001, 9.000000e+001
2.145605e+001, 9.000000e+001
2.079874e+001, 9.000000e+001
2.013737e+001, 9.000000e+001
1.947245e+001, 9.000000e+001
1.880443e+001, 9.000000e+001
1.813370e+001, 9.000000e+001
1.746055e+001, 9.000000e+001
1.678523e+001, 9.000000e+001
1.610791e+001, 9.000000e+001
1.542867e+001, 9.000000e+001
1.474757e+001, 9.000000e+001
1.406457e+001, 9.000000e+001
1.337957e+001, 9.000000e+001
1.269243e+001, 9.000000e+001
1.200296e+001, 9.000000e+001
1.131088e+001, 9.000000e+001
1.061591e+001, 9.000000e+001
9.917716e+000, 9.000000e+001
9.215914e+000, 9.000000e+001
8.510105e+000, 9.000000e+001
7.799862e+000, 9.000000e+001
7.084741e+000, 9.000000e+001
6.364285e+000, 9.000000e+001
5.638031e+000, 9.000001e+001
4.905516e+000, 9.000001e+001
4.166286e+000, 9.000001e+001
3.419897e+000, 9.000001e+001
2.665926e+000, 9.000001e+001
1.903974e+000, 9.000002e+001
1.133675e+000, 9.000004e+001
3.546956e-001, 9.000013e+001
4.332515e-001, 2.699999e+002
1.230408e+000, 2.700000e+002
2.036964e+000, 2.700000e+002
2.853051e+000, 2.700000e+002
3.678743e+000, 2.700000e+002
4.514047e+000, 2.700000e+002
5.358903e+000, 2.700000e+002
6.213182e+000, 2.700000e+002
7.076679e+000, 2.700000e+002
7.949118e+000, 2.700000e+002
8.830145e+000, 2.700000e+002
9.719331e+000, 2.700000e+002
1.061617e+001, 2.700000e+002
1.152008e+001, 2.700000e+002
1.243040e+001, 2.700000e+002
1.334640e+001, 2.700000e+002
1.426727e+001, 2.700000e+002
1.519215e+001, 2.700000e+002
1.612008e+001, 2.700000e+002
1.705008e+001, 2.700000e+002
1.798107e+001, 2.700000e+002
1.891194e+001, 2.700000e+002
1.984152e+001, 2.700000e+002
2.076860e+001, 2.700000e+002
2.169193e+001, 2.700000e+002
2.261023e+001, 2.700000e+002
2.352217e+001, 2.700000e+002
2.442644e+001, 2.700000e+002
2.532168e+001, 2.700000e+002
2.620655e+001, 2.700000e+002
2.707967e+001, 2.700000e+002
2.793971e+001, 2.700000e+002
2.878532e+001, 2.700000e+002
2.961520e+001, 2.700000e+002
3.042804e+001, 2.700000e+002
3.122259e+001, 2.700000e+002
3.199762e+001, 2.700000e+002
3.275198e+001, 2.700000e+002
3.348452e+001, 2.700000e+002
3.419419e+001, 2.700000e+002
3.487998e+001, 2.700000e+002
3.554095e+001, 2.700000e+002
3.617623e+001, 2.700000e+002
3.678504e+001, 2.700000e+002
3.736667e+001, 2.700000e+002
3.792048e+001, 2.700000e+002
3.844592e+001, 2.700000e+002
3.894255e+001, 2.700000e+002
3.940998e+001, 2.700000e+002
3.984794e+001, 2.700000e+002
4.025623e+001, 2.700000e+002
4.063475e+001, 2.700000e+002
4.098349e+001, 2.700000e+002
4.130250e+001, 2.700000e+002
4.159195e+001, 2.700000e+002
4.185207e+001, 2.700000e+002
4.208318e+001, 2.700000e+002
4.228567e+001, 2.700000e+002
4.246000e+001, 2.700000e+002
4.260670e+001, 2.700000e+002
4.272636e+001, 2.700000e+002
4.281963e+001, 2.700000e+002
4.288719e+001, 2.700000e+002
4.292980e+001, 2.700000e+002
4.294824e+001, 2.700000e+002
4.294331e+001, 2.700000e+002
4.291586e+001, 2.700000e+002
4.286673e+001, 2.700000e+002
4.279680e+001, 2.700000e+002
4.270694e+001, 2.700000e+002
4.259801e+001, 2.700000e+002
4.247087e+001, 2.700000e+002
4.232638e+001, 2.700000e+002
4.216535e+001, 2.700000e+002
4.198858e+001, 2.700000e+002
4.179682e+001, 2.700000e+002
4.159081e+001, 2.700000e+002
4.137122e+001, 2.700000e+002
4.113866e+001, 2.700000e+002
4.089373e+001, 2.700000e+002
4.063693e+001, 2.700000e+002
4.036872e+001, 2.700000e+002
4.008949e+001, 2.700000e+002
3.979958e+001, 2.700000e+002
3.949924e+001, 2.700000e+002
3.918866e+001, 2.700000e+002
3.886797e+001, 2.700000e+002
3.853723e+001, 2.700000e+002
3.819642e+001, 2.700000e+002
3.784547e+001, 2.700000e+002
3.748424e+001, 2.700000e+002
3.711252e+001, 2.700000e+002
3.673006e+001, 2.700000e+002
3.633653e+001, 2.700000e+002
3.593157e+001, 2.700000e+002
3.551477e+001, 2.700000e+002
3.508566e+001, 2.700000e+002
3.464375e+001, 2.700000e+002
3.418851e+001, 2.700000e+002
3.371939e+001, 2.700000e+002
3.323582e+001, 2.700000e+002
3.273719e+001, 2.700000e+002
3.222290e+001, 2.700000e+002
3.169236e+001, 2.700000e+002
3.114496e+001, 2.700000e+002
3.058009e+001, 2.700000e+002
2.999718e+001, 2.700000e+002
2.939566e+001, 2.700000e+002
2.877500e+001, 2.700000e+002
2.813468e+001, 2.700000e+002
2.747423e+001, 2.700000e+002
2.679321e+001, 2.700000e+002
2.609123e+001, 2.700000e+002
2.536795e+001, 2.700000e+002
2.462308e+001, 2.700000e+002
2.385637e+001, 2.700000e+002
2.306764e+001, 2.700000e+002
2.225679e+001, 2.700000e+002
2.142374e+001, 2.700000e+002
2.056852e+001, 2.700000e+002
1.969118e+001, 2.700000e+002
1.879188e+001, 2.700000e+002
1.787082e+001, 2.700000e+002
1.692827e+001, 2.700000e+002
1.596458e+001, 2.700000e+002
1.498016e+001, 2.700000e+002
1.397549e+001, 2.700000e+002
1.295109e+001, 2.700000e+002
1.190758e+001, 2.700000e+002
1.084561e+001, 2.700000e+002
9.765910e+000, 2.700000e+002
8.669253e+000, 2.700000e+002
7.556467e+000, 2.700000e+002
6.428432e+000, 2.700000e+002
5.286071e+000, 2.700000e+002
4.130353e+000, 2.700000e+002
2.962282e+000, 2.700000e+002
1.782898e+000, 2.700000e+002
5.932742e-001, 2.699999e+002
6.054938e-001, 9.000011e+001
1.812286e+000, 9.000004e+001
3.025966e+000, 9.000002e+001
4.245384e+000, 9.000002e+001
5.469380e+000, 9.000001e+001
6.696791e+000, 9.000001e+001
7.926455e+000, 9.000001e+001
9.157213e+000, 9.000001e+001
1.038792e+001, 9.000001e+001
1.161742e+001, 9.000001e+001
1.284462e+001, 9.000001e+001
1.406840e+001, 9.000001e+001
1.528769e+001, 9.000000e+001
1.650144e+001, 9.000000e+001
1.770863e+001, 9.000000e+001
1.890828e+001, 9.000000e+001
2.009943e+001, 9.000000e+001
2.128117e+001, 9.000000e+001
2.245263e+001, 9.000000e+001
2.361298e+001, 9.000000e+001
2.476142e+001, 9.000000e+001
2.589720e+001, 9.000000e+001
2.701962e+001, 9.000000e+001
2.812801e+001, 9.000000e+001
2.922175e+001, 9.000000e+001
3.030025e+001, 9.000000e+001
3.136298e+001, 9.000000e+001
3.240943e+001, 9.000000e+001
3.343912e+001, 9.000000e+001
3.445162e+001, 9.000000e+001
3.544652e+001, 9.000000e+001
3.642343e+001, 9.000000e+001
3.738201e+001, 9.000000e+001
3.832190e+001, 9.000000e+001
3.924277e+001, 9.000000e+001
4.014432e+001, 9.000000e+001
4.102624e+001, 9.000000e+001
4.188820e+001, 9.000000e+001
4.272991e+001, 9.000000e+001
4.355104e+001, 9.000000e+001
4.435125e+001, 9.000000e+001
4.513018e+001, 9.000000e+001
4.588747e+001, 9.000000e+001
4.662272e+001, 9.000000e+001
4.733547e+001, 9.000000e+001
4.802526e+001, 9.000000e+001
4.869159e+001, 9.000000e+001
4.933388e+001, 9.000000e+001
4.995155e+001, 9.000000e+001
5.054394e+001, 9.000000e+001
5.111034e+001, 9.000000e+001
5.164999e+001, 9.000000e+001
5.216209e+001, 9.000000e+001
5.264576e+001, 9.000000e+001
5.310008e+001, 9.000000e+001
5.352406e+001, 9.000000e+001
5.391668e+001, 9.000000e+001
5.427684e+001, 9.000000e+001
5.460341e+001, 9.000000e+001
5.489519e+001, 9.000000e+001
5.515097e+001, 9.000000e+001
5.536947e+001, 9.000000e+001
5.554938e+001, 9.000000e+001
5.568938e+001, 9.000000e+001
5.578812e+001, 9.000000e+001
5.584422e+001, 9.000000e+001
5.585630e+001, 9.000000e+001
5.582300e+001, 9.000000e+001
5.574293e+001, 9.000000e+001
5.561475e+001, 9.000000e+001
5.543712e+001, 9.000000e+001
5.520876e+001, 9.000000e+001
5.492842e+001, 9.000000e+001
5.459490e+001, 9.000000e+001
5.420708e+001, 9.000000e+001
5.376389e+001, 9.000000e+001
5.326436e+001, 9.000000e+001
5.270762e+001, 9.000000e+001
5.209288e+001, 9.000000e+001
5.141948e+001, 9.000000e+001
5.068687e+001, 9.000000e+001
4.989463e+001, 9.000000e+001
4.904247e+001, 9.000000e+001
4.813025e+001, 9.000000e+001
4.715797e+001, 9.000000e+001
4.612580e+001, 9.000000e+001
4.503405e+001, 9.000000e+001
4.388319e+001, 9.000000e+001
4.267388e+001, 9.000000e+001
4.140693e+001, 9.000000e+001
4.008331e+001, 9.000000e+001
3.870419e+001, 9.000000e+001
3.727087e+001, 9.000000e+001
3.578484e+001, 9.000000e+001
3.424775e+001, 9.000000e+001
3.266141e+001, 9.000000e+001
3.102778e+001, 9.000000e+001
2.934898e+001, 9.000000e+001
2.762726e+001, 9.000000e+001
2.586502e+001, 9.000000e+001
2.406477e+001, 9.000000e+001
2.222915e+001, 9.000000e+001
2.036091e+001, 9.000000e+001
1.846291e+001, 9.000000e+001
1.653807e+001, 9.000000e+001
1.458940e+001, 9.000000e+001
1.262000e+001, 9.000000e+001
1.063298e+001, 9.000001e+001
8.631520e+000, 9.000001e+001
6.618822e+000, 9.000001e+001
4.598103e+000, 9.000001e+001
2.572582e+000, 9.000002e+001
5.454706e-001, 9.000011e+001
1.480042e+000, 2.700000e+002
3.500800e+000, 2.700000e+002
5.513694e+000, 2.700000e+002
7.515674e+000, 2.700000e+002
9.503758e+000, 2.700000e+002
1.147504e+001, 2.700000e+002
1.342672e+001, 2.700000e+002
1.535607e+001, 2.700000e+002
1.726051e+001, 2.700000e+002
1.913754e+001, 2.700000e+002
2.098481e+001, 2.700000e+002
2.280010e+001, 2.700000e+002
2.458132e+001, 2.700000e+002
2.632654e+001, 2.700000e+002
2.803398e+001, 2.700000e+002
2.970200e+001, 2.700000e+002
3.132912e+001, 2.700000e+002
3.291405e+001, 2.700000e+002
3.445563e+001, 2.700000e+002
3.595286e+001, 2.700000e+002
3.740494e+001, 2.700000e+002
3.881120e+001, 2.700000e+002
4.017115e+001, 2.700000e+002
4.148443e+001, 2.700000e+002
4.275087e+001, 2.700000e+002
4.397044e+001, 2.700000e+002
4.514323e+001, 2.700000e+002
4.626952e+001, 2.700000e+002
4.734969e+001, 2.700000e+002
4.838425e+001, 2.700000e+002
4.937385e+001, 2.700000e+002
5.031924e+001, 2.700000e+002
5.122127e+001, 2.700000e+002
5.208090e+001, 2.700000e+002
5.289918e+001, 2.700000e+002
5.367721e+001, 2.700000e+002
5.441619e+001, 2.700000e+002
5.511736e+001, 2.700000e+002
5.578200e+001, 2.700000e+002
5.641145e+001, 2.700000e+002
5.700706e+001, 2.700000e+002
5.757020e+001, 2.700000e+002
5.810223e+001, 2.700000e+002
5.860453e+001, 2.700000e+002
5.907843e+001, 2.700000e+002
5.952527e+001, 2.700000e+002
5.994633e+001, 2.700000e+002
6.034284e+001, 2.700000e+002
6.071599e+001, 2.700000e+002
6.106689e+001, 2.700000e+002
6.139658e+001, 2.700000e+002
6.170602e+001, 2.700000e+002
6.199609e+001, 2.700000e+002
6.226755e+001, 2.700000e+002
6.252109e+001, 2.700000e+002
6.275725e+001, 2.700000e+002
6.297650e+001, 2.700000e+002
6.317916e+001, 2.700000e+002
6.336545e+001, 2.700000e+002
6.353546e+001, 2.700000e+002
6.368915e+001, 2.700000e+002
6.382635e+001, 2.700000e+002
6.394679e+001, 2.700000e+002
6.405005e+001, 2.700000e+002
6.413559e+001, 2.700000e+002
6.420275e+001, 2.700000e+002
6.425076e+001, 2.700000e+002
6.427873e+001, 2.700000e+002
6.428566e+001, 2.700000e+002
6.427044e+001, 2.700000e+002
6.423187e+001, 2.700000e+002
6.416867e+001, 2.700000e+002
6.407946e+001, 2.700000e+002
6.396278e+001, 2.700000e+002
6.381712e+001, 2.700000e+002
6.364091e+001, 2.700000e+002
6.343252e+001, 2.700000e+002
6.319031e+001, 2.700000e+002
6.291258e+001, 2.700000e+002
6.259764e+001, 2.700000e+002
6.224379e+001, 2.700000e+002
6.184932e+001, 2.700000e+002
6.141256e+001, 2.700000e+002
6.093186e+001, 2.700000e+002
6.040562e+001, 2.700000e+002
5.983226e+001, 2.700000e+002
5.921031e+001, 2.700000e+002
5.853833e+001, 2.700000e+002
5.781500e+001, 2.700000e+002
5.703908e+001, 2.700000e+002
5.620942e+001, 2.700000e+002
5.532501e+001, 2.700000e+002
5.438496e+001, 2.700000e+002
5.338848e+001, 2.700000e+002
5.233497e+001, 2.700000e+002
5.122393e+001, 2.700000e+002
5.005504e+001, 2.700000e+002
4.882813e+001, 2.700000e+002
4.754321e+001, 2.700000e+002
4.620043e+001, 2.700000e+002
4.480013e+001, 2.700000e+002
4.334282e+001, 2.700000e+002
4.182919e+001, 2.700000e+002
4.026012e+001, 2.700000e+002
3.863663e+001, 2.700000e+002
3.695996e+001, 2.700000e+002
3.523149e+001, 2.700000e+002
3.345281e+001, 2.700000e+002
3.162565e+001, 2.700000e+002
2.975191e+001, 2.700000e+002
2.783367e+001, 2.700000e+002
2.587315e+001, 2.700000e+002
2.387273e+001, 2.700000e+002
2.183492e+001, 2.700000e+002
1.976238e+001, 2.700000e+002
1.765788e+001, 2.700000e+002
1.552432e+001, 2.700000e+002
1.336471e+001, 2.700000e+002
1.118216e+001, 2.700000e+002
8.979847e+000, 2.700000e+002
6.761048e+000, 2.700000e+002
4.529096e+000, 2.700000e+002
2.287376e+000, 2.700000e+002
3.932052e-002, 2.699992e+002
2.211613e+000, 9.000002e+001
4.461947e+000, 9.000001e+001
6.708201e+000, 9.000001e+001
8.946899e+000, 9.000000e+001
1.117459e+001, 9.000000e+001
1.338784e+001, 9.000000e+001
1.558328e+001, 9.000000e+001
1.775759e+001, 9.000000e+001
1.990750e+001, 9.000000e+001
2.202984e+001, 9.000000e+001
2.412151e+001, 9.000000e+001
2.617954e+001, 9.000000e+001
2.820102e+001, 9.000000e+001
3.018321e+001, 9.000000e+001
3.212345e+001, 9.000000e+001
3.401925e+001, 9.000000e+001
3.586823e+001, 9.000000e+001
3.766818e+001, 9.000000e+001
3.941703e+001, 9.000000e+001
4.111287e+001, 9.000000e+001
4.275394e+001, 9.000000e+001
4.433866e+001, 9.000000e+001
4.586560e+001, 9.000000e+001
4.733351e+001, 9.000000e+001
4.874128e+001, 9.000000e+001
5.008799e+001, 9.000000e+001
5.137287e+001, 9.000000e+001
5.259532e+001, 9.000000e+001
5.375488e+001, 9.000000e+001
5.485126e+001, 9.000000e+001
5.588432e+001, 9.000000e+001
5.685404e+001, 9.000000e+001
5.776058e+001, 9.000000e+001
5.860418e+001, 9.000000e+001
5.938525e+001, 9.000000e+001
6.010428e+001, 9.000000e+001
6.076190e+001, 9.000000e+001
6.135882e+001, 9.000000e+001
6.189585e+001, 9.000000e+001
6.237389e+001, 9.000000e+001
6.279390e+001, 9.000000e+001
6.315693e+001, 9.000000e+001
6.346406e+001, 9.000000e+001
6.371645e+001, 9.000000e+001
6.391528e+001, 9.000000e+001
6.406178e+001, 9.000000e+001
6.415720e+001, 9.000000e+001
6.420280e+001, 9.000000e+001
6.419987e+001, 9.000000e+001
6.414969e+001, 9.000000e+001
6.405354e+001, 9.000000e+001
6.391271e+001, 9.000000e+001
6.372845e+001, 9.000000e+001
6.350202e+001, 9.000000e+001
6.323464e+001, 9.000000e+001
6.292752e+001, 9.000000e+001
6.258182e+001, 9.000000e+001
6.219870e+001, 9.000000e+001
6.177927e+001, 9.000000e+001
6.132460e+001, 9.000000e+001
6.083574e+001, 9.000000e+001
6.031369e+001, 9.000000e+001
5.975944e+001, 9.000000e+001
5.917391e+001, 9.000000e+001
5.855801e+001, 9.000000e+001
5.791263e+001, 9.000000e+001
5.723860e+001, 9.000000e+001
5.653674e+001, 9.000000e+001
5.580784e+001, 9.000000e+001
5.505267e+001, 9.000000e+001
5.427198e+001, 9.000000e+001
5.346650e+001, 9.000000e+001
5.263696e+001, 9.000000e+001
5.178407e+001, 9.000000e+001
5.090852e+001, 9.000000e+001
5.001103e+001, 9.000000e+001
4.909230e+001, 9.000000e+001
4.815304e+001, 9.000000e+001
4.719397e+001, 9.000000e+001
4.621581e+001, 9.000000e+001
4.521930e+001, 9.000000e+001
4.420521e+001, 9.000000e+001
4.317432e+001, 9.000000e+001
4.212743e+001, 9.000000e+001
4.106535e+001, 9.000000e+001
3.998895e+001, 9.000000e+001
3.889910e+001, 9.000000e+001
3.779671e+001, 9.000000e+001
3.668271e+001, 9.000000e+001
3.555806e+001, 9.000000e+001
3.442376e+001, 9.000000e+001
3.328082e+001, 9.000000e+001
3.213031e+001, 9.000000e+001
3.097329e+001, 9.000000e+001
2.981087e+001, 9.000000e+001
2.864416e+001, 9.000000e+001
2.747433e+001, 9.000000e+001
2.630252e+001, 9.000000e+001
2.512993e+001, 9.000000e+001
2.395776e+001, 9.000000e+001
2.278720e+001, 9.000000e+001
2.161946e+001, 9.000000e+001
2.045578e+001, 9.000000e+001
1.929735e+001, 9.000000e+001
1.814540e+001, 9.000000e+001
1.700113e+001, 9.000000e+001
1.586572e+001, 9.000000e+001
1.474036e+001, 9.000000e+001
1.362619e+001, 9.000000e+001
1.252436e+001, 9.000000e+001
1.143594e+001, 9.000000e+001
1.036203e+001, 9.000000e+001
9.303643e+000, 9.000000e+001
8.261776e+000, 9.000000e+001
7.237375e+000, 9.000000e+001
6.231340e+000, 9.000000e+001
5.244518e+000, 9.000000e+001
4.277702e+000, 9.000000e+001
3.331628e+000, 9.000000e+001
2.406971e+000, 9.000000e+001
1.504344e+000, 9.000000e+001
6.242950e-001, 9.000000e+001
2.326972e-001, 2.700000e+002
1.066221e+000, 2.700000e+002
1.875936e+000, 2.700000e+002
2.661572e+000, 2.700000e+002
3.422933e+000, 2.700000e+002
4.159896e+000, 2.700000e+002
4.872408e+000, 2.700000e+002
5.560493e+000, 2.700000e+002
6.224244e+000, 2.700000e+002
6.863827e+000, 2.700000e+002
7.479478e+000, 2.700000e+002
8.071500e+000, 2.700000e+002
8.640264e+000, 2.700000e+002
9.186204e+000, 2.700000e+002
9.709817e+000, 2.700000e+002
1.021166e+001, 2.700000e+002
1.069233e+001, 2.700000e+002
1.115250e+001, 2.700000e+002
1.159288e+001, 2.700000e+002
1.201420e+001, 2.700000e+002
1.241727e+001, 2.700000e+002
1.280290e+001, 2.700000e+002
1.317194e+001, 2.700000e+002
1.352526e+001, 2.700000e+002
1.386375e+001, 2.700000e+002
1.418830e+001, 2.700000e+002
1.449983e+001, 2.700000e+002
1.479923e+001, 2.700000e+002
1.508740e+001, 2.700000e+002
1.536523e+001, 2.700000e+002
1.563357e+001, 2.700000e+002
1.589327e+001, 2.700000e+002
1.614514e+001, 2.700000e+002
1.638994e+001, 2.700000e+002
1.662842e+001, 2.700000e+002
1.686124e+001, 2.700000e+002
1.708906e+001, 2.700000e+002
1.731243e+001, 2.700000e+002
1.753187e+001, 2.700000e+002
1.774784e+001, 2.700000e+002
1.796072e+001, 2.700000e+002
1.817081e+001, 2.700000e+002
1.837835e+001, 2.700000e+002
1.858352e+001, 2.700000e+002
1.878638e+001, 2.700000e+002
1.898696e+001, 2.700000e+002
1.918519e+001, 2.700000e+002
1.938092e+001, 2.700000e+002
1.957392e+001, 2.700000e+002
1.976391e+001, 2.700000e+002
1.995052e+001, 2.700000e+002
2.013331e+001, 2.700000e+002
2.031178e+001, 2.700000e+002
2.048536e+001, 2.700000e+002
2.065343e+001, 2.700000e+002
2.081532e+001, 2.700000e+002
2.097029e+001, 2.700000e+002
2.111758e+001, 2.700000e+002
2.125639e+001, 2.700000e+002
2.138589e+001, 2.700000e+002
2.150520e+001, 2.700000e+002
2.161345e+001, 2.700000e+002
2.170976e+001, 2.700000e+002
2.179324e+001, 2.700000e+002
2.186298e+001, 2.700000e+002
2.191812e+001, 2.700000e+002
2.195778e+001, 2.700000e+002
2.198114e+001, 2.700000e+002
2.198737e+001, 2.700000e+002
2.197570e+001, 2.700000e+002
2.194540e+001, 2.700000e+002
2.189578e+001, 2.700000e+002
2.182620e+001, 2.700000e+002
2.173610e+001, 2.700000e+002
2.162496e+001, 2.700000e+002
2.149233e+001, 2.700000e+002
2.133784e+001, 2.700000e+002
2.116117e+001, 2.700000e+002
2.096211e+001, 2.700000e+002
2.074051e+001, 2.700000e+002
2.049628e+001, 2.700000e+002
2.022943e+001, 2.700000e+002
1.994006e+001, 2.700000e+002
1.962833e+001, 2.700000e+002
1.929449e+001, 2.700000e+002
1.893885e+001, 2.700000e+002
1.856182e+001, 2.700000e+002
1.816387e+001, 2.700000e+002
1.774554e+001, 2.700000e+002
1.730743e+001, 2.700000e+002
1.685021e+001, 2.700000e+002
1.637461e+001, 2.700000e+002
1.588142e+001, 2.700000e+002
1.537145e+001, 2.700000e+002
1.484559e+001, 2.700000e+002
1.430474e+001, 2.700000e+002
1.374985e+001, 2.700000e+002
1.318187e+001, 2.700000e+002
1.260180e+001, 2.700000e+002
1.201063e+001, 2.700000e+002
1.140937e+001, 2.700000e+002
1.079903e+001, 2.700000e+002
1.018060e+001, 2.700000e+002
9.555069e+000, 2.700000e+002
8.923417e+000, 2.700000e+002
8.286586e+000, 2.700000e+002
7.645494e+000, 2.700000e+002
7.001025e+000, 2.700000e+002
6.354022e+000, 2.700000e+002
5.705285e+000, 2.700000e+002
5.055566e+000, 2.700000e+002
4.405565e+000, 2.700000e+002
3.755924e+000, 2.700000e+002
3.107231e+000, 2.700000e+002
2.460010e+000, 2.700000e+002
1.814721e+000, 2.700000e+002
1.171763e+000, 2.699999e+002
5.314673e-001, 2.699999e+002
1.058991e-001, 9.000069e+001
7.401352e-001, 9.000010e+001
1.371105e+000, 9.000005e+001
1.998735e+000, 9.000004e+001
2.623014e+000, 9.000003e+001
3.243992e+000, 9.000002e+001
3.861772e+000, 9.000002e+001
4.476515e+000, 9.000002e+001
5.088428e+000, 9.000001e+001
5.697767e+000, 9.000001e+001
6.304828e+000, 9.000001e+001
6.909943e+000, 9.000001e+001
7.513477e+000, 9.000001e+001
8.115820e+000, 9.000001e+001
8.717383e+000, 9.000001e+001
9.318592e+000, 9.000001e+001
9.919881e+000, 9.000001e+001
1.052169e+001, 9.000001e+001
1.112444e+001, 9.000001e+001
1.172857e+001, 9.000001e+001
1.233447e+001, 9.000001e+001
1.294254e+001, 9.000000e+001
1.355312e+001, 9.000000e+001
1.416655e+001, 9.000000e+001
1.478310e+001, 9.000000e+001
1.540301e+001, 9.000000e+001
1.602647e+001, 9.000000e+001
1.665360e+001, 9.000000e+001
1.728448e+001, 9.000000e+001
1.791911e+001, 9.000000e+001
1.855743e+001, 9.000000e+001
1.919932e+001, 9.000000e+001
1.984456e+001, 9.000000e+001
2.049288e+001, 9.000000e+001
2.114392e+001, 9.000000e+001
2.179723e+001, 9.000000e+001
2.245231e+001, 9.000000e+001
2.310856e+001, 9.000000e+001
2.376530e+001, 9.000000e+001
2.442179e+001, 9.000000e+001
2.507718e+001, 9.000000e+001
2.573060e+001, 9.000000e+001
2.638105e+001, 9.000000e+001
2.702752e+001, 9.000000e+001
2.766888e+001, 9.000000e+001
2.830399e+001, 9.000000e+001
2.893164e+001, 9.000000e+001
2.955056e+001, 9.000000e+001
3.015945e+001, 9.000000e+001
3.075697e+001, 9.000000e+001
3.134175e+001, 9.000000e+001
3.191242e+001, 9.000000e+001
3.246756e+001, 9.000000e+001
3.300577e+001, 9.000000e+001
3.352564e+001, 9.000000e+001
3.402577e+001, 9.000000e+001
3.450477e+001, 9.000000e+001
3.496130e+001, 9.000000e+001
3.539402e+001, 9.000000e+001
3.580165e+001, 9.000000e+001
3.618295e+001, 9.000000e+001
3.653674e+001, 9.000000e+001
3.686191e+001, 9.000000e+001
3.715740e+001, 9.000000e+001
3.742224e+001, 9.000000e+001
3.765553e+001, 9.000000e+001
3.785649e+001, 9.000000e+001
3.802438e+001, 9.000000e+001
3.815861e+001, 9.000000e+001
3.825866e+001, 9.000000e+001
3.832413e+001, 9.000000e+001
3.835471e+001, 9.000000e+001
3.835022e+001, 9.000000e+001
3.831059e+001, 9.000000e+001
3.823585e+001, 9.000000e+001
3.812614e+001, 9.000000e+001
3.798175e+001, 9.000000e+001
3.780303e+001, 9.000000e+001
3.759048e+001, 9.000000e+001
3.734470e+001, 9.000000e+001
3.706637e+001, 9.000000e+001
3.675632e+001, 9.000000e+001
3.641543e+001, 9.000000e+001
3.604471e+001, 9.000000e+001
3.564524e+001, 9.000000e+001
3.521819e+001, 9.000000e+001
3.476482e+001, 9.000000e+001
3.428644e+001, 9.000000e+001
3.378446e+001, 9.000000e+001
3.326032e+001, 9.000000e+001
3.271552e+001, 9.000000e+001
3.215163e+001, 9.000000e+001
3.157024e+001, 9.000000e+001
3.097298e+001, 9.000000e+001
3.036150e+001, 9.000000e+001
2.973749e+001, 9.000000e+001
2.910263e+001, 9.000000e+001
2.845862e+001, 9.000000e+001
2.780716e+001, 9.000000e+001
2.714994e+001, 9.000000e+001
2.648865e+001, 9.000000e+001
2.582493e+001, 9.000000e+001
2.516044e+001, 9.000000e+001
2.449678e+001, 9.000000e+001
2.383553e+001, 9.000000e+001
2.317821e+001, 9.000000e+001
2.252633e+001, 9.000000e+001
2.188132e+001, 9.000000e+001
2.124457e+001, 9.000000e+001
2.061743e+001, 9.000000e+001
2.000117e+001, 9.000000e+001
1.939701e+001, 9.000000e+001
1.880611e+001, 9.000000e+001
1.822955e+001, 9.000000e+001
1.766835e+001, 9.000000e+001
1.712348e+001, 9.000001e+001
1.659582e+001, 9.000001e+001
1.608617e+001, 9.000001e+001
1.559530e+001, 9.000001e+001
1.512387e+001, 9.000001e+001
1.467249e+001, 9.000001e+001
1.424169e+001, 9.000001e+001
1.383196e+001, 9.000001e+001
1.344368e+001, 9.000001e+001
1.307720e+001, 9.000001e+001
1.273278e+001, 9.000001e+001
1.241063e+001, 9.000001e+001
1.211091e+001, 9.000001e+001
1.183370e+001, 9.000001e+001
1.157903e+001, 9.000001e+001
1.134689e+001, 9.000001e+001
1.113719e+001, 9.000001e+001
1.094983e+001, 9.000001e+001
1.078462e+001, 9.000001e+001
1.064135e+001, 9.000001e+001
1.051977e+001, 9.000001e+001
1.041959e+001, 9.000001e+001
1.034046e+001, 9.000001e+001
1.028204e+001, 9.000001e+001
1.024391e+001, 9.000001e+001
5.295888e+001, 9.000000e+001
5.216719e+001, 9.000000e+001
5.138788e+001, 9.000000e+001
5.062163e+001, 9.000000e+001
4.986905e+001, 9.000000e+001
4.913067e+001, 9.000000e+001
4.840694e+001, 9.000000e+001
4.769825e+001, 9.000000e+001
4.700492e+001, 9.000000e+001
4.632718e+001, 9.000000e+001
4.566524e+001, 9.000000e+001
4.501922e+001, 9.000000e+001
4.438917e+001, 9.000000e+001
4.377513e+001, 9.000000e+001
4.317704e+001, 9.000000e+001
4.259483e+001, 9.000000e+001
4.202837e+001, 9.000000e+001
4.147748e+001, 9.000000e+001
4.094196e+001, 9.000000e+001
4.042156e+001, 9.000000e+001
3.991601e+001, 9.000000e+001
3.942499e+001, 9.000000e+001
3.894816e+001, 9.000000e+001
3.848518e+001, 9.000000e+001
3.803565e+001, 9.000000e+001
3.759916e+001, 9.000000e+001
3.717530e+001, 9.000000e+001
3.676361e+001, 9.000000e+001
3.636364e+001, 9.000000e+001
3.597492e+001, 9.000000e+001
3.559694e+001, 9.000000e+001
3.522922e+001, 9.000000e+001
3.487123e+001, 9.000000e+001
3.452246e+001, 9.000000e+001
3.418235e+001, 9.000000e+001
3.385036e+001, 9.000000e+001
3.352593e+001, 9.000000e+001
3.320848e+001, 9.000000e+001
3.289744e+001, 9.000000e+001
3.259220e+001, 9.000000e+001
3.229217e+001, 9.000000e+001
3.199673e+001, 9.000000e+001
3.170524e+001, 9.000000e+001
3.141708e+001, 9.000000e+001
3.113158e+001, 9.000000e+001
3.084808e+001, 9.000000e+001
3.056592e+001, 9.000000e+001
3.028441e+001, 9.000000e+001
3.000284e+001, 9.000000e+001
2.972053e+001, 9.000000e+001
2.943675e+001, 9.000000e+001
2.915079e+001, 9.000000e+001
2.886191e+001, 9.000000e+001
2.856938e+001, 9.000000e+001
2.827247e+001, 9.000000e+001
2.797043e+001, 9.000000e+001
2.766253e+001, 9.000000e+001
2.734802e+001, 9.000000e+001
2.702619e+001, 9.000000e+001
2.669631e+001, 9.000000e+001
2.635765e+001, 9.000000e+001
2.600954e+001, 9.000000e+001
2.565128e+001, 9.000000e+001
2.528223e+001, 9.000000e+001
2.490175e+001, 9.000000e+001
2.450923e+001, 9.000000e+001
2.410412e+001, 9.000000e+001
2.368588e+001, 9.000000e+001
2.325403e+001, 9.000000e+001
2.280812e+001, 9.000000e+001
2.234778e+001, 9.000000e+001
2.187268e+001, 9.000000e+001
2.138254e+001, 9.000000e+001
2.087717e+001, 9.000000e+001
2.035643e+001, 9.000000e+001
1.982027e+001, 9.000000e+001
1.926871e+001, 9.000000e+001
1.870186e+001, 9.000000e+001
1.811990e+001, 9.000000e+001
1.752313e+001, 9.000000e+001
1.691191e+001, 9.000000e+001
1.628673e+001, 9.000000e+001
1.564815e+001, 9.000001e+001
1.499685e+001, 9.000001e+001
1.433360e+001, 9.000001e+001
1.365930e+001, 9.000001e+001
1.297492e+001, 9.000001e+001
1.228157e+001, 9.000001e+001
1.158044e+001, 9.000001e+001
1.087285e+001, 9.000001e+001
1.016020e+001, 9.000001e+001
9.444018e+000, 9.000001e+001
8.725923e+000, 9.000001e+001
8.007633e+000, 9.000001e+001
7.290964e+000, 9.000001e+001
6.577827e+000, 9.000001e+001
5.870221e+000, 9.000001e+001
5.170231e+000, 9.000001e+001
4.480020e+000, 9.000001e+001
3.801828e+000, 9.000002e+001
3.137964e+000, 9.000002e+001
2.490800e+000, 9.000002e+001
1.862761e+000, 9.000003e+001
1.256326e+000, 9.000004e+001
6.740142e-001, 9.000008e+001
1.183782e-001, 9.000043e+001
4.080012e-001, 2.699999e+002
9.025247e-001, 2.699999e+002
1.362583e+000, 2.700000e+002
1.785563e+000, 2.700000e+002
2.168860e+000, 2.700000e+002
2.509882e+000, 2.700000e+002
2.806062e+000, 2.700000e+002
3.054863e+000, 2.700000e+002
3.253790e+000, 2.700000e+002
3.400393e+000, 2.700000e+002
3.492283e+000, 2.700000e+002
3.527133e+000, 2.700000e+002
3.502689e+000, 2.700000e+002
3.416775e+000, 2.700000e+002
3.267306e+000, 2.700000e+002
3.052287e+000, 2.700000e+002
2.769827e+000, 2.700000e+002
2.418140e+000, 2.700000e+002
1.995553e+000, 2.700000e+002
1.500511e+000, 2.700000e+002
9.315819e-001, 2.700000e+002
2.874628e-001, 2.700000e+002
4.330185e-001, 9.000002e+001
1.230898e+000, 9.000001e+001
2.107073e+000, 9.000000e+001
3.062299e+000, 9.000000e+001
4.097187e+000, 9.000000e+001
5.212202e+000, 9.000000e+001
6.407661e+000, 9.000000e+001
7.683731e+000, 9.000000e+001
9.040431e+000, 9.000000e+001
1.047763e+001, 9.000000e+001
1.199504e+001, 9.000000e+001
1.359223e+001, 9.000000e+001
1.526863e+001, 9.000000e+001
1.702349e+001, 9.000000e+001
1.885594e+001, 9.000000e+001
2.076495e+001, 9.000000e+001
2.274935e+001, 9.000000e+001
2.480783e+001, 9.000000e+001
2.693893e+001, 9.000000e+001
2.914105e+001, 9.000000e+001
3.141246e+001, 9.000000e+001
3.375130e+001, 9.000000e+001
3.615555e+001, 9.000000e+001
3.862308e+001, 9.000000e+001
4.115163e+001, 9.000000e+001
4.373881e+001, 9.000000e+001
4.638211e+001, 9.000000e+001
4.907888e+001, 9.000000e+001
5.182636e+001, 9.000000e+001
5.462169e+001, 9.000000e+001
5.746186e+001, 9.000000e+001
6.034378e+001, 9.000000e+001
6.326423e+001, 9.000000e+001
6.621987e+001, 9.000000e+001
6.920727e+001, 9.000000e+001
7.222290e+001, 9.000000e+001
7.526310e+001, 9.000000e+001
7.832414e+001, 9.000000e+001
8.140217e+001, 9.000000e+001
8.449324e+001, 9.000000e+001
8.759334e+001, 9.000000e+001
9.069832e+001, 9.000000e+001
9.380397e+001, 9.000000e+001
9.690599e+001, 9.000000e+001
1.000000e+002, 9.000000e+001
##END
