##TITLE= Pf1-1t6-0h9788
##JCAMP-DX= 5.00 Bruker JCAMP library
##DATA TYPE= Shape Data
##ORIGIN= Bruker BioSpin GmbH
##OWNER= <Alexej Jerschow>
##DATE= 2009/01/20
##TIME= 17:13:37
##$SHAPE_PARAMETERS= 
##MINX= 5.655769e-002
##MAXX= 1.000000e+002
##MINY= 8.999973e+001
##MAXY= 2.700001e+002
##$SHAPE_EXMODE= 
##$SHAPE_TOTROT= 
##$SHAPE_TYPE= 
##$SHAPE_USER_DEF= 
##$SHAPE_REPHFAC= 
##$SHAPE_BWFAC= 
##$SHAPE_BWFAC50= 
##$SHAPE_INTEGFAC= 
##$SHAPE_MODE= 
##NPOINTS= 1000
##XYPOINTS= (XY..XY)
5.328354e+000, 8.999999e+001
5.894126e+000, 8.999999e+001
6.458650e+000, 8.999999e+001
7.021695e+000, 8.999999e+001
7.583054e+000, 8.999999e+001
8.142543e+000, 8.999999e+001
8.700001e+000, 8.999999e+001
9.255293e+000, 8.999999e+001
9.808307e+000, 9.000000e+001
1.035896e+001, 9.000000e+001
1.090718e+001, 9.000000e+001
1.145293e+001, 9.000000e+001
1.199620e+001, 9.000000e+001
1.253699e+001, 9.000000e+001
1.307534e+001, 9.000000e+001
1.361128e+001, 9.000000e+001
1.414490e+001, 9.000000e+001
1.467626e+001, 9.000000e+001
1.520548e+001, 9.000000e+001
1.573266e+001, 9.000000e+001
1.625794e+001, 9.000000e+001
1.678144e+001, 9.000000e+001
1.730332e+001, 9.000000e+001
1.782373e+001, 9.000000e+001
1.834280e+001, 9.000000e+001
1.886071e+001, 9.000000e+001
1.937759e+001, 9.000000e+001
1.989360e+001, 9.000000e+001
2.040888e+001, 9.000000e+001
2.092354e+001, 9.000000e+001
2.143772e+001, 9.000000e+001
2.195152e+001, 9.000000e+001
2.246502e+001, 9.000000e+001
2.297829e+001, 9.000000e+001
2.349138e+001, 9.000000e+001
2.400432e+001, 9.000000e+001
2.451711e+001, 9.000000e+001
2.502972e+001, 9.000000e+001
2.554210e+001, 9.000000e+001
2.605417e+001, 9.000000e+001
2.656582e+001, 9.000000e+001
2.707691e+001, 9.000000e+001
2.758727e+001, 9.000000e+001
2.809669e+001, 9.000000e+001
2.860495e+001, 9.000000e+001
2.911176e+001, 9.000000e+001
2.961684e+001, 9.000000e+001
3.011985e+001, 9.000000e+001
3.062044e+001, 9.000000e+001
3.111822e+001, 9.000000e+001
3.161277e+001, 9.000000e+001
3.210365e+001, 9.000000e+001
3.259039e+001, 9.000000e+001
3.307250e+001, 9.000000e+001
3.354948e+001, 9.000000e+001
3.402078e+001, 9.000000e+001
3.448586e+001, 9.000000e+001
3.494415e+001, 9.000000e+001
3.539509e+001, 9.000000e+001
3.583807e+001, 9.000000e+001
3.627252e+001, 9.000000e+001
3.669783e+001, 9.000000e+001
3.711341e+001, 9.000000e+001
3.751866e+001, 9.000000e+001
3.791298e+001, 9.000000e+001
3.829578e+001, 9.000000e+001
3.866650e+001, 9.000000e+001
3.902457e+001, 9.000000e+001
3.936943e+001, 9.000000e+001
3.970055e+001, 9.000000e+001
4.001743e+001, 9.000000e+001
4.031958e+001, 9.000000e+001
4.060653e+001, 9.000000e+001
4.087784e+001, 9.000000e+001
4.113312e+001, 9.000000e+001
4.137198e+001, 9.000000e+001
4.159408e+001, 9.000000e+001
4.179912e+001, 9.000000e+001
4.198682e+001, 9.000000e+001
4.215695e+001, 9.000000e+001
4.230931e+001, 9.000000e+001
4.244374e+001, 9.000000e+001
4.256012e+001, 9.000000e+001
4.265839e+001, 9.000000e+001
4.273848e+001, 9.000000e+001
4.280042e+001, 9.000000e+001
4.284422e+001, 9.000000e+001
4.286998e+001, 9.000000e+001
4.287780e+001, 9.000000e+001
4.286784e+001, 9.000000e+001
4.284029e+001, 9.000000e+001
4.279536e+001, 9.000000e+001
4.273331e+001, 9.000000e+001
4.265442e+001, 9.000000e+001
4.255901e+001, 9.000000e+001
4.244741e+001, 9.000000e+001
4.231999e+001, 9.000000e+001
4.217714e+001, 9.000000e+001
4.201926e+001, 9.000000e+001
4.184677e+001, 9.000000e+001
4.166012e+001, 9.000000e+001
4.145975e+001, 9.000000e+001
4.124612e+001, 9.000000e+001
4.101969e+001, 9.000000e+001
4.078094e+001, 9.000000e+001
4.053034e+001, 9.000000e+001
4.026835e+001, 9.000000e+001
3.999545e+001, 9.000000e+001
3.971208e+001, 9.000000e+001
3.941871e+001, 9.000000e+001
3.911577e+001, 9.000000e+001
3.880369e+001, 9.000000e+001
3.848288e+001, 9.000000e+001
3.815373e+001, 9.000000e+001
3.781661e+001, 9.000000e+001
3.747189e+001, 9.000000e+001
3.711989e+001, 9.000000e+001
3.676093e+001, 9.000000e+001
3.639528e+001, 9.000000e+001
3.602321e+001, 9.000000e+001
3.564496e+001, 9.000000e+001
3.526073e+001, 9.000000e+001
3.487071e+001, 9.000000e+001
3.447505e+001, 9.000000e+001
3.407389e+001, 9.000000e+001
3.366733e+001, 9.000000e+001
3.325546e+001, 9.000000e+001
3.283834e+001, 9.000000e+001
3.241600e+001, 9.000000e+001
3.198845e+001, 9.000000e+001
3.155571e+001, 9.000000e+001
3.111774e+001, 9.000000e+001
3.067451e+001, 9.000000e+001
3.022596e+001, 9.000000e+001
2.977204e+001, 9.000000e+001
2.931267e+001, 9.000000e+001
2.884777e+001, 9.000000e+001
2.837725e+001, 9.000000e+001
2.790103e+001, 9.000000e+001
2.741902e+001, 9.000000e+001
2.693112e+001, 9.000000e+001
2.643727e+001, 9.000000e+001
2.593737e+001, 9.000000e+001
2.543137e+001, 9.000000e+001
2.491920e+001, 9.000000e+001
2.440083e+001, 9.000000e+001
2.387622e+001, 9.000000e+001
2.334538e+001, 9.000000e+001
2.280830e+001, 9.000000e+001
2.226502e+001, 9.000000e+001
2.171559e+001, 9.000000e+001
2.116009e+001, 9.000000e+001
2.059862e+001, 9.000000e+001
2.003130e+001, 9.000000e+001
1.945829e+001, 9.000000e+001
1.887976e+001, 9.000000e+001
1.829592e+001, 9.000000e+001
1.770701e+001, 9.000000e+001
1.711327e+001, 9.000000e+001
1.651500e+001, 9.000000e+001
1.591251e+001, 9.000000e+001
1.530613e+001, 9.000000e+001
1.469621e+001, 9.000000e+001
1.408313e+001, 9.000000e+001
1.346730e+001, 9.000000e+001
1.284913e+001, 9.000000e+001
1.222906e+001, 9.000000e+001
1.160753e+001, 9.000000e+001
1.098501e+001, 9.000000e+001
1.036198e+001, 9.000000e+001
9.738912e+000, 9.000000e+001
9.116297e+000, 9.000000e+001
8.494627e+000, 9.000000e+001
7.874397e+000, 9.000000e+001
7.256098e+000, 9.000000e+001
6.640219e+000, 8.999999e+001
6.027244e+000, 8.999999e+001
5.417648e+000, 8.999999e+001
4.811895e+000, 8.999999e+001
4.210438e+000, 8.999999e+001
3.613714e+000, 8.999999e+001
3.022144e+000, 8.999999e+001
2.436130e+000, 8.999998e+001
1.856054e+000, 8.999998e+001
1.282276e+000, 8.999997e+001
7.151330e-001, 8.999995e+001
1.549364e-001, 8.999975e+001
3.980273e-001, 2.700001e+002
9.434989e-001, 2.700000e+002
1.481247e+000, 2.700000e+002
2.011067e+000, 2.700000e+002
2.532785e+000, 2.700000e+002
3.046256e+000, 2.700000e+002
3.551362e+000, 2.700000e+002
4.048016e+000, 2.700000e+002
4.536159e+000, 2.700000e+002
5.015761e+000, 2.700000e+002
5.486821e+000, 2.700000e+002
5.949361e+000, 2.700000e+002
6.403436e+000, 2.700000e+002
6.849119e+000, 2.700000e+002
7.286514e+000, 2.700000e+002
7.715744e+000, 2.700000e+002
8.136955e+000, 2.700000e+002
8.550313e+000, 2.700000e+002
8.956002e+000, 2.700000e+002
9.354224e+000, 2.700000e+002
9.745196e+000, 2.700000e+002
1.012915e+001, 2.700000e+002
1.050632e+001, 2.700000e+002
1.087697e+001, 2.700000e+002
1.124135e+001, 2.700000e+002
1.159973e+001, 2.700000e+002
1.195238e+001, 2.700000e+002
1.229956e+001, 2.700000e+002
1.264155e+001, 2.700000e+002
1.297861e+001, 2.700000e+002
1.331101e+001, 2.700000e+002
1.363900e+001, 2.700000e+002
1.396284e+001, 2.700000e+002
1.428276e+001, 2.700000e+002
1.459899e+001, 2.700000e+002
1.491175e+001, 2.700000e+002
1.522123e+001, 2.700000e+002
1.552763e+001, 2.700000e+002
1.583112e+001, 2.700000e+002
1.613183e+001, 2.700000e+002
1.642991e+001, 2.700000e+002
1.672546e+001, 2.700000e+002
1.701858e+001, 2.700000e+002
1.730933e+001, 2.700000e+002
1.759777e+001, 2.700000e+002
1.788392e+001, 2.700000e+002
1.816779e+001, 2.700000e+002
1.844936e+001, 2.700000e+002
1.872861e+001, 2.700000e+002
1.900547e+001, 2.700000e+002
1.927988e+001, 2.700000e+002
1.955173e+001, 2.700000e+002
1.982093e+001, 2.700000e+002
2.008735e+001, 2.700000e+002
2.035086e+001, 2.700000e+002
2.061129e+001, 2.700000e+002
2.086849e+001, 2.700000e+002
2.112230e+001, 2.700000e+002
2.137253e+001, 2.700000e+002
2.161900e+001, 2.700000e+002
2.186152e+001, 2.700000e+002
2.209992e+001, 2.700000e+002
2.233401e+001, 2.700000e+002
2.256361e+001, 2.700000e+002
2.278854e+001, 2.700000e+002
2.300863e+001, 2.700000e+002
2.322375e+001, 2.700000e+002
2.343373e+001, 2.700000e+002
2.363845e+001, 2.700000e+002
2.383780e+001, 2.700000e+002
2.403169e+001, 2.700000e+002
2.422004e+001, 2.700000e+002
2.440280e+001, 2.700000e+002
2.457994e+001, 2.700000e+002
2.475145e+001, 2.700000e+002
2.491736e+001, 2.700000e+002
2.507771e+001, 2.700000e+002
2.523256e+001, 2.700000e+002
2.538203e+001, 2.700000e+002
2.552623e+001, 2.700000e+002
2.566532e+001, 2.700000e+002
2.579947e+001, 2.700000e+002
2.592889e+001, 2.700000e+002
2.605381e+001, 2.700000e+002
2.617448e+001, 2.700000e+002
2.629118e+001, 2.700000e+002
2.640420e+001, 2.700000e+002
2.651385e+001, 2.700000e+002
2.662047e+001, 2.700000e+002
2.672441e+001, 2.700000e+002
2.682603e+001, 2.700000e+002
2.692568e+001, 2.700000e+002
2.702375e+001, 2.700000e+002
2.712063e+001, 2.700000e+002
2.721668e+001, 2.700000e+002
2.731229e+001, 2.700000e+002
2.740783e+001, 2.700000e+002
2.750368e+001, 2.700000e+002
2.760017e+001, 2.700000e+002
2.769766e+001, 2.700000e+002
2.779647e+001, 2.700000e+002
2.789690e+001, 2.700000e+002
2.799922e+001, 2.700000e+002
2.810369e+001, 2.700000e+002
2.821053e+001, 2.700000e+002
2.831994e+001, 2.700000e+002
2.843207e+001, 2.700000e+002
2.854703e+001, 2.700000e+002
2.866493e+001, 2.700000e+002
2.878579e+001, 2.700000e+002
2.890963e+001, 2.700000e+002
2.903641e+001, 2.700000e+002
2.916604e+001, 2.700000e+002
2.929841e+001, 2.700000e+002
2.943336e+001, 2.700000e+002
2.957067e+001, 2.700000e+002
2.971009e+001, 2.700000e+002
2.985135e+001, 2.700000e+002
2.999411e+001, 2.700000e+002
3.013801e+001, 2.700000e+002
3.028265e+001, 2.700000e+002
3.042758e+001, 2.700000e+002
3.057236e+001, 2.700000e+002
3.071648e+001, 2.700000e+002
3.085942e+001, 2.700000e+002
3.100065e+001, 2.700000e+002
3.113961e+001, 2.700000e+002
3.127572e+001, 2.700000e+002
3.140840e+001, 2.700000e+002
3.153705e+001, 2.700000e+002
3.166107e+001, 2.700000e+002
3.177988e+001, 2.700000e+002
3.189288e+001, 2.700000e+002
3.199948e+001, 2.700000e+002
3.209912e+001, 2.700000e+002
3.219124e+001, 2.700000e+002
3.227530e+001, 2.700000e+002
3.235080e+001, 2.700000e+002
3.241726e+001, 2.700000e+002
3.247421e+001, 2.700000e+002
3.252125e+001, 2.700000e+002
3.255800e+001, 2.700000e+002
3.258411e+001, 2.700000e+002
3.259930e+001, 2.700000e+002
3.260331e+001, 2.700000e+002
3.259594e+001, 2.700000e+002
3.257703e+001, 2.700000e+002
3.254650e+001, 2.700000e+002
3.250429e+001, 2.700000e+002
3.245040e+001, 2.700000e+002
3.238491e+001, 2.700000e+002
3.230793e+001, 2.700000e+002
3.221963e+001, 2.700000e+002
3.212024e+001, 2.700000e+002
3.201005e+001, 2.700000e+002
3.188940e+001, 2.700000e+002
3.175867e+001, 2.700000e+002
3.161832e+001, 2.700000e+002
3.146884e+001, 2.700000e+002
3.131077e+001, 2.700000e+002
3.114472e+001, 2.700000e+002
3.097132e+001, 2.700000e+002
3.079125e+001, 2.700000e+002
3.060523e+001, 2.700000e+002
3.041402e+001, 2.700000e+002
3.021841e+001, 2.700000e+002
3.001923e+001, 2.700000e+002
2.981733e+001, 2.700000e+002
2.961357e+001, 2.700000e+002
2.940887e+001, 2.700000e+002
2.920411e+001, 2.700000e+002
2.900024e+001, 2.700000e+002
2.879817e+001, 2.700000e+002
2.859885e+001, 2.700000e+002
2.840321e+001, 2.700000e+002
2.821219e+001, 2.700000e+002
2.802669e+001, 2.700000e+002
2.784765e+001, 2.700000e+002
2.767595e+001, 2.700000e+002
2.751247e+001, 2.700000e+002
2.735806e+001, 2.700000e+002
2.721355e+001, 2.700000e+002
2.707972e+001, 2.700000e+002
2.695733e+001, 2.700000e+002
2.684711e+001, 2.700000e+002
2.674971e+001, 2.700000e+002
2.666579e+001, 2.700000e+002
2.659590e+001, 2.700000e+002
2.654060e+001, 2.700000e+002
2.650035e+001, 2.700000e+002
2.647557e+001, 2.700000e+002
2.646662e+001, 2.700000e+002
2.647382e+001, 2.700000e+002
2.649739e+001, 2.700000e+002
2.653751e+001, 2.700000e+002
2.659430e+001, 2.700000e+002
2.666781e+001, 2.700000e+002
2.675801e+001, 2.700000e+002
2.686483e+001, 2.700000e+002
2.698812e+001, 2.700000e+002
2.712765e+001, 2.700000e+002
2.728316e+001, 2.700000e+002
2.745429e+001, 2.700000e+002
2.764065e+001, 2.700000e+002
2.784176e+001, 2.700000e+002
2.805710e+001, 2.700000e+002
2.828609e+001, 2.700000e+002
2.852809e+001, 2.700000e+002
2.878241e+001, 2.700000e+002
2.904830e+001, 2.700000e+002
2.932498e+001, 2.700000e+002
2.961163e+001, 2.700000e+002
2.990736e+001, 2.700000e+002
3.021127e+001, 2.700000e+002
3.052242e+001, 2.700000e+002
3.083984e+001, 2.700000e+002
3.116254e+001, 2.700000e+002
3.148950e+001, 2.700000e+002
3.181969e+001, 2.700000e+002
3.215206e+001, 2.700000e+002
3.248557e+001, 2.700000e+002
3.281915e+001, 2.700000e+002
3.315176e+001, 2.700000e+002
3.348233e+001, 2.700000e+002
3.380983e+001, 2.700000e+002
3.413322e+001, 2.700000e+002
3.445150e+001, 2.700000e+002
3.476368e+001, 2.700000e+002
3.506880e+001, 2.700000e+002
3.536590e+001, 2.700000e+002
3.565411e+001, 2.700000e+002
3.593253e+001, 2.700000e+002
3.620036e+001, 2.700000e+002
3.645681e+001, 2.700000e+002
3.670113e+001, 2.700000e+002
3.693264e+001, 2.700000e+002
3.715069e+001, 2.700000e+002
3.735469e+001, 2.700000e+002
3.754412e+001, 2.700000e+002
3.771848e+001, 2.700000e+002
3.787737e+001, 2.700000e+002
3.802041e+001, 2.700000e+002
3.814731e+001, 2.700000e+002
3.825780e+001, 2.700000e+002
3.835172e+001, 2.700000e+002
3.842892e+001, 2.700000e+002
3.848934e+001, 2.700000e+002
3.853297e+001, 2.700000e+002
3.855985e+001, 2.700000e+002
3.857008e+001, 2.700000e+002
3.856381e+001, 2.700000e+002
3.854126e+001, 2.700000e+002
3.850266e+001, 2.700000e+002
3.844833e+001, 2.700000e+002
3.837861e+001, 2.700000e+002
3.829388e+001, 2.700000e+002
3.819458e+001, 2.700000e+002
3.808117e+001, 2.700000e+002
3.795413e+001, 2.700000e+002
3.781399e+001, 2.700000e+002
3.766130e+001, 2.700000e+002
3.749663e+001, 2.700000e+002
3.732055e+001, 2.700000e+002
3.713369e+001, 2.700000e+002
3.693663e+001, 2.700000e+002
3.673000e+001, 2.700000e+002
3.651442e+001, 2.700000e+002
3.629050e+001, 2.700000e+002
3.605886e+001, 2.700000e+002
3.582009e+001, 2.700000e+002
3.557479e+001, 2.700000e+002
3.532353e+001, 2.700000e+002
3.506687e+001, 2.700000e+002
3.480535e+001, 2.700000e+002
3.453947e+001, 2.700000e+002
3.426971e+001, 2.700000e+002
3.399653e+001, 2.700000e+002
3.372036e+001, 2.700000e+002
3.344157e+001, 2.700000e+002
3.316053e+001, 2.700000e+002
3.287755e+001, 2.700000e+002
3.259292e+001, 2.700000e+002
3.230688e+001, 2.700000e+002
3.201963e+001, 2.700000e+002
3.173134e+001, 2.700000e+002
3.144214e+001, 2.700000e+002
3.115213e+001, 2.700000e+002
3.086136e+001, 2.700000e+002
3.056985e+001, 2.700000e+002
3.027759e+001, 2.700000e+002
2.998453e+001, 2.700000e+002
2.969060e+001, 2.700000e+002
2.939568e+001, 2.700000e+002
2.909964e+001, 2.700000e+002
2.880232e+001, 2.700000e+002
2.850355e+001, 2.700000e+002
2.820311e+001, 2.700000e+002
2.790079e+001, 2.700000e+002
2.759636e+001, 2.700000e+002
2.728957e+001, 2.700000e+002
2.698016e+001, 2.700000e+002
2.666787e+001, 2.700000e+002
2.635243e+001, 2.700000e+002
2.603357e+001, 2.700000e+002
2.571103e+001, 2.700000e+002
2.538454e+001, 2.700000e+002
2.505383e+001, 2.700000e+002
2.471867e+001, 2.700000e+002
2.437880e+001, 2.700000e+002
2.403399e+001, 2.700000e+002
2.368404e+001, 2.700000e+002
2.332873e+001, 2.700000e+002
2.296788e+001, 2.700000e+002
2.260132e+001, 2.700000e+002
2.222891e+001, 2.700000e+002
2.185050e+001, 2.700000e+002
2.146599e+001, 2.700000e+002
2.107529e+001, 2.700000e+002
2.067831e+001, 2.700000e+002
2.027502e+001, 2.700000e+002
1.986537e+001, 2.700000e+002
1.944935e+001, 2.700000e+002
1.902696e+001, 2.700000e+002
1.859823e+001, 2.700000e+002
1.816319e+001, 2.700000e+002
1.772189e+001, 2.700000e+002
1.727440e+001, 2.700000e+002
1.682079e+001, 2.700000e+002
1.636115e+001, 2.700000e+002
1.589559e+001, 2.700000e+002
1.542420e+001, 2.700000e+002
1.494710e+001, 2.700000e+002
1.446439e+001, 2.700000e+002
1.397621e+001, 2.700000e+002
1.348265e+001, 2.700000e+002
1.298384e+001, 2.700000e+002
1.247989e+001, 2.700000e+002
1.197090e+001, 2.700000e+002
1.145697e+001, 2.700000e+002
1.093819e+001, 2.700000e+002
1.041465e+001, 2.700000e+002
9.886414e+000, 2.700000e+002
9.353536e+000, 2.700000e+002
8.816061e+000, 2.700000e+002
8.274018e+000, 2.700000e+002
7.727420e+000, 2.700000e+002
7.176264e+000, 2.700000e+002
6.620531e+000, 2.700000e+002
6.060182e+000, 2.700000e+002
5.495166e+000, 2.700000e+002
4.925409e+000, 2.700000e+002
4.350825e+000, 2.700000e+002
3.771306e+000, 2.700000e+002
3.186733e+000, 2.700000e+002
2.596968e+000, 2.700000e+002
2.001859e+000, 2.700000e+002
1.401240e+000, 2.700000e+002
7.949315e-001, 2.700000e+002
1.827439e-001, 2.700001e+002
4.355236e-001, 8.999994e+001
1.060081e+000, 8.999997e+001
1.691144e+000, 8.999998e+001
2.328937e+000, 8.999999e+001
2.973684e+000, 8.999999e+001
3.625616e+000, 8.999999e+001
4.284960e+000, 8.999999e+001
4.951944e+000, 8.999999e+001
5.626792e+000, 8.999999e+001
6.309723e+000, 8.999999e+001
7.000947e+000, 8.999999e+001
7.700667e+000, 8.999999e+001
8.409074e+000, 9.000000e+001
9.126345e+000, 9.000000e+001
9.852644e+000, 9.000000e+001
1.058812e+001, 9.000000e+001
1.133289e+001, 9.000000e+001
1.208708e+001, 9.000000e+001
1.285077e+001, 9.000000e+001
1.362402e+001, 9.000000e+001
1.440687e+001, 9.000000e+001
1.519934e+001, 9.000000e+001
1.600141e+001, 9.000000e+001
1.681305e+001, 9.000000e+001
1.763419e+001, 9.000000e+001
1.846472e+001, 9.000000e+001
1.930453e+001, 9.000000e+001
2.015345e+001, 9.000000e+001
2.101129e+001, 9.000000e+001
2.187783e+001, 9.000000e+001
2.275282e+001, 9.000000e+001
2.363598e+001, 9.000000e+001
2.452700e+001, 9.000000e+001
2.542552e+001, 9.000000e+001
2.633119e+001, 9.000000e+001
2.724358e+001, 9.000000e+001
2.816228e+001, 9.000000e+001
2.908681e+001, 9.000000e+001
3.001671e+001, 9.000000e+001
3.095145e+001, 9.000000e+001
3.189051e+001, 9.000000e+001
3.283333e+001, 9.000000e+001
3.377933e+001, 9.000000e+001
3.472793e+001, 9.000000e+001
3.567851e+001, 9.000000e+001
3.663046e+001, 9.000000e+001
3.758313e+001, 9.000000e+001
3.853588e+001, 9.000000e+001
3.948807e+001, 9.000000e+001
4.043903e+001, 9.000000e+001
4.138811e+001, 9.000000e+001
4.233465e+001, 9.000000e+001
4.327799e+001, 9.000000e+001
4.421749e+001, 9.000000e+001
4.515249e+001, 9.000000e+001
4.608238e+001, 9.000000e+001
4.700652e+001, 9.000000e+001
4.792431e+001, 9.000000e+001
4.883517e+001, 9.000000e+001
4.973852e+001, 9.000000e+001
5.063382e+001, 9.000000e+001
5.152053e+001, 9.000000e+001
5.239816e+001, 9.000000e+001
5.326623e+001, 9.000000e+001
5.412430e+001, 9.000000e+001
5.497193e+001, 9.000000e+001
5.580875e+001, 9.000000e+001
5.663439e+001, 9.000000e+001
5.744851e+001, 9.000000e+001
5.825082e+001, 9.000000e+001
5.904106e+001, 9.000000e+001
5.981897e+001, 9.000000e+001
6.058435e+001, 9.000000e+001
6.133703e+001, 9.000000e+001
6.207685e+001, 9.000000e+001
6.280368e+001, 9.000000e+001
6.351744e+001, 9.000000e+001
6.421804e+001, 9.000000e+001
6.490544e+001, 9.000000e+001
6.557961e+001, 9.000000e+001
6.624055e+001, 9.000000e+001
6.688825e+001, 9.000000e+001
6.752275e+001, 9.000000e+001
6.814409e+001, 9.000000e+001
6.875231e+001, 9.000000e+001
6.934746e+001, 9.000000e+001
6.992961e+001, 9.000000e+001
7.049882e+001, 9.000000e+001
7.105517e+001, 9.000000e+001
7.159871e+001, 9.000000e+001
7.212951e+001, 9.000000e+001
7.264762e+001, 9.000000e+001
7.315309e+001, 9.000000e+001
7.364596e+001, 9.000000e+001
7.412626e+001, 9.000000e+001
7.459398e+001, 9.000000e+001
7.504914e+001, 9.000000e+001
7.549171e+001, 9.000000e+001
7.592165e+001, 9.000000e+001
7.633891e+001, 9.000000e+001
7.674341e+001, 9.000000e+001
7.713504e+001, 9.000000e+001
7.751370e+001, 9.000000e+001
7.787923e+001, 9.000000e+001
7.823148e+001, 9.000000e+001
7.857027e+001, 9.000000e+001
7.889539e+001, 9.000000e+001
7.920663e+001, 9.000000e+001
7.950372e+001, 9.000000e+001
7.978643e+001, 9.000000e+001
8.005446e+001, 9.000000e+001
8.030754e+001, 9.000000e+001
8.054534e+001, 9.000000e+001
8.076756e+001, 9.000000e+001
8.097386e+001, 9.000000e+001
8.116391e+001, 9.000000e+001
8.133737e+001, 9.000000e+001
8.149389e+001, 9.000000e+001
8.163313e+001, 9.000000e+001
8.175473e+001, 9.000000e+001
8.185837e+001, 9.000000e+001
8.194370e+001, 9.000000e+001
8.201040e+001, 9.000000e+001
8.205814e+001, 9.000000e+001
8.208665e+001, 9.000000e+001
8.209561e+001, 9.000000e+001
8.208478e+001, 9.000000e+001
8.205390e+001, 9.000000e+001
8.200276e+001, 9.000000e+001
8.193115e+001, 9.000000e+001
8.183891e+001, 9.000000e+001
8.172589e+001, 9.000000e+001
8.159199e+001, 9.000000e+001
8.143713e+001, 9.000000e+001
8.126127e+001, 9.000000e+001
8.106440e+001, 9.000000e+001
8.084654e+001, 9.000000e+001
8.060776e+001, 9.000000e+001
8.034816e+001, 9.000000e+001
8.006787e+001, 9.000000e+001
7.976709e+001, 9.000000e+001
7.944600e+001, 9.000000e+001
7.910487e+001, 9.000000e+001
7.874398e+001, 9.000000e+001
7.836366e+001, 9.000000e+001
7.796425e+001, 9.000000e+001
7.754615e+001, 9.000000e+001
7.710978e+001, 9.000000e+001
7.665559e+001, 9.000000e+001
7.618406e+001, 9.000000e+001
7.569569e+001, 9.000000e+001
7.519101e+001, 9.000000e+001
7.467058e+001, 9.000000e+001
7.413497e+001, 9.000000e+001
7.358476e+001, 9.000000e+001
7.302056e+001, 9.000000e+001
7.244298e+001, 9.000000e+001
7.185264e+001, 9.000000e+001
7.125018e+001, 9.000000e+001
7.063622e+001, 9.000000e+001
7.001139e+001, 9.000000e+001
6.937633e+001, 9.000000e+001
6.873166e+001, 9.000000e+001
6.807799e+001, 9.000000e+001
6.741593e+001, 9.000000e+001
6.674607e+001, 9.000000e+001
6.606897e+001, 9.000000e+001
6.538520e+001, 9.000000e+001
6.469528e+001, 9.000000e+001
6.399973e+001, 9.000000e+001
6.329903e+001, 9.000000e+001
6.259363e+001, 9.000000e+001
6.188396e+001, 9.000000e+001
6.117043e+001, 9.000000e+001
6.045338e+001, 9.000000e+001
5.973315e+001, 9.000000e+001
5.901004e+001, 9.000000e+001
5.828431e+001, 9.000000e+001
5.755618e+001, 9.000000e+001
5.682585e+001, 9.000000e+001
5.609347e+001, 9.000000e+001
5.535915e+001, 9.000000e+001
5.462299e+001, 9.000000e+001
5.388504e+001, 9.000000e+001
5.314531e+001, 9.000000e+001
5.240379e+001, 9.000000e+001
5.166044e+001, 9.000000e+001
5.091518e+001, 9.000000e+001
5.016793e+001, 9.000000e+001
4.941854e+001, 9.000000e+001
4.866688e+001, 9.000000e+001
4.791278e+001, 9.000000e+001
4.715605e+001, 9.000000e+001
4.639650e+001, 9.000000e+001
4.563392e+001, 9.000000e+001
4.486809e+001, 9.000000e+001
4.409877e+001, 9.000000e+001
4.332574e+001, 9.000000e+001
4.254877e+001, 9.000000e+001
4.176763e+001, 9.000000e+001
4.098209e+001, 9.000000e+001
4.019195e+001, 9.000000e+001
3.939700e+001, 9.000000e+001
3.859706e+001, 9.000000e+001
3.779194e+001, 9.000000e+001
3.698150e+001, 9.000000e+001
3.616561e+001, 9.000000e+001
3.534416e+001, 9.000000e+001
3.451708e+001, 9.000000e+001
3.368431e+001, 9.000000e+001
3.284583e+001, 9.000000e+001
3.200166e+001, 9.000000e+001
3.115184e+001, 9.000000e+001
3.029644e+001, 9.000000e+001
2.943559e+001, 9.000000e+001
2.856942e+001, 9.000000e+001
2.769813e+001, 9.000000e+001
2.682193e+001, 9.000000e+001
2.594109e+001, 9.000000e+001
2.505589e+001, 9.000000e+001
2.416666e+001, 9.000000e+001
2.327377e+001, 9.000000e+001
2.237761e+001, 9.000000e+001
2.147860e+001, 9.000000e+001
2.057721e+001, 9.000000e+001
1.967392e+001, 9.000000e+001
1.876925e+001, 9.000000e+001
1.786373e+001, 9.000000e+001
1.695792e+001, 9.000000e+001
1.605242e+001, 9.000000e+001
1.514782e+001, 9.000000e+001
1.424475e+001, 9.000000e+001
1.334383e+001, 9.000000e+001
1.244571e+001, 9.000000e+001
1.155104e+001, 9.000000e+001
1.066049e+001, 9.000000e+001
9.774712e+000, 9.000000e+001
8.894381e+000, 9.000000e+001
8.020159e+000, 9.000000e+001
7.152706e+000, 9.000000e+001
6.292677e+000, 9.000000e+001
5.440720e+000, 9.000000e+001
4.597471e+000, 9.000000e+001
3.763553e+000, 8.999999e+001
2.939576e+000, 8.999999e+001
2.126132e+000, 8.999999e+001
1.323795e+000, 8.999998e+001
5.331191e-001, 8.999996e+001
2.453639e-001, 2.700001e+002
1.011145e+000, 2.700000e+002
1.763741e+000, 2.700000e+002
2.502692e+000, 2.700000e+002
3.227567e+000, 2.700000e+002
3.937961e+000, 2.700000e+002
4.633499e+000, 2.700000e+002
5.313835e+000, 2.700000e+002
5.978650e+000, 2.700000e+002
6.627657e+000, 2.700000e+002
7.260599e+000, 2.700000e+002
7.877249e+000, 2.700000e+002
8.477408e+000, 2.700000e+002
9.060910e+000, 2.700000e+002
9.627616e+000, 2.700000e+002
1.017742e+001, 2.700000e+002
1.071024e+001, 2.700000e+002
1.122602e+001, 2.700000e+002
1.172473e+001, 2.700000e+002
1.220639e+001, 2.700000e+002
1.267102e+001, 2.700000e+002
1.311867e+001, 2.700000e+002
1.354941e+001, 2.700000e+002
1.396335e+001, 2.700000e+002
1.436060e+001, 2.700000e+002
1.474132e+001, 2.700000e+002
1.510565e+001, 2.700000e+002
1.545377e+001, 2.700000e+002
1.578589e+001, 2.700000e+002
1.610222e+001, 2.700000e+002
1.640298e+001, 2.700000e+002
1.668841e+001, 2.700000e+002
1.695876e+001, 2.700000e+002
5.655769e-002, 8.999973e+001
5.073241e-001, 2.700000e+002
1.061194e+000, 2.700000e+002
1.604831e+000, 2.700000e+002
2.138042e+000, 2.700000e+002
2.660656e+000, 2.700000e+002
3.172525e+000, 2.700000e+002
3.673525e+000, 2.700000e+002
4.163552e+000, 2.700000e+002
4.642524e+000, 2.700000e+002
5.110375e+000, 2.700000e+002
5.567061e+000, 2.700000e+002
6.012552e+000, 2.700000e+002
6.446834e+000, 2.700000e+002
6.869910e+000, 2.700000e+002
7.281793e+000, 2.700000e+002
7.682510e+000, 2.700000e+002
8.072098e+000, 2.700000e+002
8.450606e+000, 2.700000e+002
8.818089e+000, 2.700000e+002
9.174612e+000, 2.700000e+002
9.520246e+000, 2.700000e+002
9.855067e+000, 2.700000e+002
1.017916e+001, 2.700000e+002
1.049261e+001, 2.700000e+002
1.079550e+001, 2.700000e+002
1.108794e+001, 2.700000e+002
1.137001e+001, 2.700000e+002
1.164181e+001, 2.700000e+002
1.190345e+001, 2.700000e+002
1.215503e+001, 2.700000e+002
1.239665e+001, 2.700000e+002
1.262841e+001, 2.700000e+002
1.285042e+001, 2.700000e+002
1.306278e+001, 2.700000e+002
1.326561e+001, 2.700000e+002
1.345902e+001, 2.700000e+002
1.364310e+001, 2.700000e+002
1.381798e+001, 2.700000e+002
1.398377e+001, 2.700000e+002
1.414059e+001, 2.700000e+002
1.428855e+001, 2.700000e+002
1.442777e+001, 2.700000e+002
1.455839e+001, 2.700000e+002
1.468052e+001, 2.700000e+002
1.479430e+001, 2.700000e+002
1.489986e+001, 2.700000e+002
1.499733e+001, 2.700000e+002
1.508686e+001, 2.700000e+002
1.516859e+001, 2.700000e+002
1.524266e+001, 2.700000e+002
1.530923e+001, 2.700000e+002
1.536845e+001, 2.700000e+002
1.542048e+001, 2.700000e+002
1.546546e+001, 2.700000e+002
1.550357e+001, 2.700000e+002
1.553496e+001, 2.700000e+002
1.555978e+001, 2.700000e+002
1.557821e+001, 2.700000e+002
1.559040e+001, 2.700000e+002
1.559650e+001, 2.700000e+002
1.559667e+001, 2.700000e+002
1.559105e+001, 2.700000e+002
1.557979e+001, 2.700000e+002
1.556301e+001, 2.700000e+002
1.554085e+001, 2.700000e+002
1.551342e+001, 2.700000e+002
1.548082e+001, 2.700000e+002
1.544314e+001, 2.700000e+002
1.540046e+001, 2.700000e+002
1.535283e+001, 2.700000e+002
1.530029e+001, 2.700000e+002
1.524287e+001, 2.700000e+002
1.518056e+001, 2.700000e+002
1.511334e+001, 2.700000e+002
1.504116e+001, 2.700000e+002
1.496393e+001, 2.700000e+002
1.488156e+001, 2.700000e+002
1.479392e+001, 2.700000e+002
1.470084e+001, 2.700000e+002
1.460212e+001, 2.700000e+002
1.449754e+001, 2.700000e+002
1.438684e+001, 2.700000e+002
1.426971e+001, 2.700000e+002
1.414583e+001, 2.700000e+002
1.401483e+001, 2.700000e+002
1.387631e+001, 2.700000e+002
1.372981e+001, 2.700000e+002
1.357487e+001, 2.700000e+002
1.341097e+001, 2.700000e+002
1.323756e+001, 2.700000e+002
1.305405e+001, 2.700000e+002
1.285981e+001, 2.700000e+002
1.265419e+001, 2.700000e+002
1.243649e+001, 2.700000e+002
1.220600e+001, 2.700000e+002
1.196195e+001, 2.700000e+002
1.170355e+001, 2.700000e+002
1.143000e+001, 2.700000e+002
1.114044e+001, 2.700000e+002
1.083402e+001, 2.700000e+002
1.050984e+001, 2.700000e+002
1.016699e+001, 2.700000e+002
9.804550e+000, 2.700000e+002
9.421564e+000, 2.700000e+002
9.017078e+000, 2.700000e+002
8.590124e+000, 2.700000e+002
8.139723e+000, 2.700000e+002
7.664894e+000, 2.700000e+002
7.164650e+000, 2.700000e+002
6.638006e+000, 2.700000e+002
6.083977e+000, 2.700000e+002
5.501587e+000, 2.700000e+002
4.889865e+000, 2.700000e+002
4.247854e+000, 2.700000e+002
3.574607e+000, 2.700000e+002
2.869195e+000, 2.700000e+002
2.130709e+000, 2.700000e+002
1.358259e+000, 2.700000e+002
5.509801e-001, 2.699999e+002
2.919674e-001, 9.000019e+001
1.171395e+000, 9.000005e+001
2.088084e+000, 9.000003e+001
3.042783e+000, 9.000002e+001
4.036207e+000, 9.000002e+001
5.069035e+000, 9.000001e+001
6.141909e+000, 9.000001e+001
7.255433e+000, 9.000001e+001
8.410168e+000, 9.000001e+001
9.606637e+000, 9.000001e+001
1.084532e+001, 9.000001e+001
1.212664e+001, 9.000001e+001
1.345101e+001, 9.000001e+001
1.481876e+001, 9.000001e+001
1.623018e+001, 9.000000e+001
1.768555e+001, 9.000000e+001
1.918505e+001, 9.000000e+001
2.072885e+001, 9.000000e+001
2.231705e+001, 9.000000e+001
2.394972e+001, 9.000000e+001
2.562686e+001, 9.000000e+001
2.734844e+001, 9.000000e+001
2.911437e+001, 9.000000e+001
3.092451e+001, 9.000000e+001
3.277867e+001, 9.000000e+001
3.467660e+001, 9.000000e+001
3.661801e+001, 9.000000e+001
3.860256e+001, 9.000000e+001
4.062984e+001, 9.000000e+001
4.269940e+001, 9.000000e+001
4.481073e+001, 9.000000e+001
4.696327e+001, 9.000000e+001
4.915638e+001, 9.000000e+001
5.138938e+001, 9.000000e+001
5.366154e+001, 9.000000e+001
5.597204e+001, 9.000000e+001
5.832003e+001, 9.000000e+001
6.070456e+001, 9.000000e+001
6.312463e+001, 9.000000e+001
6.557918e+001, 9.000000e+001
6.806707e+001, 9.000000e+001
7.058709e+001, 9.000000e+001
7.313794e+001, 9.000000e+001
7.571825e+001, 9.000000e+001
7.832659e+001, 9.000000e+001
8.096142e+001, 9.000000e+001
8.362113e+001, 9.000000e+001
8.630401e+001, 9.000000e+001
8.900827e+001, 9.000000e+001
9.173203e+001, 9.000000e+001
9.447331e+001, 9.000000e+001
9.723002e+001, 9.000000e+001
1.000000e+002, 9.000000e+001
##END
