##TITLE= Pf1-2t25-0h6546
##JCAMP-DX= 5.00 Bruker JCAMP library
##DATA TYPE= Shape Data
##ORIGIN= Bruker BioSpin GmbH
##OWNER= <Alexej Jerschow>
##DATE= 2009/01/20
##TIME= 17:12:17
##$SHAPE_PARAMETERS= 
##MINX= 3.668533e-002
##MAXX= 1.000000e+002
##MINY= 8.999968e+001
##MAXY= 2.700002e+002
##$SHAPE_EXMODE= 
##$SHAPE_TOTROT= 
##$SHAPE_TYPE= 
##$SHAPE_USER_DEF= 
##$SHAPE_REPHFAC= 
##$SHAPE_BWFAC= 
##$SHAPE_BWFAC50= 
##$SHAPE_INTEGFAC= 
##$SHAPE_MODE= 
##NPOINTS= 1000
##XYPOINTS= (XY..XY)
4.328080e+001, 2.700000e+002
4.282329e+001, 2.700000e+002
4.236189e+001, 2.700000e+002
4.189686e+001, 2.700000e+002
4.142840e+001, 2.700000e+002
4.095669e+001, 2.700000e+002
4.048186e+001, 2.700000e+002
4.000402e+001, 2.700000e+002
3.952323e+001, 2.700000e+002
3.903949e+001, 2.700000e+002
3.855281e+001, 2.700000e+002
3.806311e+001, 2.700000e+002
3.757031e+001, 2.700000e+002
3.707429e+001, 2.700000e+002
3.657487e+001, 2.700000e+002
3.607187e+001, 2.700000e+002
3.556506e+001, 2.700000e+002
3.505419e+001, 2.700000e+002
3.453899e+001, 2.700000e+002
3.401914e+001, 2.700000e+002
3.349433e+001, 2.700000e+002
3.296424e+001, 2.700000e+002
3.242849e+001, 2.700000e+002
3.188675e+001, 2.700000e+002
3.133863e+001, 2.700000e+002
3.078379e+001, 2.700000e+002
3.022184e+001, 2.700000e+002
2.965242e+001, 2.700000e+002
2.907519e+001, 2.700000e+002
2.848981e+001, 2.700000e+002
2.789595e+001, 2.700000e+002
2.729330e+001, 2.700000e+002
2.668159e+001, 2.700000e+002
2.606056e+001, 2.700000e+002
2.542998e+001, 2.700000e+002
2.478967e+001, 2.700000e+002
2.413946e+001, 2.700000e+002
2.347924e+001, 2.700000e+002
2.280891e+001, 2.700000e+002
2.212846e+001, 2.700000e+002
2.143787e+001, 2.700000e+002
2.073721e+001, 2.700000e+002
2.002655e+001, 2.700000e+002
1.930606e+001, 2.700000e+002
1.857591e+001, 2.700000e+002
1.783634e+001, 2.700000e+002
1.708763e+001, 2.700000e+002
1.633011e+001, 2.700000e+002
1.556416e+001, 2.700000e+002
1.479019e+001, 2.700000e+002
1.400866e+001, 2.700000e+002
1.322008e+001, 2.700000e+002
1.242498e+001, 2.700000e+002
1.162394e+001, 2.700000e+002
1.081756e+001, 2.700000e+002
1.000650e+001, 2.700000e+002
9.191408e+000, 2.700000e+002
8.372989e+000, 2.700000e+002
7.551954e+000, 2.700000e+002
6.729036e+000, 2.700000e+002
5.904979e+000, 2.700000e+002
5.080540e+000, 2.700000e+002
4.256481e+000, 2.700000e+002
3.433569e+000, 2.700000e+002
2.612567e+000, 2.700000e+002
1.794234e+000, 2.700000e+002
9.793189e-001, 2.700000e+002
1.685596e-001, 2.700000e+002
6.373242e-001, 9.000001e+001
1.437632e+000, 9.000001e+001
2.231689e+000, 9.000000e+001
3.018846e+000, 9.000000e+001
3.798484e+000, 9.000000e+001
4.570019e+000, 9.000000e+001
5.332902e+000, 9.000000e+001
6.086623e+000, 9.000000e+001
6.830715e+000, 9.000000e+001
7.564752e+000, 9.000000e+001
8.288354e+000, 9.000000e+001
9.001188e+000, 9.000000e+001
9.702970e+000, 9.000000e+001
1.039346e+001, 9.000000e+001
1.107248e+001, 9.000000e+001
1.173989e+001, 9.000000e+001
1.239559e+001, 9.000000e+001
1.303957e+001, 9.000000e+001
1.367182e+001, 9.000000e+001
1.429241e+001, 9.000000e+001
1.490144e+001, 9.000000e+001
1.549908e+001, 9.000000e+001
1.608551e+001, 9.000000e+001
1.666097e+001, 9.000000e+001
1.722574e+001, 9.000000e+001
1.778015e+001, 9.000000e+001
1.832452e+001, 9.000000e+001
1.885925e+001, 9.000000e+001
1.938474e+001, 9.000000e+001
1.990143e+001, 9.000000e+001
2.040976e+001, 9.000000e+001
2.091021e+001, 9.000000e+001
2.140327e+001, 9.000000e+001
2.188941e+001, 9.000000e+001
2.236915e+001, 9.000000e+001
2.284299e+001, 9.000000e+001
2.331143e+001, 9.000000e+001
2.377497e+001, 9.000000e+001
2.423408e+001, 9.000000e+001
2.468926e+001, 9.000000e+001
2.514094e+001, 9.000000e+001
2.558958e+001, 9.000000e+001
2.603558e+001, 9.000000e+001
2.647934e+001, 9.000000e+001
2.692121e+001, 9.000000e+001
2.736154e+001, 9.000000e+001
2.780060e+001, 9.000000e+001
2.823865e+001, 9.000000e+001
2.867593e+001, 9.000000e+001
2.911261e+001, 9.000000e+001
2.954883e+001, 9.000000e+001
2.998468e+001, 9.000000e+001
3.042023e+001, 9.000000e+001
3.085548e+001, 9.000000e+001
3.129041e+001, 9.000000e+001
3.172494e+001, 9.000000e+001
3.215894e+001, 9.000000e+001
3.259227e+001, 9.000000e+001
3.302473e+001, 9.000000e+001
3.345607e+001, 9.000000e+001
3.388603e+001, 9.000000e+001
3.431429e+001, 9.000000e+001
3.474051e+001, 9.000000e+001
3.516432e+001, 9.000000e+001
3.558531e+001, 9.000000e+001
3.600307e+001, 9.000000e+001
3.641715e+001, 9.000000e+001
3.682709e+001, 9.000000e+001
3.723240e+001, 9.000000e+001
3.763261e+001, 9.000000e+001
3.802721e+001, 9.000000e+001
3.841572e+001, 9.000000e+001
3.879762e+001, 9.000000e+001
3.917244e+001, 9.000000e+001
3.953968e+001, 9.000000e+001
3.989888e+001, 9.000000e+001
4.024957e+001, 9.000000e+001
4.059132e+001, 9.000000e+001
4.092371e+001, 9.000000e+001
4.124635e+001, 9.000000e+001
4.155888e+001, 9.000000e+001
4.186096e+001, 9.000000e+001
4.215230e+001, 9.000000e+001
4.243262e+001, 9.000000e+001
4.270171e+001, 9.000000e+001
4.295937e+001, 9.000000e+001
4.320545e+001, 9.000000e+001
4.343985e+001, 9.000000e+001
4.366250e+001, 9.000000e+001
4.387336e+001, 9.000000e+001
4.407245e+001, 9.000000e+001
4.425984e+001, 9.000000e+001
4.443560e+001, 9.000000e+001
4.459989e+001, 9.000000e+001
4.475286e+001, 9.000000e+001
4.489472e+001, 9.000000e+001
4.502571e+001, 9.000000e+001
4.514611e+001, 9.000000e+001
4.525621e+001, 9.000000e+001
4.535634e+001, 9.000000e+001
4.544684e+001, 9.000000e+001
4.552809e+001, 9.000000e+001
4.560047e+001, 9.000000e+001
4.566437e+001, 9.000000e+001
4.572022e+001, 9.000000e+001
4.576841e+001, 9.000000e+001
4.580937e+001, 9.000000e+001
4.584353e+001, 9.000000e+001
4.587128e+001, 9.000000e+001
4.589305e+001, 9.000000e+001
4.590922e+001, 9.000000e+001
4.592018e+001, 9.000000e+001
4.592629e+001, 9.000000e+001
4.592791e+001, 9.000000e+001
4.592534e+001, 9.000000e+001
4.591890e+001, 9.000000e+001
4.590885e+001, 9.000000e+001
4.589543e+001, 9.000000e+001
4.587886e+001, 9.000000e+001
4.585931e+001, 9.000000e+001
4.583692e+001, 9.000000e+001
4.581180e+001, 9.000000e+001
4.578401e+001, 9.000000e+001
4.575359e+001, 9.000000e+001
4.572053e+001, 9.000000e+001
4.568479e+001, 9.000000e+001
4.564628e+001, 9.000000e+001
4.560488e+001, 9.000000e+001
4.556044e+001, 9.000000e+001
4.551276e+001, 9.000000e+001
4.546161e+001, 9.000000e+001
4.540672e+001, 9.000000e+001
4.534781e+001, 9.000000e+001
4.528455e+001, 9.000000e+001
4.521657e+001, 9.000000e+001
4.514350e+001, 9.000000e+001
4.506494e+001, 9.000000e+001
4.498044e+001, 9.000000e+001
4.488957e+001, 9.000000e+001
4.479185e+001, 9.000000e+001
4.468681e+001, 9.000000e+001
4.457396e+001, 9.000000e+001
4.445279e+001, 9.000000e+001
4.432280e+001, 9.000000e+001
4.418349e+001, 9.000000e+001
4.403434e+001, 9.000000e+001
4.387485e+001, 9.000000e+001
4.370453e+001, 9.000000e+001
4.352288e+001, 9.000000e+001
4.332945e+001, 9.000000e+001
4.312376e+001, 9.000000e+001
4.290538e+001, 9.000000e+001
4.267390e+001, 9.000000e+001
4.242891e+001, 9.000000e+001
4.217005e+001, 9.000000e+001
4.189697e+001, 9.000000e+001
4.160938e+001, 9.000000e+001
4.130700e+001, 9.000000e+001
4.098958e+001, 9.000000e+001
4.065691e+001, 9.000000e+001
4.030884e+001, 9.000000e+001
3.994522e+001, 9.000000e+001
3.956596e+001, 9.000000e+001
3.917102e+001, 9.000000e+001
3.876036e+001, 9.000000e+001
3.833403e+001, 9.000000e+001
3.789209e+001, 9.000000e+001
3.743462e+001, 9.000000e+001
3.696178e+001, 9.000000e+001
3.647373e+001, 9.000000e+001
3.597069e+001, 9.000000e+001
3.545289e+001, 9.000000e+001
3.492061e+001, 9.000000e+001
3.437414e+001, 9.000000e+001
3.381382e+001, 9.000000e+001
3.323998e+001, 9.000000e+001
3.265300e+001, 9.000000e+001
3.205326e+001, 9.000000e+001
3.144116e+001, 9.000000e+001
3.081712e+001, 9.000000e+001
3.018155e+001, 9.000000e+001
2.953487e+001, 9.000000e+001
2.887751e+001, 9.000000e+001
2.820989e+001, 9.000000e+001
2.753241e+001, 9.000000e+001
2.684549e+001, 9.000000e+001
2.614951e+001, 9.000000e+001
2.544485e+001, 9.000000e+001
2.473187e+001, 9.000000e+001
2.401090e+001, 9.000000e+001
2.328224e+001, 9.000000e+001
2.254618e+001, 9.000000e+001
2.180298e+001, 9.000000e+001
2.105286e+001, 9.000000e+001
2.029599e+001, 9.000000e+001
1.953255e+001, 9.000000e+001
1.876265e+001, 9.000000e+001
1.798637e+001, 9.000000e+001
1.720376e+001, 9.000000e+001
1.641485e+001, 9.000000e+001
1.561960e+001, 9.000000e+001
1.481795e+001, 9.000000e+001
1.400983e+001, 9.000000e+001
1.319511e+001, 9.000000e+001
1.237364e+001, 9.000000e+001
1.154524e+001, 9.000000e+001
1.070971e+001, 9.000000e+001
9.866837e+000, 9.000000e+001
9.016373e+000, 9.000000e+001
8.158065e+000, 9.000000e+001
7.291649e+000, 9.000000e+001
6.416854e+000, 9.000000e+001
5.533408e+000, 9.000000e+001
4.641039e+000, 9.000000e+001
3.739486e+000, 9.000000e+001
2.828497e+000, 9.000000e+001
1.907838e+000, 9.000000e+001
9.772959e-001, 9.000000e+001
3.668533e-002, 9.000004e+001
9.141496e-001, 2.700000e+002
1.875328e+000, 2.700000e+002
2.846931e+000, 2.700000e+002
3.828993e+000, 2.700000e+002
4.821502e+000, 2.700000e+002
5.824392e+000, 2.700000e+002
6.837544e+000, 2.700000e+002
7.860779e+000, 2.700000e+002
8.893858e+000, 2.700000e+002
9.936478e+000, 2.700000e+002
1.098827e+001, 2.700000e+002
1.204880e+001, 2.700000e+002
1.311757e+001, 2.700000e+002
1.419400e+001, 2.700000e+002
1.527747e+001, 2.700000e+002
1.636726e+001, 2.700000e+002
1.746260e+001, 2.700000e+002
1.856267e+001, 2.700000e+002
1.966656e+001, 2.700000e+002
2.077332e+001, 2.700000e+002
2.188194e+001, 2.700000e+002
2.299135e+001, 2.700000e+002
2.410045e+001, 2.700000e+002
2.520806e+001, 2.700000e+002
2.631301e+001, 2.700000e+002
2.741406e+001, 2.700000e+002
2.850995e+001, 2.700000e+002
2.959940e+001, 2.700000e+002
3.068110e+001, 2.700000e+002
3.175377e+001, 2.700000e+002
3.281607e+001, 2.700000e+002
3.386670e+001, 2.700000e+002
3.490436e+001, 2.700000e+002
3.592776e+001, 2.700000e+002
3.693563e+001, 2.700000e+002
3.792674e+001, 2.700000e+002
3.889988e+001, 2.700000e+002
3.985390e+001, 2.700000e+002
4.078767e+001, 2.700000e+002
4.170013e+001, 2.700000e+002
4.259027e+001, 2.700000e+002
4.345716e+001, 2.700000e+002
4.429991e+001, 2.700000e+002
4.511771e+001, 2.700000e+002
4.590985e+001, 2.700000e+002
4.667567e+001, 2.700000e+002
4.741461e+001, 2.700000e+002
4.812619e+001, 2.700000e+002
4.881001e+001, 2.700000e+002
4.946579e+001, 2.700000e+002
5.009331e+001, 2.700000e+002
5.069245e+001, 2.700000e+002
5.126321e+001, 2.700000e+002
5.180564e+001, 2.700000e+002
5.231992e+001, 2.700000e+002
5.280630e+001, 2.700000e+002
5.326515e+001, 2.700000e+002
5.369688e+001, 2.700000e+002
5.410204e+001, 2.700000e+002
5.448123e+001, 2.700000e+002
5.483515e+001, 2.700000e+002
5.516456e+001, 2.700000e+002
5.547032e+001, 2.700000e+002
5.575333e+001, 2.700000e+002
5.601458e+001, 2.700000e+002
5.625511e+001, 2.700000e+002
5.647602e+001, 2.700000e+002
5.667844e+001, 2.700000e+002
5.686358e+001, 2.700000e+002
5.703266e+001, 2.700000e+002
5.718694e+001, 2.700000e+002
5.732772e+001, 2.700000e+002
5.745629e+001, 2.700000e+002
5.757398e+001, 2.700000e+002
5.768212e+001, 2.700000e+002
5.778204e+001, 2.700000e+002
5.787505e+001, 2.700000e+002
5.796246e+001, 2.700000e+002
5.804557e+001, 2.700000e+002
5.812564e+001, 2.700000e+002
5.820389e+001, 2.700000e+002
5.828152e+001, 2.700000e+002
5.835968e+001, 2.700000e+002
5.843946e+001, 2.700000e+002
5.852191e+001, 2.700000e+002
5.860800e+001, 2.700000e+002
5.869865e+001, 2.700000e+002
5.879469e+001, 2.700000e+002
5.889691e+001, 2.700000e+002
5.900598e+001, 2.700000e+002
5.912250e+001, 2.700000e+002
5.924699e+001, 2.700000e+002
5.937989e+001, 2.700000e+002
5.952151e+001, 2.700000e+002
5.967210e+001, 2.700000e+002
5.983180e+001, 2.700000e+002
6.000067e+001, 2.700000e+002
6.017864e+001, 2.700000e+002
6.036556e+001, 2.700000e+002
6.056119e+001, 2.700000e+002
6.076517e+001, 2.700000e+002
6.097707e+001, 2.700000e+002
6.119634e+001, 2.700000e+002
6.142236e+001, 2.700000e+002
6.165441e+001, 2.700000e+002
6.189166e+001, 2.700000e+002
6.213324e+001, 2.700000e+002
6.237818e+001, 2.700000e+002
6.262541e+001, 2.700000e+002
6.287383e+001, 2.700000e+002
6.312224e+001, 2.700000e+002
6.336941e+001, 2.700000e+002
6.361402e+001, 2.700000e+002
6.385472e+001, 2.700000e+002
6.409013e+001, 2.700000e+002
6.431881e+001, 2.700000e+002
6.453928e+001, 2.700000e+002
6.475008e+001, 2.700000e+002
6.494968e+001, 2.700000e+002
6.513658e+001, 2.700000e+002
6.530925e+001, 2.700000e+002
6.546619e+001, 2.700000e+002
6.560588e+001, 2.700000e+002
6.572684e+001, 2.700000e+002
6.582760e+001, 2.700000e+002
6.590674e+001, 2.700000e+002
6.596285e+001, 2.700000e+002
6.599459e+001, 2.700000e+002
6.600065e+001, 2.700000e+002
6.597979e+001, 2.700000e+002
6.593083e+001, 2.700000e+002
6.585265e+001, 2.700000e+002
6.574421e+001, 2.700000e+002
6.560453e+001, 2.700000e+002
6.543273e+001, 2.700000e+002
6.522801e+001, 2.700000e+002
6.498966e+001, 2.700000e+002
6.471705e+001, 2.700000e+002
6.440966e+001, 2.700000e+002
6.406706e+001, 2.700000e+002
6.368891e+001, 2.700000e+002
6.327499e+001, 2.700000e+002
6.282515e+001, 2.700000e+002
6.233937e+001, 2.700000e+002
6.181771e+001, 2.700000e+002
6.126034e+001, 2.700000e+002
6.066754e+001, 2.700000e+002
6.003965e+001, 2.700000e+002
5.937714e+001, 2.700000e+002
5.868056e+001, 2.700000e+002
5.795054e+001, 2.700000e+002
5.718782e+001, 2.700000e+002
5.639319e+001, 2.700000e+002
5.556755e+001, 2.700000e+002
5.471185e+001, 2.700000e+002
5.382712e+001, 2.700000e+002
5.291446e+001, 2.700000e+002
5.197500e+001, 2.700000e+002
5.100996e+001, 2.700000e+002
5.002058e+001, 2.700000e+002
4.900815e+001, 2.700000e+002
4.797399e+001, 2.700000e+002
4.691946e+001, 2.700000e+002
4.584594e+001, 2.700000e+002
4.475481e+001, 2.700000e+002
4.364747e+001, 2.700000e+002
4.252533e+001, 2.700000e+002
4.138979e+001, 2.700000e+002
4.024224e+001, 2.700000e+002
3.908406e+001, 2.700000e+002
3.791661e+001, 2.700000e+002
3.674121e+001, 2.700000e+002
3.555918e+001, 2.700000e+002
3.437177e+001, 2.700000e+002
3.318022e+001, 2.700000e+002
3.198569e+001, 2.700000e+002
3.078934e+001, 2.700000e+002
2.959223e+001, 2.700000e+002
2.839539e+001, 2.700000e+002
2.719981e+001, 2.700000e+002
2.600638e+001, 2.700000e+002
2.481596e+001, 2.700000e+002
2.362934e+001, 2.700000e+002
2.244725e+001, 2.700000e+002
2.127036e+001, 2.700000e+002
2.009925e+001, 2.700000e+002
1.893448e+001, 2.700000e+002
1.777653e+001, 2.700000e+002
1.662581e+001, 2.700000e+002
1.548268e+001, 2.700000e+002
1.434747e+001, 2.700000e+002
1.322041e+001, 2.700000e+002
1.210172e+001, 2.700000e+002
1.099155e+001, 2.700000e+002
9.890016e+000, 2.700000e+002
8.797197e+000, 2.700000e+002
7.713129e+000, 2.700000e+002
6.637818e+000, 2.700000e+002
5.571242e+000, 2.700000e+002
4.513353e+000, 2.700000e+002
3.464086e+000, 2.700000e+002
2.423355e+000, 2.700000e+002
1.391066e+000, 2.700000e+002
3.671146e-001, 2.699999e+002
6.486084e-001, 9.000005e+001
1.656213e+000, 9.000002e+001
2.655805e+000, 9.000001e+001
3.647488e+000, 9.000001e+001
4.631353e+000, 9.000001e+001
5.607482e+000, 9.000001e+001
6.575942e+000, 9.000001e+001
7.536782e+000, 9.000000e+001
8.490035e+000, 9.000000e+001
9.435711e+000, 9.000000e+001
1.037380e+001, 9.000000e+001
1.130428e+001, 9.000000e+001
1.222707e+001, 9.000000e+001
1.314212e+001, 9.000000e+001
1.404931e+001, 9.000000e+001
1.494852e+001, 9.000000e+001
1.583959e+001, 9.000000e+001
1.672236e+001, 9.000000e+001
1.759664e+001, 9.000000e+001
1.846220e+001, 9.000000e+001
1.931883e+001, 9.000000e+001
2.016627e+001, 9.000000e+001
2.100426e+001, 9.000000e+001
2.183253e+001, 9.000000e+001
2.265080e+001, 9.000000e+001
2.345877e+001, 9.000000e+001
2.425617e+001, 9.000000e+001
2.504268e+001, 9.000000e+001
2.581801e+001, 9.000000e+001
2.658188e+001, 9.000000e+001
2.733400e+001, 9.000000e+001
2.807410e+001, 9.000000e+001
2.880191e+001, 9.000000e+001
2.951719e+001, 9.000000e+001
3.021970e+001, 9.000000e+001
3.090924e+001, 9.000000e+001
3.158562e+001, 9.000000e+001
3.224868e+001, 9.000000e+001
3.289827e+001, 9.000000e+001
3.353430e+001, 9.000000e+001
3.415667e+001, 9.000000e+001
3.476533e+001, 9.000000e+001
3.536028e+001, 9.000000e+001
3.594153e+001, 9.000000e+001
3.650911e+001, 9.000000e+001
3.706312e+001, 9.000000e+001
3.760367e+001, 9.000000e+001
3.813091e+001, 9.000000e+001
3.864501e+001, 9.000000e+001
3.914620e+001, 9.000000e+001
3.963470e+001, 9.000000e+001
4.011081e+001, 9.000000e+001
4.057481e+001, 9.000000e+001
4.102704e+001, 9.000000e+001
4.146785e+001, 9.000000e+001
4.189761e+001, 9.000000e+001
4.231674e+001, 9.000000e+001
4.272563e+001, 9.000000e+001
4.312472e+001, 9.000000e+001
4.351446e+001, 9.000000e+001
4.389531e+001, 9.000000e+001
4.426772e+001, 9.000000e+001
4.463216e+001, 9.000000e+001
4.498911e+001, 9.000000e+001
4.533904e+001, 9.000000e+001
4.568241e+001, 9.000000e+001
4.601969e+001, 9.000000e+001
4.635132e+001, 9.000000e+001
4.667774e+001, 9.000000e+001
4.699938e+001, 9.000000e+001
4.731665e+001, 9.000000e+001
4.762994e+001, 9.000000e+001
4.793960e+001, 9.000000e+001
4.824599e+001, 9.000000e+001
4.854941e+001, 9.000000e+001
4.885015e+001, 9.000000e+001
4.914847e+001, 9.000000e+001
4.944459e+001, 9.000000e+001
4.973870e+001, 9.000000e+001
5.003095e+001, 9.000000e+001
5.032146e+001, 9.000000e+001
5.061032e+001, 9.000000e+001
5.089755e+001, 9.000000e+001
5.118318e+001, 9.000000e+001
5.146717e+001, 9.000000e+001
5.174944e+001, 9.000000e+001
5.202988e+001, 9.000000e+001
5.230835e+001, 9.000000e+001
5.258466e+001, 9.000000e+001
5.285859e+001, 9.000000e+001
5.312988e+001, 9.000000e+001
5.339824e+001, 9.000000e+001
5.366335e+001, 9.000000e+001
5.392484e+001, 9.000000e+001
5.418235e+001, 9.000000e+001
5.443544e+001, 9.000000e+001
5.468371e+001, 9.000000e+001
5.492667e+001, 9.000000e+001
5.516387e+001, 9.000000e+001
5.539481e+001, 9.000000e+001
5.561899e+001, 9.000000e+001
5.583589e+001, 9.000000e+001
5.604499e+001, 9.000000e+001
5.624578e+001, 9.000000e+001
5.643772e+001, 9.000000e+001
5.662030e+001, 9.000000e+001
5.679301e+001, 9.000000e+001
5.695534e+001, 9.000000e+001
5.710682e+001, 9.000000e+001
5.724697e+001, 9.000000e+001
5.737534e+001, 9.000000e+001
5.749151e+001, 9.000000e+001
5.759509e+001, 9.000000e+001
5.768570e+001, 9.000000e+001
5.776303e+001, 9.000000e+001
5.782677e+001, 9.000000e+001
5.787667e+001, 9.000000e+001
5.791250e+001, 9.000000e+001
5.793410e+001, 9.000000e+001
5.794132e+001, 9.000000e+001
5.793410e+001, 9.000000e+001
5.791237e+001, 9.000000e+001
5.787616e+001, 9.000000e+001
5.782552e+001, 9.000000e+001
5.776053e+001, 9.000000e+001
5.768136e+001, 9.000000e+001
5.758819e+001, 9.000000e+001
5.748126e+001, 9.000000e+001
5.736085e+001, 9.000000e+001
5.722728e+001, 9.000000e+001
5.708091e+001, 9.000000e+001
5.692214e+001, 9.000000e+001
5.675140e+001, 9.000000e+001
5.656917e+001, 9.000000e+001
5.637592e+001, 9.000000e+001
5.617219e+001, 9.000000e+001
5.595850e+001, 9.000000e+001
5.573543e+001, 9.000000e+001
5.550355e+001, 9.000000e+001
5.526343e+001, 9.000000e+001
5.501568e+001, 9.000000e+001
5.476089e+001, 9.000000e+001
5.449965e+001, 9.000000e+001
5.423255e+001, 9.000000e+001
5.396017e+001, 9.000000e+001
5.368308e+001, 9.000000e+001
5.340184e+001, 9.000000e+001
5.311698e+001, 9.000000e+001
5.282899e+001, 9.000000e+001
5.253838e+001, 9.000000e+001
5.224560e+001, 9.000000e+001
5.195106e+001, 9.000000e+001
5.165517e+001, 9.000000e+001
5.135826e+001, 9.000000e+001
5.106067e+001, 9.000000e+001
5.076266e+001, 9.000000e+001
5.046448e+001, 9.000000e+001
5.016631e+001, 9.000000e+001
4.986831e+001, 9.000000e+001
4.957059e+001, 9.000000e+001
4.927322e+001, 9.000000e+001
4.897623e+001, 9.000000e+001
4.867960e+001, 9.000000e+001
4.838327e+001, 9.000000e+001
4.808716e+001, 9.000000e+001
4.779114e+001, 9.000000e+001
4.749504e+001, 9.000000e+001
4.719866e+001, 9.000000e+001
4.690177e+001, 9.000000e+001
4.660413e+001, 9.000000e+001
4.630544e+001, 9.000000e+001
4.600542e+001, 9.000000e+001
4.570373e+001, 9.000000e+001
4.540004e+001, 9.000000e+001
4.509401e+001, 9.000000e+001
4.478528e+001, 9.000000e+001
4.447348e+001, 9.000000e+001
4.415826e+001, 9.000000e+001
4.383926e+001, 9.000000e+001
4.351612e+001, 9.000000e+001
4.318850e+001, 9.000000e+001
4.285608e+001, 9.000000e+001
4.251853e+001, 9.000000e+001
4.217556e+001, 9.000000e+001
4.182691e+001, 9.000000e+001
4.147234e+001, 9.000000e+001
4.111161e+001, 9.000000e+001
4.074456e+001, 9.000000e+001
4.037102e+001, 9.000000e+001
3.999089e+001, 9.000000e+001
3.960409e+001, 9.000000e+001
3.921057e+001, 9.000000e+001
3.881035e+001, 9.000000e+001
3.840346e+001, 9.000000e+001
3.798998e+001, 9.000000e+001
3.757006e+001, 9.000000e+001
3.714385e+001, 9.000000e+001
3.671157e+001, 9.000000e+001
3.627347e+001, 9.000000e+001
3.582984e+001, 9.000000e+001
3.538103e+001, 9.000000e+001
3.492739e+001, 9.000000e+001
3.446934e+001, 9.000000e+001
3.400732e+001, 9.000000e+001
3.354180e+001, 9.000000e+001
3.307328e+001, 9.000000e+001
3.260230e+001, 9.000000e+001
3.212939e+001, 9.000000e+001
3.165515e+001, 9.000000e+001
3.118015e+001, 9.000000e+001
3.070499e+001, 9.000000e+001
3.023030e+001, 9.000000e+001
2.975668e+001, 9.000000e+001
2.928476e+001, 9.000000e+001
2.881516e+001, 9.000000e+001
2.834848e+001, 9.000000e+001
2.788533e+001, 9.000000e+001
2.742631e+001, 9.000000e+001
2.697198e+001, 9.000000e+001
2.652289e+001, 9.000000e+001
2.607958e+001, 9.000000e+001
2.564254e+001, 9.000000e+001
2.521223e+001, 9.000000e+001
2.478910e+001, 9.000000e+001
2.437354e+001, 9.000000e+001
2.396589e+001, 9.000000e+001
2.356648e+001, 9.000000e+001
2.317557e+001, 9.000000e+001
2.279338e+001, 9.000000e+001
2.242008e+001, 9.000000e+001
2.205578e+001, 9.000000e+001
2.170056e+001, 9.000000e+001
2.135444e+001, 9.000000e+001
2.101737e+001, 9.000000e+001
2.068926e+001, 9.000000e+001
2.036997e+001, 9.000000e+001
2.005931e+001, 9.000000e+001
1.975703e+001, 9.000000e+001
1.946283e+001, 9.000000e+001
1.917636e+001, 9.000000e+001
1.889725e+001, 9.000000e+001
1.862504e+001, 9.000000e+001
1.835926e+001, 9.000000e+001
1.809940e+001, 9.000000e+001
1.784490e+001, 9.000000e+001
1.759518e+001, 9.000000e+001
1.734962e+001, 9.000000e+001
1.710758e+001, 9.000000e+001
1.686842e+001, 9.000000e+001
1.663144e+001, 9.000000e+001
1.639597e+001, 9.000000e+001
1.616130e+001, 9.000000e+001
1.592674e+001, 9.000000e+001
1.569158e+001, 9.000000e+001
1.545514e+001, 9.000000e+001
1.521673e+001, 9.000000e+001
1.497569e+001, 9.000000e+001
1.473136e+001, 9.000000e+001
1.448313e+001, 9.000000e+001
1.423040e+001, 9.000000e+001
1.397259e+001, 9.000000e+001
1.370919e+001, 9.000000e+001
1.343970e+001, 9.000000e+001
1.316367e+001, 9.000000e+001
1.288071e+001, 9.000000e+001
1.259046e+001, 9.000000e+001
1.229261e+001, 9.000000e+001
1.198692e+001, 9.000000e+001
1.167319e+001, 9.000000e+001
1.135129e+001, 9.000000e+001
1.102112e+001, 9.000000e+001
1.068267e+001, 9.000000e+001
1.033597e+001, 9.000000e+001
9.981115e+000, 9.000000e+001
9.618250e+000, 9.000000e+001
9.247586e+000, 9.000000e+001
8.869384e+000, 9.000000e+001
8.483963e+000, 9.000000e+001
8.091693e+000, 9.000000e+001
7.692997e+000, 9.000000e+001
7.288345e+000, 9.000000e+001
6.878253e+000, 9.000000e+001
6.463281e+000, 9.000000e+001
6.044030e+000, 9.000000e+001
5.621137e+000, 9.000000e+001
5.195274e+000, 9.000001e+001
4.767143e+000, 9.000001e+001
4.337472e+000, 9.000001e+001
3.907014e+000, 9.000001e+001
3.476540e+000, 9.000001e+001
3.046837e+000, 9.000001e+001
2.618705e+000, 9.000001e+001
2.192950e+000, 9.000001e+001
1.770385e+000, 9.000002e+001
1.351821e+000, 9.000002e+001
9.380680e-001, 9.000004e+001
5.299289e-001, 9.000006e+001
1.281968e-001, 9.000026e+001
2.663485e-001, 2.699999e+002
6.529433e-001, 2.699999e+002
1.030843e+000, 2.700000e+002
1.399327e+000, 2.700000e+002
1.757696e+000, 2.700000e+002
2.105280e+000, 2.700000e+002
2.441440e+000, 2.700000e+002
2.765566e+000, 2.700000e+002
3.077082e+000, 2.700000e+002
3.375449e+000, 2.700000e+002
3.660162e+000, 2.700000e+002
3.930757e+000, 2.700000e+002
4.186805e+000, 2.700000e+002
4.427920e+000, 2.700000e+002
4.653756e+000, 2.700000e+002
4.864006e+000, 2.700000e+002
5.058406e+000, 2.700000e+002
5.236732e+000, 2.700000e+002
5.398803e+000, 2.700000e+002
5.544476e+000, 2.700000e+002
5.673651e+000, 2.700000e+002
5.786266e+000, 2.700000e+002
5.882299e+000, 2.700000e+002
5.961765e+000, 2.700000e+002
6.024718e+000, 2.700000e+002
6.071246e+000, 2.700000e+002
6.101473e+000, 2.700000e+002
6.115556e+000, 2.700000e+002
6.113685e+000, 2.700000e+002
6.096078e+000, 2.700000e+002
6.062984e+000, 2.700000e+002
6.014679e+000, 2.700000e+002
5.951465e+000, 2.700000e+002
5.873668e+000, 2.700000e+002
5.781636e+000, 2.700000e+002
5.675737e+000, 2.700000e+002
5.556361e+000, 2.700000e+002
5.423914e+000, 2.700000e+002
2.054447e+001, 9.000000e+001
2.021605e+001, 9.000000e+001
1.989102e+001, 9.000000e+001
1.956961e+001, 9.000000e+001
1.925203e+001, 9.000000e+001
1.893846e+001, 9.000000e+001
1.862906e+001, 9.000000e+001
1.832394e+001, 9.000000e+001
1.802320e+001, 9.000000e+001
1.772691e+001, 9.000000e+001
1.743511e+001, 9.000000e+001
1.714782e+001, 9.000000e+001
1.686504e+001, 9.000000e+001
1.658676e+001, 9.000000e+001
1.631293e+001, 9.000000e+001
1.604351e+001, 9.000000e+001
1.577842e+001, 9.000000e+001
1.551758e+001, 9.000000e+001
1.526091e+001, 9.000000e+001
1.500830e+001, 9.000000e+001
1.475965e+001, 9.000000e+001
1.451483e+001, 9.000000e+001
1.427373e+001, 9.000000e+001
1.403621e+001, 9.000000e+001
1.380216e+001, 9.000000e+001
1.357143e+001, 9.000000e+001
1.334389e+001, 9.000000e+001
1.311941e+001, 9.000000e+001
1.289786e+001, 9.000000e+001
1.267908e+001, 9.000000e+001
1.246296e+001, 9.000000e+001
1.224936e+001, 9.000000e+001
1.203814e+001, 9.000000e+001
1.182916e+001, 9.000000e+001
1.162231e+001, 9.000000e+001
1.141744e+001, 9.000000e+001
1.121442e+001, 9.000000e+001
1.101313e+001, 9.000000e+001
1.081343e+001, 9.000000e+001
1.061519e+001, 9.000000e+001
1.041828e+001, 9.000000e+001
1.022256e+001, 9.000000e+001
1.002790e+001, 9.000000e+001
9.834157e+000, 9.000000e+001
9.641193e+000, 9.000000e+001
9.448864e+000, 9.000000e+001
9.257023e+000, 9.000000e+001
9.065522e+000, 8.999999e+001
8.874207e+000, 8.999999e+001
8.682922e+000, 8.999999e+001
8.491508e+000, 8.999999e+001
8.299802e+000, 8.999999e+001
8.107639e+000, 8.999999e+001
7.914852e+000, 8.999999e+001
7.721273e+000, 8.999999e+001
7.526732e+000, 8.999999e+001
7.331060e+000, 8.999999e+001
7.134089e+000, 8.999999e+001
6.935653e+000, 8.999999e+001
6.735591e+000, 8.999999e+001
6.533745e+000, 8.999999e+001
6.329966e+000, 8.999999e+001
6.124112e+000, 8.999999e+001
5.916053e+000, 8.999999e+001
5.705671e+000, 8.999999e+001
5.492861e+000, 8.999999e+001
5.277537e+000, 8.999999e+001
5.059631e+000, 8.999999e+001
4.839096e+000, 8.999999e+001
4.615909e+000, 8.999999e+001
4.390074e+000, 8.999999e+001
4.161622e+000, 8.999999e+001
3.930616e+000, 8.999999e+001
3.697153e+000, 8.999999e+001
3.461364e+000, 8.999999e+001
3.223420e+000, 8.999999e+001
2.983529e+000, 8.999999e+001
2.741946e+000, 8.999999e+001
2.498966e+000, 8.999998e+001
2.254934e+000, 8.999998e+001
2.010240e+000, 8.999998e+001
1.765324e+000, 8.999998e+001
1.520679e+000, 8.999998e+001
1.276847e+000, 8.999997e+001
1.034426e+000, 8.999997e+001
7.940647e-001, 8.999996e+001
5.564684e-001, 8.999994e+001
3.223954e-001, 8.999991e+001
9.265883e-002, 8.999968e+001
1.318742e-001, 2.700002e+002
3.502833e-001, 2.700001e+002
5.615951e-001, 2.700000e+002
7.647851e-001, 2.700000e+002
9.587784e-001, 2.700000e+002
1.142452e+000, 2.700000e+002
1.314636e+000, 2.700000e+002
1.474116e+000, 2.700000e+002
1.619638e+000, 2.700000e+002
1.749905e+000, 2.700000e+002
1.863588e+000, 2.700000e+002
1.959322e+000, 2.700000e+002
2.035715e+000, 2.700000e+002
2.091346e+000, 2.700000e+002
2.124776e+000, 2.700000e+002
2.134543e+000, 2.700000e+002
2.119175e+000, 2.700000e+002
2.077187e+000, 2.700000e+002
2.007091e+000, 2.700000e+002
1.907397e+000, 2.700000e+002
1.776616e+000, 2.700000e+002
1.613269e+000, 2.700000e+002
1.415888e+000, 2.700000e+002
1.183023e+000, 2.700000e+002
9.132427e-001, 2.700000e+002
6.051433e-001, 2.700000e+002
2.573493e-001, 2.700000e+002
1.314805e-001, 8.999999e+001
5.626495e-001, 9.000000e+001
1.037419e+000, 9.000000e+001
1.557005e+000, 9.000000e+001
2.122575e+000, 9.000000e+001
2.735242e+000, 9.000000e+001
3.396064e+000, 9.000000e+001
4.106041e+000, 9.000000e+001
4.866109e+000, 9.000000e+001
5.677143e+000, 9.000000e+001
6.539947e+000, 9.000000e+001
7.455260e+000, 9.000000e+001
8.423747e+000, 9.000000e+001
9.446004e+000, 9.000000e+001
1.052255e+001, 9.000000e+001
1.165382e+001, 9.000000e+001
1.284020e+001, 9.000000e+001
1.408197e+001, 9.000000e+001
1.537934e+001, 9.000000e+001
1.673245e+001, 9.000000e+001
1.814135e+001, 9.000000e+001
1.960602e+001, 9.000000e+001
2.112635e+001, 9.000000e+001
2.270217e+001, 9.000000e+001
2.433320e+001, 9.000000e+001
2.601911e+001, 9.000000e+001
2.775948e+001, 9.000000e+001
2.955380e+001, 9.000000e+001
3.140150e+001, 9.000000e+001
3.330193e+001, 9.000000e+001
3.525435e+001, 9.000000e+001
3.725795e+001, 9.000000e+001
3.931185e+001, 9.000000e+001
4.141507e+001, 9.000000e+001
4.356657e+001, 9.000000e+001
4.576524e+001, 9.000000e+001
4.800987e+001, 9.000000e+001
5.029920e+001, 9.000000e+001
5.263186e+001, 9.000000e+001
5.500642e+001, 9.000000e+001
5.742138e+001, 9.000000e+001
5.987515e+001, 9.000000e+001
6.236604e+001, 9.000000e+001
6.489231e+001, 9.000000e+001
6.745212e+001, 9.000000e+001
7.004356e+001, 9.000000e+001
7.266462e+001, 9.000000e+001
7.531320e+001, 9.000000e+001
7.798714e+001, 9.000000e+001
8.068415e+001, 9.000000e+001
8.340190e+001, 9.000000e+001
8.613792e+001, 9.000000e+001
8.888968e+001, 9.000000e+001
9.165455e+001, 9.000000e+001
9.442979e+001, 9.000000e+001
9.721258e+001, 9.000000e+001
1.000000e+002, 9.000000e+001
##END
