##TITLE= Pf1-5t0-0h3459
##JCAMP-DX= 5.00 Bruker JCAMP library
##DATA TYPE= Shape Data
##ORIGIN= Bruker BioSpin GmbH
##OWNER= <Alexej Jerschow>
##DATE= 2009/01/20
##TIME= 17:08:44
##$SHAPE_PARAMETERS= 
##MINX= 5.970845e-002
##MAXX= 1.000000e+002
##MINY= 8.999949e+001
##MAXY= 2.700001e+002
##$SHAPE_EXMODE= 
##$SHAPE_TOTROT= 
##$SHAPE_TYPE= 
##$SHAPE_USER_DEF= 
##$SHAPE_REPHFAC= 
##$SHAPE_BWFAC= 
##$SHAPE_BWFAC50= 
##$SHAPE_INTEGFAC= 
##$SHAPE_MODE= 
##NPOINTS= 1000
##XYPOINTS= (XY..XY)
1.249767e+001, 2.700000e+002
1.199987e+001, 2.700000e+002
1.150151e+001, 2.700000e+002
1.100320e+001, 2.700000e+002
1.050549e+001, 2.700000e+002
1.000885e+001, 2.700000e+002
9.513706e+000, 2.700000e+002
9.020383e+000, 2.700000e+002
8.529148e+000, 2.700000e+002
8.040193e+000, 2.700000e+002
7.553636e+000, 2.700000e+002
7.069520e+000, 2.700000e+002
6.587822e+000, 2.700000e+002
6.108445e+000, 2.700000e+002
5.631228e+000, 2.700000e+002
5.155945e+000, 2.700000e+002
4.682310e+000, 2.700000e+002
4.209982e+000, 2.700000e+002
3.738567e+000, 2.700000e+002
3.267626e+000, 2.700000e+002
2.796677e+000, 2.700000e+002
2.325205e+000, 2.700000e+002
1.852664e+000, 2.700000e+002
1.378489e+000, 2.700000e+002
9.020959e-001, 2.700000e+002
4.228943e-001, 2.700001e+002
5.970845e-002, 8.999949e+001
5.462990e-001, 8.999995e+001
1.037451e+000, 8.999997e+001
1.533717e+000, 8.999998e+001
2.035624e+000, 8.999999e+001
2.543663e+000, 8.999999e+001
3.058283e+000, 8.999999e+001
3.579888e+000, 8.999999e+001
4.108824e+000, 8.999999e+001
4.645382e+000, 9.000000e+001
5.189782e+000, 9.000000e+001
5.742179e+000, 9.000000e+001
6.302648e+000, 9.000000e+001
6.871187e+000, 9.000000e+001
7.447713e+000, 9.000000e+001
8.032054e+000, 9.000000e+001
8.623953e+000, 9.000000e+001
9.223063e+000, 9.000000e+001
9.828944e+000, 9.000000e+001
1.044107e+001, 9.000000e+001
1.105881e+001, 9.000000e+001
1.168147e+001, 9.000000e+001
1.230824e+001, 9.000000e+001
1.293824e+001, 9.000000e+001
1.357050e+001, 9.000000e+001
1.420397e+001, 9.000000e+001
1.483753e+001, 9.000000e+001
1.546998e+001, 9.000000e+001
1.610005e+001, 9.000000e+001
1.672643e+001, 9.000000e+001
1.734772e+001, 9.000000e+001
1.796252e+001, 9.000000e+001
1.856933e+001, 9.000000e+001
1.916667e+001, 9.000000e+001
1.975298e+001, 9.000000e+001
2.032673e+001, 9.000000e+001
2.088633e+001, 9.000000e+001
2.143023e+001, 9.000000e+001
2.195686e+001, 9.000000e+001
2.246465e+001, 9.000000e+001
2.295208e+001, 9.000000e+001
2.341763e+001, 9.000000e+001
2.385983e+001, 9.000000e+001
2.427725e+001, 9.000000e+001
2.466852e+001, 9.000000e+001
2.503230e+001, 9.000000e+001
2.536734e+001, 9.000000e+001
2.567246e+001, 9.000000e+001
2.594655e+001, 9.000000e+001
2.618857e+001, 9.000000e+001
2.639759e+001, 9.000000e+001
2.657278e+001, 9.000000e+001
2.671337e+001, 9.000000e+001
2.681872e+001, 9.000000e+001
2.688829e+001, 9.000000e+001
2.692164e+001, 9.000000e+001
2.691844e+001, 9.000000e+001
2.687847e+001, 9.000000e+001
2.680162e+001, 9.000000e+001
2.668789e+001, 9.000000e+001
2.653739e+001, 9.000000e+001
2.635034e+001, 9.000000e+001
2.612704e+001, 9.000000e+001
2.586794e+001, 9.000000e+001
2.557354e+001, 9.000000e+001
2.524448e+001, 9.000000e+001
2.488146e+001, 9.000000e+001
2.448528e+001, 9.000000e+001
2.405682e+001, 9.000000e+001
2.359702e+001, 9.000000e+001
2.310693e+001, 9.000000e+001
2.258762e+001, 9.000000e+001
2.204024e+001, 9.000000e+001
2.146597e+001, 9.000000e+001
2.086606e+001, 9.000000e+001
2.024178e+001, 9.000000e+001
1.959441e+001, 9.000000e+001
1.892528e+001, 9.000000e+001
1.823571e+001, 9.000000e+001
1.752703e+001, 9.000000e+001
1.680057e+001, 9.000000e+001
1.605765e+001, 9.000000e+001
1.529957e+001, 9.000000e+001
1.452761e+001, 9.000000e+001
1.374301e+001, 9.000000e+001
1.294697e+001, 9.000000e+001
1.214068e+001, 9.000000e+001
1.132523e+001, 9.000000e+001
1.050170e+001, 9.000000e+001
9.671100e+000, 9.000000e+001
8.834370e+000, 9.000000e+001
7.992394e+000, 9.000000e+001
7.145987e+000, 9.000000e+001
6.295898e+000, 9.000000e+001
5.442801e+000, 9.000000e+001
4.587301e+000, 9.000001e+001
3.729932e+000, 9.000001e+001
2.871156e+000, 9.000001e+001
2.011366e+000, 9.000001e+001
1.150886e+000, 9.000001e+001
2.899732e-001, 9.000005e+001
5.711763e-001, 2.700000e+002
1.432427e+000, 2.700000e+002
2.293699e+000, 2.700000e+002
3.154964e+000, 2.700000e+002
4.016239e+000, 2.700000e+002
4.877582e+000, 2.700000e+002
5.739085e+000, 2.700000e+002
6.600871e+000, 2.700000e+002
7.463084e+000, 2.700000e+002
8.325883e+000, 2.700000e+002
9.189437e+000, 2.700000e+002
1.005392e+001, 2.700000e+002
1.091949e+001, 2.700000e+002
1.178630e+001, 2.700000e+002
1.265449e+001, 2.700000e+002
1.352416e+001, 2.700000e+002
1.439540e+001, 2.700000e+002
1.526822e+001, 2.700000e+002
1.614263e+001, 2.700000e+002
1.701856e+001, 2.700000e+002
1.789590e+001, 2.700000e+002
1.877445e+001, 2.700000e+002
1.965398e+001, 2.700000e+002
2.053417e+001, 2.700000e+002
2.141462e+001, 2.700000e+002
2.229487e+001, 2.700000e+002
2.317437e+001, 2.700000e+002
2.405249e+001, 2.700000e+002
2.492853e+001, 2.700000e+002
2.580169e+001, 2.700000e+002
2.667110e+001, 2.700000e+002
2.753582e+001, 2.700000e+002
2.839482e+001, 2.700000e+002
2.924698e+001, 2.700000e+002
3.009115e+001, 2.700000e+002
3.092606e+001, 2.700000e+002
3.175043e+001, 2.700000e+002
3.256287e+001, 2.700000e+002
3.336197e+001, 2.700000e+002
3.414626e+001, 2.700000e+002
3.491424e+001, 2.700000e+002
3.566435e+001, 2.700000e+002
3.639502e+001, 2.700000e+002
3.710468e+001, 2.700000e+002
3.779170e+001, 2.700000e+002
3.845448e+001, 2.700000e+002
3.909141e+001, 2.700000e+002
3.970089e+001, 2.700000e+002
4.028134e+001, 2.700000e+002
4.083121e+001, 2.700000e+002
4.134897e+001, 2.700000e+002
4.183314e+001, 2.700000e+002
4.228229e+001, 2.700000e+002
4.269503e+001, 2.700000e+002
4.307004e+001, 2.700000e+002
4.340608e+001, 2.700000e+002
4.370194e+001, 2.700000e+002
4.395654e+001, 2.700000e+002
4.416884e+001, 2.700000e+002
4.433792e+001, 2.700000e+002
4.446291e+001, 2.700000e+002
4.454309e+001, 2.700000e+002
4.457777e+001, 2.700000e+002
4.456642e+001, 2.700000e+002
4.450858e+001, 2.700000e+002
4.440388e+001, 2.700000e+002
4.425208e+001, 2.700000e+002
4.405304e+001, 2.700000e+002
4.380670e+001, 2.700000e+002
4.351313e+001, 2.700000e+002
4.317247e+001, 2.700000e+002
4.278498e+001, 2.700000e+002
4.235102e+001, 2.700000e+002
4.187103e+001, 2.700000e+002
4.134555e+001, 2.700000e+002
4.077519e+001, 2.700000e+002
4.016067e+001, 2.700000e+002
3.950277e+001, 2.700000e+002
3.880235e+001, 2.700000e+002
3.806033e+001, 2.700000e+002
3.727773e+001, 2.700000e+002
3.645558e+001, 2.700000e+002
3.559500e+001, 2.700000e+002
3.469715e+001, 2.700000e+002
3.376323e+001, 2.700000e+002
3.279448e+001, 2.700000e+002
3.179217e+001, 2.700000e+002
3.075760e+001, 2.700000e+002
2.969208e+001, 2.700000e+002
2.859694e+001, 2.700000e+002
2.747354e+001, 2.700000e+002
2.632321e+001, 2.700000e+002
2.514730e+001, 2.700000e+002
2.394715e+001, 2.700000e+002
2.272408e+001, 2.700000e+002
2.147941e+001, 2.700000e+002
2.021442e+001, 2.700000e+002
1.893039e+001, 2.700000e+002
1.762855e+001, 2.700000e+002
1.631012e+001, 2.700000e+002
1.497626e+001, 2.700000e+002
1.362814e+001, 2.700000e+002
1.226684e+001, 2.700000e+002
1.089344e+001, 2.700000e+002
9.508975e+000, 2.700000e+002
8.114422e+000, 2.700000e+002
6.710737e+000, 2.700000e+002
5.298834e+000, 2.700000e+002
3.879588e+000, 2.700000e+002
2.453840e+000, 2.700000e+002
1.022399e+000, 2.700000e+002
4.139571e-001, 9.000006e+001
1.854476e+000, 9.000001e+001
3.298431e+000, 9.000001e+001
4.745111e+000, 9.000001e+001
6.193823e+000, 9.000000e+001
7.643882e+000, 9.000000e+001
9.094608e+000, 9.000000e+001
1.054532e+001, 9.000000e+001
1.199533e+001, 9.000000e+001
1.344395e+001, 9.000000e+001
1.489046e+001, 9.000000e+001
1.633411e+001, 9.000000e+001
1.777414e+001, 9.000000e+001
1.920975e+001, 9.000000e+001
2.064008e+001, 9.000000e+001
2.206426e+001, 9.000000e+001
2.348133e+001, 9.000000e+001
2.489029e+001, 9.000000e+001
2.629008e+001, 9.000000e+001
2.767957e+001, 9.000000e+001
2.905756e+001, 9.000000e+001
3.042278e+001, 9.000000e+001
3.177387e+001, 9.000000e+001
3.310940e+001, 9.000000e+001
3.442787e+001, 9.000000e+001
3.572769e+001, 9.000000e+001
3.700718e+001, 9.000000e+001
3.826458e+001, 9.000000e+001
3.949807e+001, 9.000000e+001
4.070574e+001, 9.000000e+001
4.188559e+001, 9.000000e+001
4.303558e+001, 9.000000e+001
4.415358e+001, 9.000000e+001
4.523741e+001, 9.000000e+001
4.628484e+001, 9.000000e+001
4.729359e+001, 9.000000e+001
4.826132e+001, 9.000000e+001
4.918570e+001, 9.000000e+001
5.006434e+001, 9.000000e+001
5.089487e+001, 9.000000e+001
5.167491e+001, 9.000000e+001
5.240207e+001, 9.000000e+001
5.307402e+001, 9.000000e+001
5.368843e+001, 9.000000e+001
5.424303e+001, 9.000000e+001
5.473563e+001, 9.000000e+001
5.516408e+001, 9.000000e+001
5.552633e+001, 9.000000e+001
5.582044e+001, 9.000000e+001
5.604455e+001, 9.000000e+001
5.619695e+001, 9.000000e+001
5.627606e+001, 9.000000e+001
5.628044e+001, 9.000000e+001
5.620882e+001, 9.000000e+001
5.606009e+001, 9.000000e+001
5.583331e+001, 9.000000e+001
5.552775e+001, 9.000000e+001
5.514286e+001, 9.000000e+001
5.467830e+001, 9.000000e+001
5.413393e+001, 9.000000e+001
5.350985e+001, 9.000000e+001
5.280634e+001, 9.000000e+001
5.202394e+001, 9.000000e+001
5.116340e+001, 9.000000e+001
5.022567e+001, 9.000000e+001
4.921197e+001, 9.000000e+001
4.812370e+001, 9.000000e+001
4.696249e+001, 9.000000e+001
4.573021e+001, 9.000000e+001
4.442889e+001, 9.000000e+001
4.306081e+001, 9.000000e+001
4.162840e+001, 9.000000e+001
4.013431e+001, 9.000000e+001
3.858134e+001, 9.000000e+001
3.697246e+001, 9.000000e+001
3.531081e+001, 9.000000e+001
3.359964e+001, 9.000000e+001
3.184235e+001, 9.000000e+001
3.004243e+001, 9.000000e+001
2.820349e+001, 9.000000e+001
2.632920e+001, 9.000000e+001
2.442333e+001, 9.000000e+001
2.248967e+001, 9.000000e+001
2.053207e+001, 9.000000e+001
1.855439e+001, 9.000000e+001
1.656051e+001, 9.000000e+001
1.455427e+001, 9.000000e+001
1.253953e+001, 9.000000e+001
1.052008e+001, 9.000000e+001
8.499662e+000, 9.000000e+001
6.481966e+000, 9.000001e+001
4.470588e+000, 9.000001e+001
2.469035e+000, 9.000001e+001
4.807094e-001, 9.000007e+001
1.491103e+000, 2.700000e+002
3.443244e+000, 2.700000e+002
5.372691e+000, 2.700000e+002
7.276568e+000, 2.700000e+002
9.152153e+000, 2.700000e+002
1.099688e+001, 2.700000e+002
1.280837e+001, 2.700000e+002
1.458439e+001, 2.700000e+002
1.632290e+001, 2.700000e+002
1.802204e+001, 2.700000e+002
1.968012e+001, 2.700000e+002
2.129566e+001, 2.700000e+002
2.286734e+001, 2.700000e+002
2.439404e+001, 2.700000e+002
2.587481e+001, 2.700000e+002
2.730889e+001, 2.700000e+002
2.869570e+001, 2.700000e+002
3.003483e+001, 2.700000e+002
3.132603e+001, 2.700000e+002
3.256922e+001, 2.700000e+002
3.376449e+001, 2.700000e+002
3.491204e+001, 2.700000e+002
3.601226e+001, 2.700000e+002
3.706563e+001, 2.700000e+002
3.807278e+001, 2.700000e+002
3.903443e+001, 2.700000e+002
3.995143e+001, 2.700000e+002
4.082470e+001, 2.700000e+002
4.165525e+001, 2.700000e+002
4.244416e+001, 2.700000e+002
4.319256e+001, 2.700000e+002
4.390164e+001, 2.700000e+002
4.457261e+001, 2.700000e+002
4.520672e+001, 2.700000e+002
4.580522e+001, 2.700000e+002
4.636936e+001, 2.700000e+002
4.690036e+001, 2.700000e+002
4.739946e+001, 2.700000e+002
4.786782e+001, 2.700000e+002
4.830658e+001, 2.700000e+002
4.871682e+001, 2.700000e+002
4.909955e+001, 2.700000e+002
4.945571e+001, 2.700000e+002
4.978615e+001, 2.700000e+002
5.009165e+001, 2.700000e+002
5.037285e+001, 2.700000e+002
5.063034e+001, 2.700000e+002
5.086455e+001, 2.700000e+002
5.107583e+001, 2.700000e+002
5.126439e+001, 2.700000e+002
5.143033e+001, 2.700000e+002
5.157363e+001, 2.700000e+002
5.169413e+001, 2.700000e+002
5.179156e+001, 2.700000e+002
5.186551e+001, 2.700000e+002
5.191547e+001, 2.700000e+002
5.194079e+001, 2.700000e+002
5.194072e+001, 2.700000e+002
5.191437e+001, 2.700000e+002
5.186079e+001, 2.700000e+002
5.177889e+001, 2.700000e+002
5.166749e+001, 2.700000e+002
5.152536e+001, 2.700000e+002
5.135115e+001, 2.700000e+002
5.114347e+001, 2.700000e+002
5.090086e+001, 2.700000e+002
5.062182e+001, 2.700000e+002
5.030480e+001, 2.700000e+002
4.994826e+001, 2.700000e+002
4.955060e+001, 2.700000e+002
4.911024e+001, 2.700000e+002
4.862563e+001, 2.700000e+002
4.809522e+001, 2.700000e+002
4.751750e+001, 2.700000e+002
4.689100e+001, 2.700000e+002
4.621433e+001, 2.700000e+002
4.548617e+001, 2.700000e+002
4.470527e+001, 2.700000e+002
4.387048e+001, 2.700000e+002
4.298077e+001, 2.700000e+002
4.203522e+001, 2.700000e+002
4.103304e+001, 2.700000e+002
3.997359e+001, 2.700000e+002
3.885636e+001, 2.700000e+002
3.768100e+001, 2.700000e+002
3.644735e+001, 2.700000e+002
3.515539e+001, 2.700000e+002
3.380529e+001, 2.700000e+002
3.239742e+001, 2.700000e+002
3.093232e+001, 2.700000e+002
2.941072e+001, 2.700000e+002
2.783356e+001, 2.700000e+002
2.620197e+001, 2.700000e+002
2.451728e+001, 2.700000e+002
2.278102e+001, 2.700000e+002
2.099491e+001, 2.700000e+002
1.916087e+001, 2.700000e+002
1.728102e+001, 2.700000e+002
1.535764e+001, 2.700000e+002
1.339324e+001, 2.700000e+002
1.139046e+001, 2.700000e+002
9.352147e+000, 2.700000e+002
7.281291e+000, 2.700000e+002
5.181043e+000, 2.700000e+002
3.054703e+000, 2.700000e+002
9.057013e-001, 2.700000e+002
1.262403e+000, 8.999998e+001
3.445937e+000, 8.999999e+001
5.641130e+000, 9.000000e+001
7.844118e+000, 9.000000e+001
1.005096e+001, 9.000000e+001
1.225767e+001, 9.000000e+001
1.446018e+001, 9.000000e+001
1.665442e+001, 9.000000e+001
1.883628e+001, 9.000000e+001
2.100167e+001, 9.000000e+001
2.314648e+001, 9.000000e+001
2.526665e+001, 9.000000e+001
2.735815e+001, 9.000000e+001
2.941700e+001, 9.000000e+001
3.143930e+001, 9.000000e+001
3.342124e+001, 9.000000e+001
3.535908e+001, 9.000000e+001
3.724923e+001, 9.000000e+001
3.908819e+001, 9.000000e+001
4.087263e+001, 9.000000e+001
4.259933e+001, 9.000000e+001
4.426526e+001, 9.000000e+001
4.586754e+001, 9.000000e+001
4.740350e+001, 9.000000e+001
4.887061e+001, 9.000000e+001
5.026659e+001, 9.000000e+001
5.158931e+001, 9.000000e+001
5.283687e+001, 9.000000e+001
5.400759e+001, 9.000000e+001
5.509999e+001, 9.000000e+001
5.611281e+001, 9.000000e+001
5.704500e+001, 9.000000e+001
5.789575e+001, 9.000000e+001
5.866443e+001, 9.000000e+001
5.935065e+001, 9.000000e+001
5.995423e+001, 9.000000e+001
6.047518e+001, 9.000000e+001
6.091372e+001, 9.000000e+001
6.127027e+001, 9.000000e+001
6.154542e+001, 9.000000e+001
6.173996e+001, 9.000000e+001
6.185484e+001, 9.000000e+001
6.189117e+001, 9.000000e+001
6.185021e+001, 9.000000e+001
6.173337e+001, 9.000000e+001
6.154219e+001, 9.000000e+001
6.127832e+001, 9.000000e+001
6.094354e+001, 9.000000e+001
6.053971e+001, 9.000000e+001
6.006878e+001, 9.000000e+001
5.953277e+001, 9.000000e+001
5.893378e+001, 9.000000e+001
5.827396e+001, 9.000000e+001
5.755549e+001, 9.000000e+001
5.678058e+001, 9.000000e+001
5.595148e+001, 9.000000e+001
5.507044e+001, 9.000000e+001
5.413972e+001, 9.000000e+001
5.316157e+001, 9.000000e+001
5.213822e+001, 9.000000e+001
5.107189e+001, 9.000000e+001
4.996477e+001, 9.000000e+001
4.881902e+001, 9.000000e+001
4.763675e+001, 9.000000e+001
4.642005e+001, 9.000000e+001
4.517092e+001, 9.000000e+001
4.389137e+001, 9.000000e+001
4.258330e+001, 9.000000e+001
4.124858e+001, 9.000000e+001
3.988905e+001, 9.000000e+001
3.850644e+001, 9.000000e+001
3.710247e+001, 9.000000e+001
3.567878e+001, 9.000000e+001
3.423697e+001, 9.000000e+001
3.277859e+001, 9.000000e+001
3.130512e+001, 9.000000e+001
2.981801e+001, 9.000000e+001
2.831868e+001, 9.000000e+001
2.680847e+001, 9.000000e+001
2.528872e+001, 9.000000e+001
2.376073e+001, 9.000000e+001
2.222576e+001, 9.000000e+001
2.068505e+001, 9.000000e+001
1.913983e+001, 9.000000e+001
1.759132e+001, 9.000000e+001
1.604069e+001, 9.000000e+001
1.448916e+001, 9.000000e+001
1.293790e+001, 9.000000e+001
1.138812e+001, 9.000000e+001
9.840989e+000, 9.000000e+001
8.297730e+000, 9.000000e+001
6.759554e+000, 9.000000e+001
5.227690e+000, 9.000000e+001
3.703386e+000, 9.000000e+001
2.187907e+000, 9.000001e+001
6.825393e-001, 9.000002e+001
8.114083e-001, 2.700000e+002
2.292606e+000, 2.700000e+002
3.759701e+000, 2.700000e+002
5.211317e+000, 2.700000e+002
6.646056e+000, 2.700000e+002
8.062501e+000, 2.700000e+002
9.459214e+000, 2.700000e+002
1.083474e+001, 2.700000e+002
1.218761e+001, 2.700000e+002
1.351634e+001, 2.700000e+002
1.481944e+001, 2.700000e+002
1.609541e+001, 2.700000e+002
1.734276e+001, 2.700000e+002
1.855999e+001, 2.700000e+002
1.974561e+001, 2.700000e+002
2.089815e+001, 2.700000e+002
2.201615e+001, 2.700000e+002
2.309817e+001, 2.700000e+002
2.414280e+001, 2.700000e+002
2.514866e+001, 2.700000e+002
2.611442e+001, 2.700000e+002
2.703878e+001, 2.700000e+002
2.792048e+001, 2.700000e+002
2.875835e+001, 2.700000e+002
2.955123e+001, 2.700000e+002
3.029808e+001, 2.700000e+002
3.099788e+001, 2.700000e+002
3.164971e+001, 2.700000e+002
3.225273e+001, 2.700000e+002
3.280618e+001, 2.700000e+002
3.330938e+001, 2.700000e+002
3.376176e+001, 2.700000e+002
3.416283e+001, 2.700000e+002
3.451221e+001, 2.700000e+002
3.480960e+001, 2.700000e+002
3.505484e+001, 2.700000e+002
3.524785e+001, 2.700000e+002
3.538866e+001, 2.700000e+002
3.547743e+001, 2.700000e+002
3.551441e+001, 2.700000e+002
3.549996e+001, 2.700000e+002
3.543458e+001, 2.700000e+002
3.531884e+001, 2.700000e+002
3.515345e+001, 2.700000e+002
3.493922e+001, 2.700000e+002
3.467705e+001, 2.700000e+002
3.436798e+001, 2.700000e+002
3.401312e+001, 2.700000e+002
3.361368e+001, 2.700000e+002
3.317098e+001, 2.700000e+002
3.268642e+001, 2.700000e+002
3.216149e+001, 2.700000e+002
3.159774e+001, 2.700000e+002
3.099683e+001, 2.700000e+002
3.036045e+001, 2.700000e+002
2.969038e+001, 2.700000e+002
2.898843e+001, 2.700000e+002
2.825648e+001, 2.700000e+002
2.749645e+001, 2.700000e+002
2.671027e+001, 2.700000e+002
2.589991e+001, 2.700000e+002
2.506737e+001, 2.700000e+002
2.421463e+001, 2.700000e+002
2.334369e+001, 2.700000e+002
2.245655e+001, 2.700000e+002
2.155518e+001, 2.700000e+002
2.064152e+001, 2.700000e+002
1.971750e+001, 2.700000e+002
1.878500e+001, 2.700000e+002
1.784586e+001, 2.700000e+002
1.690185e+001, 2.700000e+002
1.595470e+001, 2.700000e+002
1.500606e+001, 2.700000e+002
1.405752e+001, 2.700000e+002
1.311058e+001, 2.700000e+002
1.216666e+001, 2.700000e+002
1.122710e+001, 2.700000e+002
1.029316e+001, 2.700000e+002
9.365966e+000, 2.700000e+002
8.446589e+000, 2.700000e+002
7.535983e+000, 2.700000e+002
6.635008e+000, 2.700000e+002
5.744424e+000, 2.700000e+002
4.864890e+000, 2.700000e+002
3.996971e+000, 2.700000e+002
3.141134e+000, 2.700000e+002
2.297751e+000, 2.700000e+002
1.467105e+000, 2.700000e+002
6.493922e-001, 2.700000e+002
1.552748e-001, 9.000013e+001
9.468614e-001, 9.000002e+001
1.725406e+000, 9.000002e+001
2.491012e+000, 9.000001e+001
3.243847e+000, 9.000001e+001
3.984130e+000, 9.000001e+001
4.712129e+000, 9.000001e+001
5.428152e+000, 9.000001e+001
6.132541e+000, 9.000001e+001
6.825662e+000, 9.000001e+001
7.507901e+000, 9.000001e+001
8.179657e+000, 9.000001e+001
8.841328e+000, 9.000001e+001
9.493312e+000, 9.000001e+001
1.013600e+001, 9.000001e+001
1.076975e+001, 9.000000e+001
1.139493e+001, 9.000000e+001
1.201183e+001, 9.000000e+001
1.262075e+001, 9.000000e+001
1.322193e+001, 9.000000e+001
1.381555e+001, 9.000000e+001
1.440177e+001, 9.000000e+001
1.498068e+001, 9.000000e+001
1.555231e+001, 9.000000e+001
1.611664e+001, 9.000000e+001
1.667358e+001, 9.000000e+001
1.722299e+001, 9.000000e+001
1.776466e+001, 9.000000e+001
1.829830e+001, 9.000000e+001
1.882359e+001, 9.000000e+001
1.934013e+001, 9.000000e+001
1.984746e+001, 9.000000e+001
2.034507e+001, 9.000000e+001
2.083238e+001, 9.000000e+001
2.130878e+001, 9.000000e+001
2.177360e+001, 9.000000e+001
2.222614e+001, 9.000000e+001
2.266564e+001, 9.000000e+001
2.309133e+001, 9.000000e+001
2.350241e+001, 9.000000e+001
2.389805e+001, 9.000000e+001
2.427741e+001, 9.000000e+001
2.463965e+001, 9.000000e+001
2.498391e+001, 9.000000e+001
2.530937e+001, 9.000000e+001
2.561518e+001, 9.000000e+001
2.590054e+001, 9.000000e+001
2.616467e+001, 9.000000e+001
2.640681e+001, 9.000000e+001
2.662626e+001, 9.000000e+001
2.682235e+001, 9.000000e+001
2.699447e+001, 9.000000e+001
2.714205e+001, 9.000000e+001
2.726461e+001, 9.000000e+001
2.736172e+001, 9.000000e+001
2.743303e+001, 9.000000e+001
2.747827e+001, 9.000000e+001
2.749722e+001, 9.000000e+001
2.748979e+001, 9.000000e+001
2.745595e+001, 9.000000e+001
2.739576e+001, 9.000000e+001
2.730937e+001, 9.000000e+001
2.719702e+001, 9.000000e+001
2.705904e+001, 9.000000e+001
2.689586e+001, 9.000000e+001
2.670799e+001, 9.000000e+001
2.649602e+001, 9.000000e+001
2.626065e+001, 9.000000e+001
2.600263e+001, 9.000000e+001
2.572281e+001, 9.000000e+001
2.542211e+001, 9.000000e+001
2.510153e+001, 9.000000e+001
2.476212e+001, 9.000000e+001
2.440500e+001, 9.000000e+001
2.403133e+001, 9.000000e+001
2.364235e+001, 9.000000e+001
2.323930e+001, 9.000000e+001
2.282349e+001, 9.000000e+001
2.239623e+001, 9.000000e+001
2.195887e+001, 9.000000e+001
2.151277e+001, 9.000000e+001
2.105928e+001, 9.000000e+001
2.059977e+001, 9.000000e+001
2.013556e+001, 9.000000e+001
1.966801e+001, 9.000000e+001
1.919839e+001, 9.000000e+001
1.872799e+001, 9.000000e+001
1.825802e+001, 9.000000e+001
1.778967e+001, 9.000000e+001
1.732405e+001, 9.000000e+001
1.686223e+001, 9.000000e+001
1.640520e+001, 9.000000e+001
1.595388e+001, 9.000000e+001
1.550911e+001, 9.000000e+001
1.507165e+001, 9.000000e+001
1.464216e+001, 9.000000e+001
1.422124e+001, 9.000000e+001
1.380935e+001, 9.000000e+001
1.340689e+001, 9.000000e+001
1.301414e+001, 9.000000e+001
1.263129e+001, 9.000000e+001
1.225843e+001, 9.000000e+001
1.189555e+001, 9.000000e+001
1.154253e+001, 9.000000e+001
1.119915e+001, 9.000000e+001
1.086511e+001, 9.000000e+001
1.054002e+001, 9.000000e+001
1.022337e+001, 9.000000e+001
9.914586e+000, 9.000000e+001
9.613016e+000, 9.000000e+001
9.317923e+000, 9.000000e+001
9.028502e+000, 9.000000e+001
8.743885e+000, 9.000000e+001
8.463149e+000, 9.000000e+001
8.185319e+000, 9.000000e+001
7.909380e+000, 9.000000e+001
7.634282e+000, 9.000000e+001
7.358951e+000, 9.000000e+001
7.082296e+000, 9.000000e+001
6.803217e+000, 9.000000e+001
6.520617e+000, 9.000000e+001
6.233405e+000, 9.000000e+001
5.940513e+000, 9.000000e+001
5.640896e+000, 9.000000e+001
5.333548e+000, 9.000000e+001
5.017507e+000, 9.000000e+001
4.691863e+000, 9.000000e+001
4.355767e+000, 9.000000e+001
4.008436e+000, 9.000000e+001
3.649166e+000, 9.000000e+001
3.277331e+000, 9.000000e+001
2.892394e+000, 9.000000e+001
2.493912e+000, 9.000000e+001
2.081538e+000, 9.000000e+001
1.655030e+000, 9.000000e+001
1.214249e+000, 9.000000e+001
7.591653e-001, 8.999999e+001
2.898616e-001, 8.999998e+001
1.934690e-001, 2.700000e+002
6.905199e-001, 2.700000e+002
1.200871e+000, 2.700000e+002
1.723992e+000, 2.700000e+002
2.259240e+000, 2.700000e+002
2.805863e+000, 2.700000e+002
3.363006e+000, 2.700000e+002
3.929709e+000, 2.700000e+002
4.504915e+000, 2.700000e+002
5.087473e+000, 2.700000e+002
5.676143e+000, 2.700000e+002
6.269602e+000, 2.700000e+002
6.866453e+000, 2.700000e+002
7.465224e+000, 2.700000e+002
8.064382e+000, 2.700000e+002
8.662339e+000, 2.700000e+002
9.257456e+000, 2.700000e+002
9.848052e+000, 2.700000e+002
1.043242e+001, 2.700000e+002
1.100881e+001, 2.700000e+002
1.157547e+001, 2.700000e+002
1.213063e+001, 2.700000e+002
1.267253e+001, 2.700000e+002
1.319940e+001, 2.700000e+002
1.370948e+001, 2.700000e+002
1.420106e+001, 2.700000e+002
1.467243e+001, 2.700000e+002
1.512192e+001, 2.700000e+002
1.554790e+001, 2.700000e+002
1.594881e+001, 2.700000e+002
1.632311e+001, 2.700000e+002
1.666934e+001, 2.700000e+002
1.698610e+001, 2.700000e+002
1.727207e+001, 2.700000e+002
1.752599e+001, 2.700000e+002
1.774668e+001, 2.700000e+002
1.793306e+001, 2.700000e+002
1.808410e+001, 2.700000e+002
1.819891e+001, 2.700000e+002
1.827664e+001, 2.700000e+002
1.831656e+001, 2.700000e+002
1.831802e+001, 2.700000e+002
1.828049e+001, 2.700000e+002
1.820350e+001, 2.700000e+002
1.808671e+001, 2.700000e+002
1.792986e+001, 2.700000e+002
1.773277e+001, 2.700000e+002
1.749539e+001, 2.700000e+002
1.721773e+001, 2.700000e+002
1.689992e+001, 2.700000e+002
1.654216e+001, 2.700000e+002
1.614474e+001, 2.700000e+002
1.570805e+001, 2.700000e+002
1.523254e+001, 2.700000e+002
1.471877e+001, 2.700000e+002
1.416734e+001, 2.700000e+002
1.357896e+001, 2.700000e+002
1.295439e+001, 2.700000e+002
1.229446e+001, 2.700000e+002
1.160007e+001, 2.700000e+002
1.087217e+001, 2.700000e+002
1.011178e+001, 2.700000e+002
9.319951e+000, 2.700000e+002
8.497807e+000, 2.700000e+002
7.646503e+000, 2.700000e+002
6.767238e+000, 2.700000e+002
4.301092e+001, 9.000000e+001
4.302851e+001, 9.000000e+001
4.305817e+001, 9.000000e+001
4.310001e+001, 9.000000e+001
4.315411e+001, 9.000000e+001
4.322044e+001, 9.000000e+001
4.329890e+001, 9.000000e+001
4.338932e+001, 9.000000e+001
4.349148e+001, 9.000000e+001
4.360507e+001, 9.000000e+001
4.372973e+001, 9.000000e+001
4.386505e+001, 9.000000e+001
4.401054e+001, 9.000000e+001
4.416570e+001, 9.000000e+001
4.432994e+001, 9.000000e+001
4.450268e+001, 9.000000e+001
4.468326e+001, 9.000000e+001
4.487099e+001, 9.000000e+001
4.506519e+001, 9.000000e+001
4.526510e+001, 9.000000e+001
4.546997e+001, 9.000000e+001
4.567904e+001, 9.000000e+001
4.589150e+001, 9.000000e+001
4.610654e+001, 9.000000e+001
4.632337e+001, 9.000000e+001
4.654114e+001, 9.000000e+001
4.675904e+001, 9.000000e+001
4.697623e+001, 9.000000e+001
4.719189e+001, 9.000000e+001
4.740517e+001, 9.000000e+001
4.761525e+001, 9.000000e+001
4.782129e+001, 9.000000e+001
4.802249e+001, 9.000000e+001
4.821801e+001, 9.000000e+001
4.840704e+001, 9.000000e+001
4.858878e+001, 9.000000e+001
4.876242e+001, 9.000000e+001
4.892716e+001, 9.000000e+001
4.908221e+001, 9.000000e+001
4.922680e+001, 9.000000e+001
4.936013e+001, 9.000000e+001
4.948143e+001, 9.000000e+001
4.958993e+001, 9.000000e+001
4.968488e+001, 9.000000e+001
4.976550e+001, 9.000000e+001
4.983104e+001, 9.000000e+001
4.988075e+001, 9.000000e+001
4.991387e+001, 9.000000e+001
4.992968e+001, 9.000000e+001
4.992742e+001, 9.000000e+001
4.990637e+001, 9.000000e+001
4.986579e+001, 9.000000e+001
4.980497e+001, 9.000000e+001
4.972318e+001, 9.000000e+001
4.961973e+001, 9.000000e+001
4.949392e+001, 9.000000e+001
4.934507e+001, 9.000000e+001
4.917251e+001, 9.000000e+001
4.897559e+001, 9.000000e+001
4.875368e+001, 9.000000e+001
4.850617e+001, 9.000000e+001
4.823247e+001, 9.000000e+001
4.793204e+001, 9.000000e+001
4.760434e+001, 9.000000e+001
4.724890e+001, 9.000000e+001
4.686526e+001, 9.000000e+001
4.645302e+001, 9.000000e+001
4.601183e+001, 9.000000e+001
4.554138e+001, 9.000000e+001
4.504143e+001, 9.000000e+001
4.451179e+001, 9.000000e+001
4.395236e+001, 9.000000e+001
4.336307e+001, 9.000000e+001
4.274396e+001, 9.000000e+001
4.209514e+001, 9.000000e+001
4.141680e+001, 9.000000e+001
4.070922e+001, 9.000000e+001
3.997277e+001, 9.000000e+001
3.920792e+001, 9.000000e+001
3.841525e+001, 9.000000e+001
3.759541e+001, 9.000000e+001
3.674919e+001, 9.000000e+001
3.587747e+001, 9.000000e+001
3.498126e+001, 9.000000e+001
3.406165e+001, 9.000000e+001
3.311988e+001, 9.000000e+001
3.215728e+001, 9.000000e+001
3.117532e+001, 9.000000e+001
3.017555e+001, 9.000000e+001
2.915967e+001, 9.000000e+001
2.812949e+001, 9.000000e+001
2.708690e+001, 9.000000e+001
2.603396e+001, 9.000000e+001
2.497277e+001, 9.000000e+001
2.390560e+001, 9.000000e+001
2.283478e+001, 9.000000e+001
2.176275e+001, 9.000000e+001
2.069205e+001, 9.000000e+001
1.962530e+001, 9.000000e+001
1.856521e+001, 9.000000e+001
1.751456e+001, 9.000000e+001
1.647620e+001, 9.000000e+001
1.545305e+001, 9.000000e+001
1.444808e+001, 9.000000e+001
1.346431e+001, 9.000000e+001
1.250480e+001, 9.000000e+001
1.157264e+001, 9.000000e+001
1.067094e+001, 9.000000e+001
9.802838e+000, 9.000000e+001
8.971465e+000, 9.000000e+001
8.179951e+000, 9.000000e+001
7.431412e+000, 9.000000e+001
6.728945e+000, 9.000000e+001
6.075612e+000, 9.000000e+001
5.474435e+000, 9.000000e+001
4.928386e+000, 9.000000e+001
4.440378e+000, 9.000000e+001
4.013254e+000, 9.000000e+001
3.649782e+000, 9.000000e+001
3.352643e+000, 9.000000e+001
3.124423e+000, 9.000000e+001
2.967609e+000, 9.000000e+001
2.884575e+000, 9.000000e+001
2.877581e+000, 9.000000e+001
2.948758e+000, 9.000000e+001
3.100112e+000, 9.000000e+001
3.333508e+000, 9.000000e+001
3.650669e+000, 9.000000e+001
4.053172e+000, 9.000000e+001
4.542437e+000, 9.000000e+001
5.119729e+000, 9.000000e+001
5.786152e+000, 9.000000e+001
6.542643e+000, 9.000000e+001
7.389971e+000, 9.000000e+001
8.328735e+000, 9.000000e+001
9.359359e+000, 9.000000e+001
1.048209e+001, 9.000000e+001
1.169701e+001, 9.000000e+001
1.300400e+001, 9.000000e+001
1.440278e+001, 9.000000e+001
1.589289e+001, 9.000000e+001
1.747368e+001, 9.000000e+001
1.914434e+001, 9.000000e+001
2.090386e+001, 9.000000e+001
2.275105e+001, 9.000000e+001
2.468458e+001, 9.000000e+001
2.670289e+001, 9.000000e+001
2.880430e+001, 9.000000e+001
3.098690e+001, 9.000000e+001
3.324866e+001, 9.000000e+001
3.558734e+001, 9.000000e+001
3.800057e+001, 9.000000e+001
4.048578e+001, 9.000000e+001
4.304025e+001, 9.000000e+001
4.566110e+001, 9.000000e+001
4.834529e+001, 9.000000e+001
5.108961e+001, 9.000000e+001
5.389073e+001, 9.000000e+001
5.674512e+001, 9.000000e+001
5.964913e+001, 9.000000e+001
6.259897e+001, 9.000000e+001
6.559068e+001, 9.000000e+001
6.862017e+001, 9.000000e+001
7.168323e+001, 9.000000e+001
7.477548e+001, 9.000000e+001
7.789244e+001, 9.000000e+001
8.102950e+001, 9.000000e+001
8.418189e+001, 9.000000e+001
8.734477e+001, 9.000000e+001
9.051316e+001, 9.000000e+001
9.368197e+001, 9.000000e+001
9.684602e+001, 9.000000e+001
1.000000e+002, 9.000000e+001
##END
