##TITLE= Pf1-1t2-1h0565
##JCAMP-DX= 5.00 Bruker JCAMP library
##DATA TYPE= Shape Data
##ORIGIN= Bruker BioSpin GmbH
##OWNER= <Alexej Jerschow>
##DATE= 2009/01/20
##TIME= 17:14:30
##$SHAPE_PARAMETERS= 
##MINX= 1.348415e-002
##MAXX= 1.000000e+002
##MINY= 8.999625e+001
##MAXY= 2.700001e+002
##$SHAPE_EXMODE= 
##$SHAPE_TOTROT= 
##$SHAPE_TYPE= 
##$SHAPE_USER_DEF= 
##$SHAPE_REPHFAC= 
##$SHAPE_BWFAC= 
##$SHAPE_BWFAC50= 
##$SHAPE_INTEGFAC= 
##$SHAPE_MODE= 
##NPOINTS= 1000
##XYPOINTS= (XY..XY)
1.066535e+001, 9.000000e+001
1.087748e+001, 9.000000e+001
1.108754e+001, 9.000000e+001
1.129533e+001, 9.000000e+001
1.150066e+001, 9.000000e+001
1.170339e+001, 9.000000e+001
1.190339e+001, 9.000000e+001
1.210054e+001, 9.000000e+001
1.229477e+001, 9.000000e+001
1.248600e+001, 9.000000e+001
1.267421e+001, 9.000000e+001
1.285937e+001, 9.000000e+001
1.304149e+001, 9.000000e+001
1.322060e+001, 9.000000e+001
1.339675e+001, 9.000000e+001
1.356999e+001, 9.000000e+001
1.374043e+001, 9.000000e+001
1.390815e+001, 9.000000e+001
1.407328e+001, 9.000000e+001
1.423594e+001, 9.000000e+001
1.439628e+001, 9.000000e+001
1.455446e+001, 9.000000e+001
1.471062e+001, 9.000000e+001
1.486493e+001, 9.000000e+001
1.501757e+001, 9.000000e+001
1.516870e+001, 9.000000e+001
1.531848e+001, 9.000000e+001
1.546709e+001, 9.000000e+001
1.561469e+001, 9.000000e+001
1.576141e+001, 9.000000e+001
1.590740e+001, 9.000000e+001
1.605280e+001, 9.000000e+001
1.619770e+001, 9.000000e+001
1.634222e+001, 9.000000e+001
1.648642e+001, 9.000000e+001
1.663036e+001, 9.000000e+001
1.677408e+001, 9.000000e+001
1.691759e+001, 9.000000e+001
1.706087e+001, 9.000000e+001
1.720389e+001, 9.000000e+001
1.734659e+001, 9.000000e+001
1.748886e+001, 9.000000e+001
1.763058e+001, 9.000000e+001
1.777161e+001, 9.000000e+001
1.791177e+001, 9.000000e+001
1.805085e+001, 9.000000e+001
1.818860e+001, 9.000000e+001
1.832478e+001, 9.000000e+001
1.845908e+001, 9.000000e+001
1.859120e+001, 9.000000e+001
1.872078e+001, 9.000000e+001
1.884745e+001, 9.000000e+001
1.897084e+001, 9.000000e+001
1.909053e+001, 9.000000e+001
1.920609e+001, 9.000000e+001
1.931706e+001, 9.000000e+001
1.942300e+001, 9.000000e+001
1.952342e+001, 9.000000e+001
1.961784e+001, 9.000000e+001
1.970575e+001, 9.000000e+001
1.978667e+001, 9.000000e+001
1.986009e+001, 9.000000e+001
1.992549e+001, 9.000000e+001
1.998238e+001, 9.000000e+001
2.003025e+001, 9.000000e+001
2.006862e+001, 9.000000e+001
2.009700e+001, 9.000000e+001
2.011491e+001, 9.000000e+001
2.012189e+001, 9.000000e+001
2.011752e+001, 9.000000e+001
2.010135e+001, 9.000000e+001
2.007301e+001, 9.000000e+001
2.003209e+001, 9.000000e+001
1.997826e+001, 9.000000e+001
1.991119e+001, 9.000000e+001
1.983058e+001, 9.000000e+001
1.973617e+001, 9.000000e+001
1.962772e+001, 9.000000e+001
1.950503e+001, 9.000000e+001
1.936794e+001, 9.000000e+001
1.921631e+001, 9.000000e+001
1.905006e+001, 9.000000e+001
1.886911e+001, 9.000000e+001
1.867345e+001, 9.000000e+001
1.846308e+001, 9.000000e+001
1.823807e+001, 9.000000e+001
1.799848e+001, 9.000000e+001
1.774445e+001, 9.000000e+001
1.747612e+001, 9.000000e+001
1.719368e+001, 9.000000e+001
1.689735e+001, 9.000000e+001
1.658738e+001, 9.000000e+001
1.626405e+001, 9.000000e+001
1.592767e+001, 9.000000e+001
1.557856e+001, 9.000000e+001
1.521709e+001, 9.000000e+001
1.484364e+001, 9.000000e+001
1.445859e+001, 9.000000e+001
1.406237e+001, 9.000000e+001
1.365541e+001, 9.000001e+001
1.323814e+001, 9.000001e+001
1.281103e+001, 9.000001e+001
1.237453e+001, 9.000001e+001
1.192911e+001, 9.000001e+001
1.147523e+001, 9.000001e+001
1.101336e+001, 9.000001e+001
1.054398e+001, 9.000001e+001
1.006754e+001, 9.000001e+001
9.584498e+000, 9.000001e+001
9.095296e+000, 9.000001e+001
8.600370e+000, 9.000001e+001
8.100140e+000, 9.000001e+001
7.595014e+000, 9.000001e+001
7.085378e+000, 9.000001e+001
6.571603e+000, 9.000001e+001
6.054039e+000, 9.000001e+001
5.533016e+000, 9.000001e+001
5.008838e+000, 9.000001e+001
4.481789e+000, 9.000001e+001
3.952129e+000, 9.000001e+001
3.420091e+000, 9.000002e+001
2.885885e+000, 9.000002e+001
2.349697e+000, 9.000002e+001
1.811686e+000, 9.000003e+001
1.271986e+000, 9.000004e+001
7.307103e-001, 9.000007e+001
1.879450e-001, 9.000028e+001
3.562445e-001, 2.699999e+002
9.018147e-001, 2.699999e+002
1.448743e+000, 2.700000e+002
1.997024e+000, 2.700000e+002
2.546672e+000, 2.700000e+002
3.097715e+000, 2.700000e+002
3.650197e+000, 2.700000e+002
4.204173e+000, 2.700000e+002
4.759708e+000, 2.700000e+002
5.316874e+000, 2.700000e+002
5.875750e+000, 2.700000e+002
6.436419e+000, 2.700000e+002
6.998964e+000, 2.700000e+002
7.563468e+000, 2.700000e+002
8.130011e+000, 2.700000e+002
8.698667e+000, 2.700000e+002
9.269503e+000, 2.700000e+002
9.842575e+000, 2.700000e+002
1.041793e+001, 2.700000e+002
1.099560e+001, 2.700000e+002
1.157561e+001, 2.700000e+002
1.215794e+001, 2.700000e+002
1.274259e+001, 2.700000e+002
1.332952e+001, 2.700000e+002
1.391866e+001, 2.700000e+002
1.450994e+001, 2.700000e+002
1.510325e+001, 2.700000e+002
1.569847e+001, 2.700000e+002
1.629544e+001, 2.700000e+002
1.689399e+001, 2.700000e+002
1.749392e+001, 2.700000e+002
1.809502e+001, 2.700000e+002
1.869703e+001, 2.700000e+002
1.929968e+001, 2.700000e+002
1.990269e+001, 2.700000e+002
2.050575e+001, 2.700000e+002
2.110853e+001, 2.700000e+002
2.171067e+001, 2.700000e+002
2.231181e+001, 2.700000e+002
2.291158e+001, 2.700000e+002
2.350957e+001, 2.700000e+002
2.410539e+001, 2.700000e+002
2.469862e+001, 2.700000e+002
2.528884e+001, 2.700000e+002
2.587562e+001, 2.700000e+002
2.645853e+001, 2.700000e+002
2.703714e+001, 2.700000e+002
2.761102e+001, 2.700000e+002
2.817975e+001, 2.700000e+002
2.874290e+001, 2.700000e+002
2.930006e+001, 2.700000e+002
2.985084e+001, 2.700000e+002
3.039483e+001, 2.700000e+002
3.093167e+001, 2.700000e+002
3.146099e+001, 2.700000e+002
3.198246e+001, 2.700000e+002
3.249573e+001, 2.700000e+002
3.300052e+001, 2.700000e+002
3.349653e+001, 2.700000e+002
3.398352e+001, 2.700000e+002
3.446124e+001, 2.700000e+002
3.492948e+001, 2.700000e+002
3.538806e+001, 2.700000e+002
3.583682e+001, 2.700000e+002
3.627563e+001, 2.700000e+002
3.670438e+001, 2.700000e+002
3.712300e+001, 2.700000e+002
3.753144e+001, 2.700000e+002
3.792966e+001, 2.700000e+002
3.831768e+001, 2.700000e+002
3.869552e+001, 2.700000e+002
3.906323e+001, 2.700000e+002
3.942089e+001, 2.700000e+002
3.976861e+001, 2.700000e+002
4.010650e+001, 2.700000e+002
4.043471e+001, 2.700000e+002
4.075341e+001, 2.700000e+002
4.106277e+001, 2.700000e+002
4.136301e+001, 2.700000e+002
4.165433e+001, 2.700000e+002
4.193697e+001, 2.700000e+002
4.221116e+001, 2.700000e+002
4.247717e+001, 2.700000e+002
4.273526e+001, 2.700000e+002
4.298568e+001, 2.700000e+002
4.322873e+001, 2.700000e+002
4.346468e+001, 2.700000e+002
4.369380e+001, 2.700000e+002
4.391638e+001, 2.700000e+002
4.413269e+001, 2.700000e+002
4.434301e+001, 2.700000e+002
4.454760e+001, 2.700000e+002
4.474673e+001, 2.700000e+002
4.494064e+001, 2.700000e+002
4.512958e+001, 2.700000e+002
4.531378e+001, 2.700000e+002
4.549345e+001, 2.700000e+002
4.566880e+001, 2.700000e+002
4.584000e+001, 2.700000e+002
4.600723e+001, 2.700000e+002
4.617064e+001, 2.700000e+002
4.633037e+001, 2.700000e+002
4.648652e+001, 2.700000e+002
4.663919e+001, 2.700000e+002
4.678846e+001, 2.700000e+002
4.693438e+001, 2.700000e+002
4.707699e+001, 2.700000e+002
4.721631e+001, 2.700000e+002
4.735233e+001, 2.700000e+002
4.748504e+001, 2.700000e+002
4.761439e+001, 2.700000e+002
4.774034e+001, 2.700000e+002
4.786281e+001, 2.700000e+002
4.798172e+001, 2.700000e+002
4.809697e+001, 2.700000e+002
4.820845e+001, 2.700000e+002
4.831605e+001, 2.700000e+002
4.841963e+001, 2.700000e+002
4.851907e+001, 2.700000e+002
4.861422e+001, 2.700000e+002
4.870494e+001, 2.700000e+002
4.879110e+001, 2.700000e+002
4.887254e+001, 2.700000e+002
4.894914e+001, 2.700000e+002
4.902076e+001, 2.700000e+002
4.908727e+001, 2.700000e+002
4.914857e+001, 2.700000e+002
4.920455e+001, 2.700000e+002
4.925511e+001, 2.700000e+002
4.930019e+001, 2.700000e+002
4.933972e+001, 2.700000e+002
4.937366e+001, 2.700000e+002
4.940199e+001, 2.700000e+002
4.942472e+001, 2.700000e+002
4.944185e+001, 2.700000e+002
4.945345e+001, 2.700000e+002
4.945956e+001, 2.700000e+002
4.946030e+001, 2.700000e+002
4.945576e+001, 2.700000e+002
4.944611e+001, 2.700000e+002
4.943149e+001, 2.700000e+002
4.941210e+001, 2.700000e+002
4.938816e+001, 2.700000e+002
4.935989e+001, 2.700000e+002
4.932756e+001, 2.700000e+002
4.929145e+001, 2.700000e+002
4.925185e+001, 2.700000e+002
4.920907e+001, 2.700000e+002
4.916344e+001, 2.700000e+002
4.911532e+001, 2.700000e+002
4.906505e+001, 2.700000e+002
4.901299e+001, 2.700000e+002
4.895952e+001, 2.700000e+002
4.890501e+001, 2.700000e+002
4.884983e+001, 2.700000e+002
4.879435e+001, 2.700000e+002
4.873894e+001, 2.700000e+002
4.868397e+001, 2.700000e+002
4.862977e+001, 2.700000e+002
4.857670e+001, 2.700000e+002
4.852505e+001, 2.700000e+002
4.847514e+001, 2.700000e+002
4.842725e+001, 2.700000e+002
4.838162e+001, 2.700000e+002
4.833848e+001, 2.700000e+002
4.829803e+001, 2.700000e+002
4.826045e+001, 2.700000e+002
4.822585e+001, 2.700000e+002
4.819434e+001, 2.700000e+002
4.816597e+001, 2.700000e+002
4.814079e+001, 2.700000e+002
4.811876e+001, 2.700000e+002
4.809984e+001, 2.700000e+002
4.808394e+001, 2.700000e+002
4.807092e+001, 2.700000e+002
4.806061e+001, 2.700000e+002
4.805281e+001, 2.700000e+002
4.804726e+001, 2.700000e+002
4.804369e+001, 2.700000e+002
4.804178e+001, 2.700000e+002
4.804117e+001, 2.700000e+002
4.804148e+001, 2.700000e+002
4.804231e+001, 2.700000e+002
4.804322e+001, 2.700000e+002
4.804374e+001, 2.700000e+002
4.804340e+001, 2.700000e+002
4.804169e+001, 2.700000e+002
4.803810e+001, 2.700000e+002
4.803212e+001, 2.700000e+002
4.802319e+001, 2.700000e+002
4.801080e+001, 2.700000e+002
4.799441e+001, 2.700000e+002
4.797347e+001, 2.700000e+002
4.794748e+001, 2.700000e+002
4.791591e+001, 2.700000e+002
4.787827e+001, 2.700000e+002
4.783407e+001, 2.700000e+002
4.778285e+001, 2.700000e+002
4.772418e+001, 2.700000e+002
4.765766e+001, 2.700000e+002
4.758290e+001, 2.700000e+002
4.749956e+001, 2.700000e+002
4.740735e+001, 2.700000e+002
4.730598e+001, 2.700000e+002
4.719524e+001, 2.700000e+002
4.707495e+001, 2.700000e+002
4.694496e+001, 2.700000e+002
4.680520e+001, 2.700000e+002
4.665561e+001, 2.700000e+002
4.649622e+001, 2.700000e+002
4.632706e+001, 2.700000e+002
4.614826e+001, 2.700000e+002
4.595997e+001, 2.700000e+002
4.576240e+001, 2.700000e+002
4.555582e+001, 2.700000e+002
4.534052e+001, 2.700000e+002
4.511688e+001, 2.700000e+002
4.488528e+001, 2.700000e+002
4.464620e+001, 2.700000e+002
4.440012e+001, 2.700000e+002
4.414759e+001, 2.700000e+002
4.388918e+001, 2.700000e+002
4.362552e+001, 2.700000e+002
4.335727e+001, 2.700000e+002
4.308511e+001, 2.700000e+002
4.280977e+001, 2.700000e+002
4.253200e+001, 2.700000e+002
4.225257e+001, 2.700000e+002
4.197228e+001, 2.700000e+002
4.169194e+001, 2.700000e+002
4.141238e+001, 2.700000e+002
4.113444e+001, 2.700000e+002
4.085897e+001, 2.700000e+002
4.058683e+001, 2.700000e+002
4.031886e+001, 2.700000e+002
4.005591e+001, 2.700000e+002
3.979883e+001, 2.700000e+002
3.954845e+001, 2.700000e+002
3.930558e+001, 2.700000e+002
3.907102e+001, 2.700000e+002
3.884554e+001, 2.700000e+002
3.862991e+001, 2.700000e+002
3.842483e+001, 2.700000e+002
3.823100e+001, 2.700000e+002
3.804908e+001, 2.700000e+002
3.787967e+001, 2.700000e+002
3.772336e+001, 2.700000e+002
3.758067e+001, 2.700000e+002
3.745209e+001, 2.700000e+002
3.733805e+001, 2.700000e+002
3.723894e+001, 2.700000e+002
3.715508e+001, 2.700000e+002
3.708676e+001, 2.700000e+002
3.703419e+001, 2.700000e+002
3.699754e+001, 2.700000e+002
3.697691e+001, 2.700000e+002
3.697234e+001, 2.700000e+002
3.698382e+001, 2.700000e+002
3.701127e+001, 2.700000e+002
3.705456e+001, 2.700000e+002
3.711349e+001, 2.700000e+002
3.718781e+001, 2.700000e+002
3.727721e+001, 2.700000e+002
3.738132e+001, 2.700000e+002
3.749971e+001, 2.700000e+002
3.763191e+001, 2.700000e+002
3.777737e+001, 2.700000e+002
3.793553e+001, 2.700000e+002
3.810575e+001, 2.700000e+002
3.828735e+001, 2.700000e+002
3.847963e+001, 2.700000e+002
3.868181e+001, 2.700000e+002
3.889310e+001, 2.700000e+002
3.911268e+001, 2.700000e+002
3.933969e+001, 2.700000e+002
3.957324e+001, 2.700000e+002
3.981243e+001, 2.700000e+002
4.005633e+001, 2.700000e+002
4.030399e+001, 2.700000e+002
4.055445e+001, 2.700000e+002
4.080677e+001, 2.700000e+002
4.105997e+001, 2.700000e+002
4.131309e+001, 2.700000e+002
4.156516e+001, 2.700000e+002
4.181523e+001, 2.700000e+002
4.206236e+001, 2.700000e+002
4.230563e+001, 2.700000e+002
4.254412e+001, 2.700000e+002
4.277695e+001, 2.700000e+002
4.300327e+001, 2.700000e+002
4.322224e+001, 2.700000e+002
4.343308e+001, 2.700000e+002
4.363501e+001, 2.700000e+002
4.382733e+001, 2.700000e+002
4.400934e+001, 2.700000e+002
4.418041e+001, 2.700000e+002
4.433996e+001, 2.700000e+002
4.448743e+001, 2.700000e+002
4.462233e+001, 2.700000e+002
4.474422e+001, 2.700000e+002
4.485270e+001, 2.700000e+002
4.494743e+001, 2.700000e+002
4.502813e+001, 2.700000e+002
4.509457e+001, 2.700000e+002
4.514656e+001, 2.700000e+002
4.518397e+001, 2.700000e+002
4.520674e+001, 2.700000e+002
4.521484e+001, 2.700000e+002
4.520830e+001, 2.700000e+002
4.518720e+001, 2.700000e+002
4.515167e+001, 2.700000e+002
4.510189e+001, 2.700000e+002
4.503807e+001, 2.700000e+002
4.496048e+001, 2.700000e+002
4.486942e+001, 2.700000e+002
4.476523e+001, 2.700000e+002
4.464829e+001, 2.700000e+002
4.451900e+001, 2.700000e+002
4.437780e+001, 2.700000e+002
4.422516e+001, 2.700000e+002
4.406155e+001, 2.700000e+002
4.388749e+001, 2.700000e+002
4.370348e+001, 2.700000e+002
4.351007e+001, 2.700000e+002
4.330778e+001, 2.700000e+002
4.309718e+001, 2.700000e+002
4.287879e+001, 2.700000e+002
4.265318e+001, 2.700000e+002
4.242087e+001, 2.700000e+002
4.218240e+001, 2.700000e+002
4.193830e+001, 2.700000e+002
4.168905e+001, 2.700000e+002
4.143516e+001, 2.700000e+002
4.117708e+001, 2.700000e+002
4.091527e+001, 2.700000e+002
4.065014e+001, 2.700000e+002
4.038209e+001, 2.700000e+002
4.011147e+001, 2.700000e+002
3.983863e+001, 2.700000e+002
3.956385e+001, 2.700000e+002
3.928741e+001, 2.700000e+002
3.900953e+001, 2.700000e+002
3.873043e+001, 2.700000e+002
3.845025e+001, 2.700000e+002
3.816913e+001, 2.700000e+002
3.788716e+001, 2.700000e+002
3.760440e+001, 2.700000e+002
3.732087e+001, 2.700000e+002
3.703657e+001, 2.700000e+002
3.675145e+001, 2.700000e+002
3.646545e+001, 2.700000e+002
3.617846e+001, 2.700000e+002
3.589037e+001, 2.700000e+002
3.560101e+001, 2.700000e+002
3.531022e+001, 2.700000e+002
3.501779e+001, 2.700000e+002
3.472353e+001, 2.700000e+002
3.442719e+001, 2.700000e+002
3.412854e+001, 2.700000e+002
3.382733e+001, 2.700000e+002
3.352327e+001, 2.700000e+002
3.321612e+001, 2.700000e+002
3.290559e+001, 2.700000e+002
3.259142e+001, 2.700000e+002
3.227332e+001, 2.700000e+002
3.195102e+001, 2.700000e+002
3.162426e+001, 2.700000e+002
3.129279e+001, 2.700000e+002
3.095634e+001, 2.700000e+002
3.061469e+001, 2.700000e+002
3.026760e+001, 2.700000e+002
2.991486e+001, 2.700000e+002
2.955628e+001, 2.700000e+002
2.919167e+001, 2.700000e+002
2.882087e+001, 2.700000e+002
2.844373e+001, 2.700000e+002
2.806012e+001, 2.700000e+002
2.766992e+001, 2.700000e+002
2.727306e+001, 2.700000e+002
2.686944e+001, 2.700000e+002
2.645901e+001, 2.700000e+002
2.604174e+001, 2.700000e+002
2.561759e+001, 2.700000e+002
2.518657e+001, 2.700000e+002
2.474867e+001, 2.700000e+002
2.430393e+001, 2.700000e+002
2.385238e+001, 2.700000e+002
2.339405e+001, 2.700000e+002
2.292901e+001, 2.700000e+002
2.245732e+001, 2.700000e+002
2.197905e+001, 2.700000e+002
2.149428e+001, 2.700000e+002
2.100308e+001, 2.700000e+002
2.050554e+001, 2.700000e+002
2.000173e+001, 2.700000e+002
1.949175e+001, 2.700000e+002
1.897565e+001, 2.700000e+002
1.845352e+001, 2.700000e+002
1.792543e+001, 2.700000e+002
1.739142e+001, 2.700000e+002
1.685154e+001, 2.700000e+002
1.630585e+001, 2.700000e+002
1.575435e+001, 2.700000e+002
1.519707e+001, 2.700000e+002
1.463401e+001, 2.700000e+002
1.406515e+001, 2.700000e+002
1.349046e+001, 2.700000e+002
1.290991e+001, 2.700000e+002
1.232342e+001, 2.700000e+002
1.173093e+001, 2.700000e+002
1.113235e+001, 2.700000e+002
1.052756e+001, 2.700000e+002
9.916440e+000, 2.700000e+002
9.298860e+000, 2.700000e+002
8.674664e+000, 2.700000e+002
8.043686e+000, 2.700000e+002
7.405747e+000, 2.700000e+002
6.760658e+000, 2.700000e+002
6.108216e+000, 2.700000e+002
5.448211e+000, 2.700000e+002
4.780425e+000, 2.700000e+002
4.104632e+000, 2.700000e+002
3.420602e+000, 2.700000e+002
2.728100e+000, 2.700000e+002
2.026890e+000, 2.700000e+002
1.316736e+000, 2.700000e+002
5.974042e-001, 2.700001e+002
1.313384e-001, 8.999972e+001
8.697177e-001, 8.999996e+001
1.617953e+000, 8.999998e+001
2.376257e+000, 8.999998e+001
3.144828e+000, 8.999999e+001
3.923856e+000, 8.999999e+001
4.713516e+000, 8.999999e+001
5.513967e+000, 8.999999e+001
6.325351e+000, 8.999999e+001
7.147793e+000, 8.999999e+001
7.981396e+000, 8.999999e+001
8.826242e+000, 8.999999e+001
9.682393e+000, 9.000000e+001
1.054988e+001, 9.000000e+001
1.142872e+001, 9.000000e+001
1.231890e+001, 9.000000e+001
1.322037e+001, 9.000000e+001
1.413307e+001, 9.000000e+001
1.505689e+001, 9.000000e+001
1.599172e+001, 9.000000e+001
1.693740e+001, 9.000000e+001
1.789373e+001, 9.000000e+001
1.886052e+001, 9.000000e+001
1.983752e+001, 9.000000e+001
2.082444e+001, 9.000000e+001
2.182101e+001, 9.000000e+001
2.282687e+001, 9.000000e+001
2.384169e+001, 9.000000e+001
2.486507e+001, 9.000000e+001
2.589660e+001, 9.000000e+001
2.693585e+001, 9.000000e+001
2.798236e+001, 9.000000e+001
2.903565e+001, 9.000000e+001
3.009521e+001, 9.000000e+001
3.116053e+001, 9.000000e+001
3.223106e+001, 9.000000e+001
3.330624e+001, 9.000000e+001
3.438552e+001, 9.000000e+001
3.546829e+001, 9.000000e+001
3.655398e+001, 9.000000e+001
3.764197e+001, 9.000000e+001
3.873166e+001, 9.000000e+001
3.982245e+001, 9.000000e+001
4.091371e+001, 9.000000e+001
4.200484e+001, 9.000000e+001
4.309523e+001, 9.000000e+001
4.418427e+001, 9.000000e+001
4.527137e+001, 9.000000e+001
4.635594e+001, 9.000000e+001
4.743740e+001, 9.000000e+001
4.851520e+001, 9.000000e+001
4.958879e+001, 9.000000e+001
5.065764e+001, 9.000000e+001
5.172123e+001, 9.000000e+001
5.277908e+001, 9.000000e+001
5.383073e+001, 9.000000e+001
5.487572e+001, 9.000000e+001
5.591364e+001, 9.000000e+001
5.694408e+001, 9.000000e+001
5.796669e+001, 9.000000e+001
5.898110e+001, 9.000000e+001
5.998701e+001, 9.000000e+001
6.098412e+001, 9.000000e+001
6.197216e+001, 9.000000e+001
6.295089e+001, 9.000000e+001
6.392009e+001, 9.000000e+001
6.487957e+001, 9.000000e+001
6.582917e+001, 9.000000e+001
6.676872e+001, 9.000000e+001
6.769810e+001, 9.000000e+001
6.861721e+001, 9.000000e+001
6.952596e+001, 9.000000e+001
7.042426e+001, 9.000000e+001
7.131206e+001, 9.000000e+001
7.218930e+001, 9.000000e+001
7.305595e+001, 9.000000e+001
7.391197e+001, 9.000000e+001
7.475734e+001, 9.000000e+001
7.559203e+001, 9.000000e+001
7.641603e+001, 9.000000e+001
7.722929e+001, 9.000000e+001
7.803181e+001, 9.000000e+001
7.882354e+001, 9.000000e+001
7.960445e+001, 9.000000e+001
8.037448e+001, 9.000000e+001
8.113359e+001, 9.000000e+001
8.188168e+001, 9.000000e+001
8.261869e+001, 9.000000e+001
8.334450e+001, 9.000000e+001
8.405899e+001, 9.000000e+001
8.476203e+001, 9.000000e+001
8.545345e+001, 9.000000e+001
8.613308e+001, 9.000000e+001
8.680073e+001, 9.000000e+001
8.745617e+001, 9.000000e+001
8.809916e+001, 9.000000e+001
8.872945e+001, 9.000000e+001
8.934675e+001, 9.000000e+001
8.995077e+001, 9.000000e+001
9.054118e+001, 9.000000e+001
9.111765e+001, 9.000000e+001
9.167982e+001, 9.000000e+001
9.222732e+001, 9.000000e+001
9.275977e+001, 9.000000e+001
9.327676e+001, 9.000000e+001
9.377789e+001, 9.000000e+001
9.426274e+001, 9.000000e+001
9.473089e+001, 9.000000e+001
9.518189e+001, 9.000000e+001
9.561533e+001, 9.000000e+001
9.603075e+001, 9.000000e+001
9.642773e+001, 9.000000e+001
9.680585e+001, 9.000000e+001
9.716467e+001, 9.000000e+001
9.750379e+001, 9.000000e+001
9.782280e+001, 9.000000e+001
9.812132e+001, 9.000000e+001
9.839897e+001, 9.000000e+001
9.865540e+001, 9.000000e+001
9.889029e+001, 9.000000e+001
9.910331e+001, 9.000000e+001
9.929420e+001, 9.000000e+001
9.946269e+001, 9.000000e+001
9.960855e+001, 9.000000e+001
9.973160e+001, 9.000000e+001
9.983166e+001, 9.000000e+001
9.990861e+001, 9.000000e+001
9.996235e+001, 9.000000e+001
9.999282e+001, 9.000000e+001
1.000000e+002, 9.000000e+001
9.998390e+001, 9.000000e+001
9.994456e+001, 9.000000e+001
9.988209e+001, 9.000000e+001
9.979660e+001, 9.000000e+001
9.968825e+001, 9.000000e+001
9.955725e+001, 9.000000e+001
9.940384e+001, 9.000000e+001
9.922827e+001, 9.000000e+001
9.903086e+001, 9.000000e+001
9.881194e+001, 9.000000e+001
9.857189e+001, 9.000000e+001
9.831108e+001, 9.000000e+001
9.802997e+001, 9.000000e+001
9.772898e+001, 9.000000e+001
9.740860e+001, 9.000000e+001
9.706932e+001, 9.000000e+001
9.671166e+001, 9.000000e+001
9.633614e+001, 9.000000e+001
9.594331e+001, 9.000000e+001
9.553373e+001, 9.000000e+001
9.510796e+001, 9.000000e+001
9.466656e+001, 9.000000e+001
9.421012e+001, 9.000000e+001
9.373919e+001, 9.000000e+001
9.325437e+001, 9.000000e+001
9.275620e+001, 9.000000e+001
9.224525e+001, 9.000000e+001
9.172206e+001, 9.000000e+001
9.118717e+001, 9.000000e+001
9.064110e+001, 9.000000e+001
9.008435e+001, 9.000000e+001
8.951741e+001, 9.000000e+001
8.894073e+001, 9.000000e+001
8.835475e+001, 9.000000e+001
8.775989e+001, 9.000000e+001
8.715653e+001, 9.000000e+001
8.654503e+001, 9.000000e+001
8.592572e+001, 9.000000e+001
8.529891e+001, 9.000000e+001
8.466485e+001, 9.000000e+001
8.402379e+001, 9.000000e+001
8.337594e+001, 9.000000e+001
8.272147e+001, 9.000000e+001
8.206052e+001, 9.000000e+001
8.139322e+001, 9.000000e+001
8.071964e+001, 9.000000e+001
8.003985e+001, 9.000000e+001
7.935386e+001, 9.000000e+001
7.866168e+001, 9.000000e+001
7.796329e+001, 9.000000e+001
7.725864e+001, 9.000000e+001
7.654765e+001, 9.000000e+001
7.583024e+001, 9.000000e+001
7.510630e+001, 9.000000e+001
7.437570e+001, 9.000000e+001
7.363832e+001, 9.000000e+001
7.289400e+001, 9.000000e+001
7.214259e+001, 9.000000e+001
7.138394e+001, 9.000000e+001
7.061787e+001, 9.000000e+001
6.984423e+001, 9.000000e+001
6.906287e+001, 9.000000e+001
6.827363e+001, 9.000000e+001
6.747636e+001, 9.000000e+001
6.667093e+001, 9.000000e+001
6.585723e+001, 9.000000e+001
6.503514e+001, 9.000000e+001
6.420460e+001, 9.000000e+001
6.336552e+001, 9.000000e+001
6.251788e+001, 9.000000e+001
6.166166e+001, 9.000000e+001
6.079687e+001, 9.000000e+001
5.992354e+001, 9.000000e+001
5.904175e+001, 9.000000e+001
5.815159e+001, 9.000000e+001
5.725320e+001, 9.000000e+001
5.634674e+001, 9.000000e+001
5.543240e+001, 9.000000e+001
5.451043e+001, 9.000000e+001
5.358107e+001, 9.000000e+001
5.264462e+001, 9.000000e+001
5.170143e+001, 9.000000e+001
5.075183e+001, 9.000000e+001
4.979624e+001, 9.000000e+001
4.883507e+001, 9.000000e+001
4.786878e+001, 9.000000e+001
4.689784e+001, 9.000000e+001
4.592277e+001, 9.000000e+001
4.494409e+001, 9.000000e+001
4.396236e+001, 9.000000e+001
4.297817e+001, 9.000000e+001
4.199209e+001, 9.000000e+001
4.100475e+001, 9.000000e+001
4.001677e+001, 9.000000e+001
3.902879e+001, 9.000000e+001
3.804145e+001, 9.000000e+001
3.705543e+001, 9.000000e+001
3.607137e+001, 9.000000e+001
3.508994e+001, 9.000000e+001
3.411182e+001, 9.000000e+001
3.313765e+001, 9.000000e+001
3.216811e+001, 9.000000e+001
3.120384e+001, 9.000000e+001
3.024549e+001, 9.000000e+001
2.929370e+001, 9.000000e+001
2.834908e+001, 9.000000e+001
2.741225e+001, 9.000000e+001
2.648379e+001, 9.000000e+001
2.556428e+001, 9.000000e+001
2.465428e+001, 9.000000e+001
2.375430e+001, 9.000000e+001
2.286487e+001, 9.000000e+001
2.198647e+001, 9.000000e+001
2.111957e+001, 9.000000e+001
2.026459e+001, 9.000000e+001
1.942194e+001, 9.000000e+001
1.859202e+001, 9.000000e+001
1.777517e+001, 9.000000e+001
1.697172e+001, 9.000000e+001
1.618197e+001, 9.000000e+001
1.540619e+001, 9.000000e+001
1.464461e+001, 9.000000e+001
1.389746e+001, 9.000000e+001
1.316491e+001, 9.000000e+001
1.244712e+001, 9.000000e+001
1.174421e+001, 9.000000e+001
1.105629e+001, 9.000000e+001
1.038343e+001, 9.000000e+001
9.725681e+000, 9.000000e+001
9.083060e+000, 9.000000e+001
8.455564e+000, 9.000000e+001
7.843170e+000, 9.000000e+001
7.245827e+000, 8.999999e+001
6.663465e+000, 8.999999e+001
6.095992e+000, 8.999999e+001
5.543298e+000, 8.999999e+001
5.005252e+000, 8.999999e+001
4.481706e+000, 8.999999e+001
3.972498e+000, 8.999999e+001
3.477448e+000, 8.999999e+001
2.996363e+000, 8.999999e+001
2.529036e+000, 8.999998e+001
2.075249e+000, 8.999998e+001
1.763473e+001, 9.000000e+001
1.690782e+001, 9.000000e+001
1.618957e+001, 9.000000e+001
1.548021e+001, 9.000000e+001
1.477994e+001, 9.000000e+001
1.408894e+001, 9.000000e+001
1.340739e+001, 9.000000e+001
1.273543e+001, 9.000000e+001
1.207317e+001, 9.000000e+001
1.142071e+001, 9.000000e+001
1.077814e+001, 9.000000e+001
1.014553e+001, 9.000000e+001
9.522913e+000, 9.000000e+001
8.910338e+000, 9.000000e+001
8.307821e+000, 8.999999e+001
7.715368e+000, 8.999999e+001
7.132975e+000, 8.999999e+001
6.560627e+000, 8.999999e+001
5.998298e+000, 8.999999e+001
5.445956e+000, 8.999999e+001
4.903558e+000, 8.999999e+001
4.371056e+000, 8.999999e+001
3.848396e+000, 8.999999e+001
3.335519e+000, 8.999999e+001
2.832360e+000, 8.999998e+001
2.338852e+000, 8.999998e+001
1.854923e+000, 8.999997e+001
1.380499e+000, 8.999996e+001
9.155040e-001, 8.999995e+001
4.598592e-001, 8.999989e+001
1.348415e-002, 8.999625e+001
4.237031e-001, 2.700001e+002
8.517861e-001, 2.700001e+002
1.270850e+000, 2.700000e+002
1.680980e+000, 2.700000e+002
2.082265e+000, 2.700000e+002
2.474794e+000, 2.700000e+002
2.858658e+000, 2.700000e+002
3.233949e+000, 2.700000e+002
3.600762e+000, 2.700000e+002
3.959195e+000, 2.700000e+002
4.309346e+000, 2.700000e+002
4.651317e+000, 2.700000e+002
4.985213e+000, 2.700000e+002
5.311141e+000, 2.700000e+002
5.629213e+000, 2.700000e+002
5.939542e+000, 2.700000e+002
6.242246e+000, 2.700000e+002
6.537445e+000, 2.700000e+002
6.825264e+000, 2.700000e+002
7.105829e+000, 2.700000e+002
7.379271e+000, 2.700000e+002
7.645723e+000, 2.700000e+002
7.905321e+000, 2.700000e+002
8.158202e+000, 2.700000e+002
8.404505e+000, 2.700000e+002
8.644371e+000, 2.700000e+002
8.877941e+000, 2.700000e+002
9.105354e+000, 2.700000e+002
9.326750e+000, 2.700000e+002
9.542265e+000, 2.700000e+002
9.752033e+000, 2.700000e+002
9.956183e+000, 2.700000e+002
1.015484e+001, 2.700000e+002
1.034812e+001, 2.700000e+002
1.053612e+001, 2.700000e+002
1.071896e+001, 2.700000e+002
1.089672e+001, 2.700000e+002
1.106947e+001, 2.700000e+002
1.123728e+001, 2.700000e+002
1.140020e+001, 2.700000e+002
1.155824e+001, 2.700000e+002
1.171144e+001, 2.700000e+002
1.185977e+001, 2.700000e+002
1.200320e+001, 2.700000e+002
1.214170e+001, 2.700000e+002
1.227516e+001, 2.700000e+002
1.240350e+001, 2.700000e+002
1.252659e+001, 2.700000e+002
1.264426e+001, 2.700000e+002
1.275633e+001, 2.700000e+002
1.286257e+001, 2.700000e+002
1.296275e+001, 2.700000e+002
1.305658e+001, 2.700000e+002
1.314374e+001, 2.700000e+002
1.322388e+001, 2.700000e+002
1.329663e+001, 2.700000e+002
1.336157e+001, 2.700000e+002
1.341824e+001, 2.700000e+002
1.346617e+001, 2.700000e+002
1.350483e+001, 2.700000e+002
1.353367e+001, 2.700000e+002
1.355211e+001, 2.700000e+002
1.355952e+001, 2.700000e+002
1.355527e+001, 2.700000e+002
1.353866e+001, 2.700000e+002
1.350899e+001, 2.700000e+002
1.346552e+001, 2.700000e+002
1.340749e+001, 2.700000e+002
1.333410e+001, 2.700000e+002
1.324455e+001, 2.700000e+002
1.313800e+001, 2.700000e+002
1.301359e+001, 2.700000e+002
1.287046e+001, 2.700000e+002
1.270771e+001, 2.700000e+002
1.252445e+001, 2.700000e+002
1.231977e+001, 2.700000e+002
1.209275e+001, 2.700000e+002
1.184246e+001, 2.700000e+002
1.156798e+001, 2.700000e+002
1.126838e+001, 2.700000e+002
1.094274e+001, 2.700000e+002
1.059012e+001, 2.700000e+002
1.020962e+001, 2.700000e+002
9.800325e+000, 2.700000e+002
9.361348e+000, 2.700000e+002
8.891804e+000, 2.700000e+002
8.390830e+000, 2.700000e+002
7.857580e+000, 2.700000e+002
7.291231e+000, 2.700000e+002
6.690978e+000, 2.700000e+002
6.056047e+000, 2.700000e+002
5.385686e+000, 2.700000e+002
4.679174e+000, 2.700000e+002
3.935819e+000, 2.700000e+002
3.154961e+000, 2.700000e+002
2.335973e+000, 2.700000e+002
1.478263e+000, 2.700000e+002
5.812742e-001, 2.699999e+002
3.555138e-001, 9.000011e+001
1.332583e+000, 9.000003e+001
2.350377e+000, 9.000002e+001
3.409301e+000, 9.000001e+001
4.509718e+000, 9.000001e+001
5.651953e+000, 9.000001e+001
6.836287e+000, 9.000001e+001
8.062961e+000, 9.000001e+001
9.332174e+000, 9.000001e+001
1.064408e+001, 9.000001e+001
1.199880e+001, 9.000000e+001
1.339639e+001, 9.000000e+001
1.483688e+001, 9.000000e+001
1.632026e+001, 9.000000e+001
1.784647e+001, 9.000000e+001
1.941539e+001, 9.000000e+001
2.102688e+001, 9.000000e+001
2.268073e+001, 9.000000e+001
2.437671e+001, 9.000000e+001
2.611452e+001, 9.000000e+001
2.789382e+001, 9.000000e+001
2.971423e+001, 9.000000e+001
3.157531e+001, 9.000000e+001
3.347658e+001, 9.000000e+001
3.541750e+001, 9.000000e+001
3.739746e+001, 9.000000e+001
3.941584e+001, 9.000000e+001
4.147193e+001, 9.000000e+001
4.356497e+001, 9.000000e+001
4.569414e+001, 9.000000e+001
4.785856e+001, 9.000000e+001
5.005729e+001, 9.000000e+001
5.228932e+001, 9.000000e+001
5.455357e+001, 9.000000e+001
5.684891e+001, 9.000000e+001
5.917411e+001, 9.000000e+001
6.152787e+001, 9.000000e+001
6.390884e+001, 9.000000e+001
6.631555e+001, 9.000000e+001
6.874648e+001, 9.000000e+001
7.120001e+001, 9.000000e+001
7.367444e+001, 9.000000e+001
7.616798e+001, 9.000000e+001
7.867874e+001, 9.000000e+001
##END
