##TITLE= Pf1-5t5-0h2313
##JCAMP-DX= 5.00 Bruker JCAMP library
##DATA TYPE= Shape Data
##ORIGIN= Bruker BioSpin GmbH
##OWNER= <Alexej Jerschow>
##DATE= 2009/01/20
##TIME= 17:08:19
##$SHAPE_PARAMETERS= 
##MINX= 9.236639e-002
##MAXX= 1.000000e+002
##MINY= 8.999989e+001
##MAXY= 2.700005e+002
##$SHAPE_EXMODE= 
##$SHAPE_TOTROT= 
##$SHAPE_TYPE= 
##$SHAPE_USER_DEF= 
##$SHAPE_REPHFAC= 
##$SHAPE_BWFAC= 
##$SHAPE_BWFAC50= 
##$SHAPE_INTEGFAC= 
##$SHAPE_MODE= 
##NPOINTS= 1000
##XYPOINTS= (XY..XY)
2.080354e+001, 2.700000e+002
2.149520e+001, 2.700000e+002
2.217940e+001, 2.700000e+002
2.285591e+001, 2.700000e+002
2.352443e+001, 2.700000e+002
2.418457e+001, 2.700000e+002
2.483583e+001, 2.700000e+002
2.547764e+001, 2.700000e+002
2.610930e+001, 2.700000e+002
2.673005e+001, 2.700000e+002
2.733901e+001, 2.700000e+002
2.793521e+001, 2.700000e+002
2.851757e+001, 2.700000e+002
2.908495e+001, 2.700000e+002
2.963610e+001, 2.700000e+002
3.016969e+001, 2.700000e+002
3.068433e+001, 2.700000e+002
3.117855e+001, 2.700000e+002
3.165081e+001, 2.700000e+002
3.209953e+001, 2.700000e+002
3.252307e+001, 2.700000e+002
3.291977e+001, 2.700000e+002
3.328792e+001, 2.700000e+002
3.362582e+001, 2.700000e+002
3.393174e+001, 2.700000e+002
3.420396e+001, 2.700000e+002
3.444079e+001, 2.700000e+002
3.464054e+001, 2.700000e+002
3.480158e+001, 2.700000e+002
3.492233e+001, 2.700000e+002
3.500123e+001, 2.700000e+002
3.503684e+001, 2.700000e+002
3.502778e+001, 2.700000e+002
3.497273e+001, 2.700000e+002
3.487052e+001, 2.700000e+002
3.472005e+001, 2.700000e+002
3.452036e+001, 2.700000e+002
3.427059e+001, 2.700000e+002
3.397003e+001, 2.700000e+002
3.361810e+001, 2.700000e+002
3.321436e+001, 2.700000e+002
3.275851e+001, 2.700000e+002
3.225042e+001, 2.700000e+002
3.169009e+001, 2.700000e+002
3.107768e+001, 2.700000e+002
3.041353e+001, 2.700000e+002
2.969809e+001, 2.700000e+002
2.893200e+001, 2.700000e+002
2.811605e+001, 2.700000e+002
2.725116e+001, 2.700000e+002
2.633841e+001, 2.700000e+002
2.537903e+001, 2.700000e+002
2.437437e+001, 2.700000e+002
2.332592e+001, 2.700000e+002
2.223530e+001, 2.700000e+002
2.110425e+001, 2.700000e+002
1.993460e+001, 2.700000e+002
1.872831e+001, 2.700000e+002
1.748742e+001, 2.700000e+002
1.621406e+001, 2.700000e+002
1.491043e+001, 2.700000e+002
1.357881e+001, 2.700000e+002
1.222152e+001, 2.700000e+002
1.084094e+001, 2.700000e+002
9.439477e+000, 2.700000e+002
8.019581e+000, 2.700000e+002
6.583708e+000, 2.700000e+002
5.134323e+000, 2.700000e+002
3.673891e+000, 2.700000e+002
2.204865e+000, 2.700000e+002
7.296791e-001, 2.700000e+002
7.492636e-001, 9.000004e+001
2.229596e+000, 9.000001e+001
3.708998e+000, 9.000001e+001
5.185200e+000, 9.000001e+001
6.655994e+000, 9.000001e+001
8.119239e+000, 9.000001e+001
9.572863e+000, 9.000001e+001
1.101487e+001, 9.000000e+001
1.244336e+001, 9.000000e+001
1.385650e+001, 9.000000e+001
1.525255e+001, 9.000000e+001
1.662987e+001, 9.000000e+001
1.798690e+001, 9.000000e+001
1.932219e+001, 9.000000e+001
2.063437e+001, 9.000000e+001
2.192218e+001, 9.000000e+001
2.318443e+001, 9.000000e+001
2.442005e+001, 9.000000e+001
2.562802e+001, 9.000000e+001
2.680745e+001, 9.000000e+001
2.795749e+001, 9.000000e+001
2.907741e+001, 9.000000e+001
3.016652e+001, 9.000000e+001
3.122422e+001, 9.000000e+001
3.224994e+001, 9.000000e+001
3.324321e+001, 9.000000e+001
3.420358e+001, 9.000000e+001
3.513065e+001, 9.000000e+001
3.602405e+001, 9.000000e+001
3.688346e+001, 9.000000e+001
3.770857e+001, 9.000000e+001
3.849907e+001, 9.000000e+001
3.925467e+001, 9.000000e+001
3.997510e+001, 9.000000e+001
4.066004e+001, 9.000000e+001
4.130920e+001, 9.000000e+001
4.192224e+001, 9.000000e+001
4.249881e+001, 9.000000e+001
4.303852e+001, 9.000000e+001
4.354096e+001, 9.000000e+001
4.400564e+001, 9.000000e+001
4.443208e+001, 9.000000e+001
4.481970e+001, 9.000000e+001
4.516789e+001, 9.000000e+001
4.547599e+001, 9.000000e+001
4.574327e+001, 9.000000e+001
4.596896e+001, 9.000000e+001
4.615222e+001, 9.000000e+001
4.629215e+001, 9.000000e+001
4.638782e+001, 9.000000e+001
4.643822e+001, 9.000000e+001
4.644232e+001, 9.000000e+001
4.639902e+001, 9.000000e+001
4.630719e+001, 9.000000e+001
4.616569e+001, 9.000000e+001
4.597333e+001, 9.000000e+001
4.572890e+001, 9.000000e+001
4.543120e+001, 9.000000e+001
4.507901e+001, 9.000000e+001
4.467114e+001, 9.000000e+001
4.420638e+001, 9.000000e+001
4.368360e+001, 9.000000e+001
4.310168e+001, 9.000000e+001
4.245954e+001, 9.000000e+001
4.175621e+001, 9.000000e+001
4.099074e+001, 9.000000e+001
4.016231e+001, 9.000000e+001
3.927018e+001, 9.000000e+001
3.831372e+001, 9.000000e+001
3.729243e+001, 9.000000e+001
3.620595e+001, 9.000000e+001
3.505404e+001, 9.000000e+001
3.383665e+001, 9.000000e+001
3.255386e+001, 9.000000e+001
3.120596e+001, 9.000000e+001
2.979340e+001, 9.000000e+001
2.831683e+001, 9.000000e+001
2.677710e+001, 9.000000e+001
2.517525e+001, 9.000000e+001
2.351254e+001, 9.000000e+001
2.179044e+001, 9.000000e+001
2.001063e+001, 9.000000e+001
1.817502e+001, 9.000000e+001
1.628572e+001, 9.000000e+001
1.434505e+001, 9.000000e+001
1.235556e+001, 9.000000e+001
1.031998e+001, 9.000000e+001
8.241270e+000, 9.000000e+001
6.122569e+000, 8.999999e+001
3.967205e+000, 8.999999e+001
1.778689e+000, 8.999998e+001
4.393039e-001, 2.700001e+002
2.682940e+000, 2.700000e+002
4.948240e+000, 2.700000e+002
7.231096e+000, 2.700000e+002
9.527279e+000, 2.700000e+002
1.183246e+001, 2.700000e+002
1.414222e+001, 2.700000e+002
1.645208e+001, 2.700000e+002
1.875749e+001, 2.700000e+002
2.105387e+001, 2.700000e+002
2.333663e+001, 2.700000e+002
2.560118e+001, 2.700000e+002
2.784292e+001, 2.700000e+002
3.005730e+001, 2.700000e+002
3.223983e+001, 2.700000e+002
3.438608e+001, 2.700000e+002
3.649170e+001, 2.700000e+002
3.855244e+001, 2.700000e+002
4.056419e+001, 2.700000e+002
4.252293e+001, 2.700000e+002
4.442483e+001, 2.700000e+002
4.626618e+001, 2.700000e+002
4.804349e+001, 2.700000e+002
4.975340e+001, 2.700000e+002
5.139279e+001, 2.700000e+002
5.295871e+001, 2.700000e+002
5.444846e+001, 2.700000e+002
5.585953e+001, 2.700000e+002
5.718964e+001, 2.700000e+002
5.843676e+001, 2.700000e+002
5.959908e+001, 2.700000e+002
6.067502e+001, 2.700000e+002
6.166326e+001, 2.700000e+002
6.256271e+001, 2.700000e+002
6.337252e+001, 2.700000e+002
6.409206e+001, 2.700000e+002
6.472096e+001, 2.700000e+002
6.525907e+001, 2.700000e+002
6.570644e+001, 2.700000e+002
6.606337e+001, 2.700000e+002
6.633035e+001, 2.700000e+002
6.650808e+001, 2.700000e+002
6.659743e+001, 2.700000e+002
6.659949e+001, 2.700000e+002
6.651549e+001, 2.700000e+002
6.634683e+001, 2.700000e+002
6.609506e+001, 2.700000e+002
6.576187e+001, 2.700000e+002
6.534906e+001, 2.700000e+002
6.485857e+001, 2.700000e+002
6.429241e+001, 2.700000e+002
6.365269e+001, 2.700000e+002
6.294159e+001, 2.700000e+002
6.216133e+001, 2.700000e+002
6.131422e+001, 2.700000e+002
6.040256e+001, 2.700000e+002
5.942869e+001, 2.700000e+002
5.839496e+001, 2.700000e+002
5.730371e+001, 2.700000e+002
5.615726e+001, 2.700000e+002
5.495793e+001, 2.700000e+002
5.370798e+001, 2.700000e+002
5.240963e+001, 2.700000e+002
5.106506e+001, 2.700000e+002
4.967637e+001, 2.700000e+002
4.824561e+001, 2.700000e+002
4.677474e+001, 2.700000e+002
4.526566e+001, 2.700000e+002
4.372017e+001, 2.700000e+002
4.213999e+001, 2.700000e+002
4.052675e+001, 2.700000e+002
3.888199e+001, 2.700000e+002
3.720718e+001, 2.700000e+002
3.550366e+001, 2.700000e+002
3.377272e+001, 2.700000e+002
3.201555e+001, 2.700000e+002
3.023326e+001, 2.700000e+002
2.842689e+001, 2.700000e+002
2.659740e+001, 2.700000e+002
2.474570e+001, 2.700000e+002
2.287263e+001, 2.700000e+002
2.097899e+001, 2.700000e+002
1.906553e+001, 2.700000e+002
1.713299e+001, 2.700000e+002
1.518205e+001, 2.700000e+002
1.321343e+001, 2.700000e+002
1.122780e+001, 2.700000e+002
9.225878e+000, 2.700000e+002
7.208378e+000, 2.700000e+002
5.176057e+000, 2.700000e+002
3.129712e+000, 2.700000e+002
1.070194e+000, 2.700000e+002
1.001581e+000, 9.000001e+001
3.084621e+000, 9.000000e+001
5.177852e+000, 9.000000e+001
7.280102e+000, 9.000000e+001
9.390096e+000, 9.000000e+001
1.150645e+001, 9.000000e+001
1.362765e+001, 9.000000e+001
1.575207e+001, 9.000000e+001
1.787795e+001, 9.000000e+001
2.000336e+001, 9.000000e+001
2.212627e+001, 9.000000e+001
2.424449e+001, 9.000000e+001
2.635567e+001, 9.000000e+001
2.845732e+001, 9.000000e+001
3.054680e+001, 9.000000e+001
3.262135e+001, 9.000000e+001
3.467801e+001, 9.000000e+001
3.671374e+001, 9.000000e+001
3.872534e+001, 9.000000e+001
4.070947e+001, 9.000000e+001
4.266269e+001, 9.000000e+001
4.458146e+001, 9.000000e+001
4.646211e+001, 9.000000e+001
4.830090e+001, 9.000000e+001
5.009403e+001, 9.000000e+001
5.183760e+001, 9.000000e+001
5.352772e+001, 9.000000e+001
5.516041e+001, 9.000000e+001
5.673171e+001, 9.000000e+001
5.823767e+001, 9.000000e+001
5.967434e+001, 9.000000e+001
6.103782e+001, 9.000000e+001
6.232427e+001, 9.000000e+001
6.352992e+001, 9.000000e+001
6.465110e+001, 9.000000e+001
6.568428e+001, 9.000000e+001
6.662602e+001, 9.000000e+001
6.747307e+001, 9.000000e+001
6.822234e+001, 9.000000e+001
6.887093e+001, 9.000000e+001
6.941615e+001, 9.000000e+001
6.985554e+001, 9.000000e+001
7.018686e+001, 9.000000e+001
7.040815e+001, 9.000000e+001
7.051770e+001, 9.000000e+001
7.051407e+001, 9.000000e+001
7.039614e+001, 9.000000e+001
7.016307e+001, 9.000000e+001
6.981431e+001, 9.000000e+001
6.934967e+001, 9.000000e+001
6.876922e+001, 9.000000e+001
6.807338e+001, 9.000000e+001
6.726290e+001, 9.000000e+001
6.633882e+001, 9.000000e+001
6.530253e+001, 9.000000e+001
6.415570e+001, 9.000000e+001
6.290032e+001, 9.000000e+001
6.153870e+001, 9.000000e+001
6.007340e+001, 9.000000e+001
5.850729e+001, 9.000000e+001
5.684351e+001, 9.000000e+001
5.508544e+001, 9.000000e+001
5.323671e+001, 9.000000e+001
5.130116e+001, 9.000000e+001
4.928287e+001, 9.000000e+001
4.718607e+001, 9.000000e+001
4.501521e+001, 9.000000e+001
4.277485e+001, 9.000000e+001
4.046973e+001, 9.000000e+001
3.810467e+001, 9.000000e+001
3.568460e+001, 9.000000e+001
3.321453e+001, 9.000000e+001
3.069952e+001, 9.000000e+001
2.814467e+001, 9.000000e+001
2.555511e+001, 9.000000e+001
2.293594e+001, 9.000000e+001
2.029227e+001, 9.000000e+001
1.762914e+001, 9.000000e+001
1.495156e+001, 9.000000e+001
1.226446e+001, 9.000000e+001
9.572660e+000, 9.000000e+001
6.880903e+000, 9.000000e+001
4.193797e+000, 9.000001e+001
1.515822e+000, 9.000001e+001
1.148689e+000, 2.700000e+002
3.795558e+000, 2.700000e+002
6.420775e+000, 2.700000e+002
9.020504e+000, 2.700000e+002
1.159109e+001, 2.700000e+002
1.412908e+001, 2.700000e+002
1.663120e+001, 2.700000e+002
1.909438e+001, 2.700000e+002
2.151576e+001, 2.700000e+002
2.389269e+001, 2.700000e+002
2.622270e+001, 2.700000e+002
2.850355e+001, 2.700000e+002
3.073319e+001, 2.700000e+002
3.290978e+001, 2.700000e+002
3.503168e+001, 2.700000e+002
3.709741e+001, 2.700000e+002
3.910572e+001, 2.700000e+002
4.105552e+001, 2.700000e+002
4.294588e+001, 2.700000e+002
4.477606e+001, 2.700000e+002
4.654545e+001, 2.700000e+002
4.825359e+001, 2.700000e+002
4.990018e+001, 2.700000e+002
5.148500e+001, 2.700000e+002
5.300798e+001, 2.700000e+002
5.446911e+001, 2.700000e+002
5.586852e+001, 2.700000e+002
5.720637e+001, 2.700000e+002
5.848289e+001, 2.700000e+002
5.969839e+001, 2.700000e+002
6.085317e+001, 2.700000e+002
6.194761e+001, 2.700000e+002
6.298206e+001, 2.700000e+002
6.395688e+001, 2.700000e+002
6.487244e+001, 2.700000e+002
6.572907e+001, 2.700000e+002
6.652708e+001, 2.700000e+002
6.726672e+001, 2.700000e+002
6.794823e+001, 2.700000e+002
6.857176e+001, 2.700000e+002
6.913740e+001, 2.700000e+002
6.964519e+001, 2.700000e+002
7.009506e+001, 2.700000e+002
7.048690e+001, 2.700000e+002
7.082049e+001, 2.700000e+002
7.109554e+001, 2.700000e+002
7.131166e+001, 2.700000e+002
7.146840e+001, 2.700000e+002
7.156519e+001, 2.700000e+002
7.160142e+001, 2.700000e+002
7.157639e+001, 2.700000e+002
7.148930e+001, 2.700000e+002
7.133931e+001, 2.700000e+002
7.112553e+001, 2.700000e+002
7.084700e+001, 2.700000e+002
7.050271e+001, 2.700000e+002
7.009164e+001, 2.700000e+002
6.961273e+001, 2.700000e+002
6.906492e+001, 2.700000e+002
6.844715e+001, 2.700000e+002
6.775834e+001, 2.700000e+002
6.699749e+001, 2.700000e+002
6.616359e+001, 2.700000e+002
6.525572e+001, 2.700000e+002
6.427298e+001, 2.700000e+002
6.321459e+001, 2.700000e+002
6.207984e+001, 2.700000e+002
6.086813e+001, 2.700000e+002
5.957898e+001, 2.700000e+002
5.821204e+001, 2.700000e+002
5.676711e+001, 2.700000e+002
5.524412e+001, 2.700000e+002
5.364321e+001, 2.700000e+002
5.196465e+001, 2.700000e+002
5.020893e+001, 2.700000e+002
4.837673e+001, 2.700000e+002
4.646892e+001, 2.700000e+002
4.448660e+001, 2.700000e+002
4.243108e+001, 2.700000e+002
4.030389e+001, 2.700000e+002
3.810679e+001, 2.700000e+002
3.584178e+001, 2.700000e+002
3.351107e+001, 2.700000e+002
3.111712e+001, 2.700000e+002
2.866262e+001, 2.700000e+002
2.615049e+001, 2.700000e+002
2.358386e+001, 2.700000e+002
2.096612e+001, 2.700000e+002
1.830084e+001, 2.700000e+002
1.559182e+001, 2.700000e+002
1.284306e+001, 2.700000e+002
1.005875e+001, 2.700000e+002
7.243274e+000, 2.700000e+002
4.401181e+000, 2.700000e+002
1.537182e+000, 2.700001e+002
1.343863e+000, 8.999994e+001
4.236960e+000, 8.999998e+001
7.137000e+000, 8.999999e+001
1.003877e+001, 8.999999e+001
1.293696e+001, 8.999999e+001
1.582621e+001, 9.000000e+001
1.870109e+001, 9.000000e+001
2.155616e+001, 9.000000e+001
2.438594e+001, 9.000000e+001
2.718498e+001, 9.000000e+001
2.994783e+001, 9.000000e+001
3.266910e+001, 9.000000e+001
3.534346e+001, 9.000000e+001
3.796565e+001, 9.000000e+001
4.053054e+001, 9.000000e+001
4.303310e+001, 9.000000e+001
4.546844e+001, 9.000000e+001
4.783184e+001, 9.000000e+001
5.011873e+001, 9.000000e+001
5.232475e+001, 9.000000e+001
5.444575e+001, 9.000000e+001
5.647780e+001, 9.000000e+001
5.841721e+001, 9.000000e+001
6.026051e+001, 9.000000e+001
6.200453e+001, 9.000000e+001
6.364635e+001, 9.000000e+001
6.518334e+001, 9.000000e+001
6.661315e+001, 9.000000e+001
6.793373e+001, 9.000000e+001
6.914332e+001, 9.000000e+001
7.024048e+001, 9.000000e+001
7.122406e+001, 9.000000e+001
7.209322e+001, 9.000000e+001
7.284743e+001, 9.000000e+001
7.348644e+001, 9.000000e+001
7.401032e+001, 9.000000e+001
7.441941e+001, 9.000000e+001
7.471436e+001, 9.000000e+001
7.489607e+001, 9.000000e+001
7.496572e+001, 9.000000e+001
7.492474e+001, 9.000000e+001
7.477480e+001, 9.000000e+001
7.451781e+001, 9.000000e+001
7.415589e+001, 9.000000e+001
7.369136e+001, 9.000000e+001
7.312673e+001, 9.000000e+001
7.246468e+001, 9.000000e+001
7.170805e+001, 9.000000e+001
7.085981e+001, 9.000000e+001
6.992304e+001, 9.000000e+001
6.890096e+001, 9.000000e+001
6.779685e+001, 9.000000e+001
6.661405e+001, 9.000000e+001
6.535599e+001, 9.000000e+001
6.402611e+001, 9.000000e+001
6.262788e+001, 9.000000e+001
6.116478e+001, 9.000000e+001
5.964029e+001, 9.000000e+001
5.805785e+001, 9.000000e+001
5.642090e+001, 9.000000e+001
5.473279e+001, 9.000000e+001
5.299685e+001, 9.000000e+001
5.121634e+001, 9.000000e+001
4.939442e+001, 9.000000e+001
4.753420e+001, 9.000000e+001
4.563868e+001, 9.000000e+001
4.371077e+001, 9.000000e+001
4.175327e+001, 9.000000e+001
3.976890e+001, 9.000000e+001
3.776026e+001, 9.000000e+001
3.572983e+001, 9.000000e+001
3.368001e+001, 9.000000e+001
3.161308e+001, 9.000000e+001
2.953121e+001, 9.000000e+001
2.743648e+001, 9.000000e+001
2.533086e+001, 9.000000e+001
2.321624e+001, 9.000000e+001
2.109442e+001, 9.000000e+001
1.896711e+001, 9.000000e+001
1.683595e+001, 9.000000e+001
1.470251e+001, 9.000000e+001
1.256831e+001, 9.000000e+001
1.043482e+001, 9.000000e+001
8.303437e+000, 9.000000e+001
6.175564e+000, 9.000000e+001
4.052559e+000, 9.000001e+001
1.935766e+000, 9.000001e+001
1.734747e-001, 2.699999e+002
2.273822e+000, 2.700000e+002
4.363922e+000, 2.700000e+002
6.442403e+000, 2.700000e+002
8.507863e+000, 2.700000e+002
1.055887e+001, 2.700000e+002
1.259394e+001, 2.700000e+002
1.461154e+001, 2.700000e+002
1.661009e+001, 2.700000e+002
1.858795e+001, 2.700000e+002
2.054340e+001, 2.700000e+002
2.247467e+001, 2.700000e+002
2.437990e+001, 2.700000e+002
2.625717e+001, 2.700000e+002
2.810447e+001, 2.700000e+002
2.991974e+001, 2.700000e+002
3.170081e+001, 2.700000e+002
3.344547e+001, 2.700000e+002
3.515143e+001, 2.700000e+002
3.681632e+001, 2.700000e+002
3.843773e+001, 2.700000e+002
4.001318e+001, 2.700000e+002
4.154014e+001, 2.700000e+002
4.301606e+001, 2.700000e+002
4.443833e+001, 2.700000e+002
4.580433e+001, 2.700000e+002
4.711141e+001, 2.700000e+002
4.835694e+001, 2.700000e+002
4.953827e+001, 2.700000e+002
5.065279e+001, 2.700000e+002
5.169791e+001, 2.700000e+002
5.267107e+001, 2.700000e+002
5.356978e+001, 2.700000e+002
5.439162e+001, 2.700000e+002
5.513424e+001, 2.700000e+002
5.579539e+001, 2.700000e+002
5.637291e+001, 2.700000e+002
5.686479e+001, 2.700000e+002
5.726912e+001, 2.700000e+002
5.758415e+001, 2.700000e+002
5.780828e+001, 2.700000e+002
5.794009e+001, 2.700000e+002
5.797833e+001, 2.700000e+002
5.792192e+001, 2.700000e+002
5.777002e+001, 2.700000e+002
5.752197e+001, 2.700000e+002
5.717732e+001, 2.700000e+002
5.673587e+001, 2.700000e+002
5.619764e+001, 2.700000e+002
5.556288e+001, 2.700000e+002
5.483208e+001, 2.700000e+002
5.400599e+001, 2.700000e+002
5.308560e+001, 2.700000e+002
5.207213e+001, 2.700000e+002
5.096708e+001, 2.700000e+002
4.977219e+001, 2.700000e+002
4.848944e+001, 2.700000e+002
4.712106e+001, 2.700000e+002
4.566951e+001, 2.700000e+002
4.413749e+001, 2.700000e+002
4.252795e+001, 2.700000e+002
4.084403e+001, 2.700000e+002
3.908909e+001, 2.700000e+002
3.726671e+001, 2.700000e+002
3.538064e+001, 2.700000e+002
3.343483e+001, 2.700000e+002
3.143338e+001, 2.700000e+002
2.938056e+001, 2.700000e+002
2.728076e+001, 2.700000e+002
2.513853e+001, 2.700000e+002
2.295849e+001, 2.700000e+002
2.074538e+001, 2.700000e+002
1.850400e+001, 2.700000e+002
1.623921e+001, 2.700000e+002
1.395594e+001, 2.700000e+002
1.165909e+001, 2.700000e+002
9.353620e+000, 2.700000e+002
7.044437e+000, 2.700000e+002
4.736436e+000, 2.700000e+002
2.434456e+000, 2.700000e+002
1.432709e-001, 2.700005e+002
2.132430e+000, 8.999997e+001
4.388058e+000, 8.999999e+001
6.619146e+000, 8.999999e+001
8.821358e+000, 8.999999e+001
1.099051e+001, 8.999999e+001
1.312257e+001, 9.000000e+001
1.521370e+001, 9.000000e+001
1.726023e+001, 9.000000e+001
1.925872e+001, 9.000000e+001
2.120590e+001, 9.000000e+001
2.309876e+001, 9.000000e+001
2.493449e+001, 9.000000e+001
2.671051e+001, 9.000000e+001
2.842449e+001, 9.000000e+001
3.007435e+001, 9.000000e+001
3.165824e+001, 9.000000e+001
3.317455e+001, 9.000000e+001
3.462192e+001, 9.000000e+001
3.599925e+001, 9.000000e+001
3.730564e+001, 9.000000e+001
3.854046e+001, 9.000000e+001
3.970330e+001, 9.000000e+001
4.079396e+001, 9.000000e+001
4.181248e+001, 9.000000e+001
4.275908e+001, 9.000000e+001
4.363420e+001, 9.000000e+001
4.443844e+001, 9.000000e+001
4.517259e+001, 9.000000e+001
4.583761e+001, 9.000000e+001
4.643460e+001, 9.000000e+001
4.696480e+001, 9.000000e+001
4.742956e+001, 9.000000e+001
4.783036e+001, 9.000000e+001
4.816878e+001, 9.000000e+001
4.844645e+001, 9.000000e+001
4.866511e+001, 9.000000e+001
4.882653e+001, 9.000000e+001
4.893254e+001, 9.000000e+001
4.898497e+001, 9.000000e+001
4.898571e+001, 9.000000e+001
4.893662e+001, 9.000000e+001
4.883958e+001, 9.000000e+001
4.869643e+001, 9.000000e+001
4.850902e+001, 9.000000e+001
4.827912e+001, 9.000000e+001
4.800850e+001, 9.000000e+001
4.769885e+001, 9.000000e+001
4.735181e+001, 9.000000e+001
4.696899e+001, 9.000000e+001
4.655188e+001, 9.000000e+001
4.610195e+001, 9.000000e+001
4.562056e+001, 9.000000e+001
4.510902e+001, 9.000000e+001
4.456855e+001, 9.000000e+001
4.400031e+001, 9.000000e+001
4.340538e+001, 9.000000e+001
4.278476e+001, 9.000000e+001
4.213939e+001, 9.000000e+001
4.147014e+001, 9.000000e+001
4.077782e+001, 9.000000e+001
4.006317e+001, 9.000000e+001
3.932690e+001, 9.000000e+001
3.856964e+001, 9.000000e+001
3.779202e+001, 9.000000e+001
3.699460e+001, 9.000000e+001
3.617793e+001, 9.000000e+001
3.534254e+001, 9.000000e+001
3.448892e+001, 9.000000e+001
3.361760e+001, 9.000000e+001
3.272907e+001, 9.000000e+001
3.182384e+001, 9.000000e+001
3.090244e+001, 9.000000e+001
2.996542e+001, 9.000000e+001
2.901336e+001, 9.000000e+001
2.804688e+001, 9.000000e+001
2.706662e+001, 9.000000e+001
2.607329e+001, 9.000000e+001
2.506764e+001, 9.000000e+001
2.405049e+001, 9.000000e+001
2.302270e+001, 9.000000e+001
2.198522e+001, 9.000000e+001
2.093904e+001, 9.000000e+001
1.988523e+001, 9.000000e+001
1.882496e+001, 9.000000e+001
1.775943e+001, 9.000000e+001
1.668992e+001, 9.000000e+001
1.561781e+001, 9.000000e+001
1.454453e+001, 9.000000e+001
1.347156e+001, 9.000000e+001
1.240049e+001, 9.000000e+001
1.133292e+001, 9.000000e+001
1.027055e+001, 9.000000e+001
9.215117e+000, 9.000000e+001
8.168395e+000, 9.000000e+001
7.132209e+000, 9.000000e+001
6.108415e+000, 9.000000e+001
5.098894e+000, 9.000000e+001
4.105546e+000, 8.999999e+001
3.130279e+000, 8.999999e+001
2.175004e+000, 8.999999e+001
1.241621e+000, 8.999997e+001
3.320132e-001, 8.999989e+001
5.519653e-001, 2.700001e+002
1.408497e+000, 2.700000e+002
2.235814e+000, 2.700000e+002
3.032204e+000, 2.700000e+002
3.796026e+000, 2.700000e+002
4.525713e+000, 2.700000e+002
5.219790e+000, 2.700000e+002
5.876877e+000, 2.700000e+002
6.495702e+000, 2.700000e+002
7.075108e+000, 2.700000e+002
7.614062e+000, 2.700000e+002
8.111664e+000, 2.700000e+002
8.567154e+000, 2.700000e+002
8.979917e+000, 2.700000e+002
9.349492e+000, 2.700000e+002
9.675573e+000, 2.700000e+002
9.958021e+000, 2.700000e+002
1.019686e+001, 2.700000e+002
1.039228e+001, 2.700000e+002
1.054465e+001, 2.700000e+002
1.065451e+001, 2.700000e+002
1.072256e+001, 2.700000e+002
1.074968e+001, 2.700000e+002
1.073692e+001, 2.700000e+002
1.068549e+001, 2.700000e+002
1.059677e+001, 2.700000e+002
1.047228e+001, 2.700000e+002
1.031370e+001, 2.700000e+002
1.012286e+001, 2.700000e+002
9.901707e+000, 2.700000e+002
9.652328e+000, 2.700000e+002
9.376916e+000, 2.700000e+002
9.077770e+000, 2.700000e+002
8.757282e+000, 2.700000e+002
8.417923e+000, 2.700000e+002
8.062230e+000, 2.700000e+002
7.692794e+000, 2.700000e+002
7.312243e+000, 2.700000e+002
6.923230e+000, 2.700000e+002
6.528418e+000, 2.700000e+002
6.130461e+000, 2.700000e+002
5.731994e+000, 2.700000e+002
5.335615e+000, 2.700000e+002
4.943869e+000, 2.700000e+002
4.559237e+000, 2.700000e+002
4.184116e+000, 2.700000e+002
3.820808e+000, 2.700000e+002
3.471508e+000, 2.700000e+002
3.138286e+000, 2.700000e+002
2.823081e+000, 2.700000e+002
2.527683e+000, 2.700000e+002
2.253726e+000, 2.700000e+002
2.002681e+000, 2.700000e+002
1.775840e+000, 2.700000e+002
1.574317e+000, 2.700000e+002
1.399035e+000, 2.700000e+002
1.250726e+000, 2.700000e+002
1.129922e+000, 2.700000e+002
1.036960e+000, 2.700000e+002
9.719705e-001, 2.700000e+002
9.348882e-001, 2.700000e+002
9.254463e-001, 2.700000e+002
9.431817e-001, 2.700000e+002
9.874385e-001, 2.700000e+002
1.057373e+000, 2.700000e+002
1.151961e+000, 2.700000e+002
1.270003e+000, 2.700000e+002
1.410134e+000, 2.700000e+002
1.570834e+000, 2.700000e+002
1.750437e+000, 2.700000e+002
1.947142e+000, 2.700000e+002
2.159024e+000, 2.700000e+002
2.384049e+000, 2.700000e+002
2.620088e+000, 2.700000e+002
2.864923e+000, 2.700000e+002
3.116273e+000, 2.700000e+002
3.371796e+000, 2.700000e+002
3.629111e+000, 2.700000e+002
3.885813e+000, 2.700000e+002
4.139480e+000, 2.700000e+002
4.387695e+000, 2.700000e+002
4.628056e+000, 2.700000e+002
4.858191e+000, 2.700000e+002
5.075771e+000, 2.700000e+002
5.278523e+000, 2.700000e+002
5.464242e+000, 2.700000e+002
5.630802e+000, 2.700000e+002
5.776171e+000, 2.700000e+002
5.898415e+000, 2.700000e+002
5.995712e+000, 2.700000e+002
6.066360e+000, 2.700000e+002
6.108785e+000, 2.700000e+002
6.121546e+000, 2.700000e+002
6.103343e+000, 2.700000e+002
6.053022e+000, 2.700000e+002
5.969578e+000, 2.700000e+002
5.852161e+000, 2.700000e+002
5.700074e+000, 2.700000e+002
5.512780e+000, 2.700000e+002
5.289897e+000, 2.700000e+002
5.031201e+000, 2.700000e+002
4.736624e+000, 2.700000e+002
4.406253e+000, 2.700000e+002
4.040324e+000, 2.700000e+002
3.639221e+000, 2.700000e+002
3.203474e+000, 2.700000e+002
2.733747e+000, 2.700000e+002
2.230838e+000, 2.700000e+002
1.695673e+000, 2.700000e+002
1.129295e+000, 2.699999e+002
5.328615e-001, 2.699999e+002
9.236639e-002, 9.000066e+001
7.450304e-001, 9.000008e+001
1.423684e+000, 9.000004e+001
2.126799e+000, 9.000003e+001
2.852779e+000, 9.000002e+001
3.599961e+000, 9.000002e+001
4.366633e+000, 9.000001e+001
5.151032e+000, 9.000001e+001
5.951365e+000, 9.000001e+001
6.765809e+000, 9.000001e+001
7.592520e+000, 9.000001e+001
8.429648e+000, 9.000001e+001
9.275337e+000, 9.000001e+001
8.321420e+001, 9.000000e+001
8.269621e+001, 9.000000e+001
8.215937e+001, 9.000000e+001
8.160560e+001, 9.000000e+001
8.103678e+001, 9.000000e+001
8.045467e+001, 9.000000e+001
7.986096e+001, 9.000000e+001
7.925727e+001, 9.000000e+001
7.864515e+001, 9.000000e+001
7.802606e+001, 9.000000e+001
7.740141e+001, 9.000000e+001
7.677253e+001, 9.000000e+001
7.614068e+001, 9.000000e+001
7.550708e+001, 9.000000e+001
7.487289e+001, 9.000000e+001
7.423919e+001, 9.000000e+001
7.360704e+001, 9.000000e+001
7.297743e+001, 9.000000e+001
7.235134e+001, 9.000000e+001
7.172966e+001, 9.000000e+001
7.111328e+001, 9.000000e+001
7.050303e+001, 9.000000e+001
6.989972e+001, 9.000000e+001
6.930411e+001, 9.000000e+001
6.871695e+001, 9.000000e+001
6.813893e+001, 9.000000e+001
6.757074e+001, 9.000000e+001
6.701301e+001, 9.000000e+001
6.646636e+001, 9.000000e+001
6.593137e+001, 9.000000e+001
6.540858e+001, 9.000000e+001
6.489853e+001, 9.000000e+001
6.440167e+001, 9.000000e+001
6.391846e+001, 9.000000e+001
6.344930e+001, 9.000000e+001
6.299456e+001, 9.000000e+001
6.255454e+001, 9.000000e+001
6.212952e+001, 9.000000e+001
6.171972e+001, 9.000000e+001
6.132530e+001, 9.000000e+001
6.094638e+001, 9.000000e+001
6.058300e+001, 9.000000e+001
6.023514e+001, 9.000000e+001
5.990273e+001, 9.000000e+001
5.958562e+001, 9.000000e+001
5.928359e+001, 9.000000e+001
5.899633e+001, 9.000000e+001
5.872348e+001, 9.000000e+001
5.846457e+001, 9.000000e+001
5.821908e+001, 9.000000e+001
5.798638e+001, 9.000000e+001
5.776577e+001, 9.000000e+001
5.755646e+001, 9.000000e+001
5.735758e+001, 9.000000e+001
5.716818e+001, 9.000000e+001
5.698722e+001, 9.000000e+001
5.681357e+001, 9.000000e+001
5.664604e+001, 9.000000e+001
5.648335e+001, 9.000000e+001
5.632416e+001, 9.000000e+001
5.616704e+001, 9.000000e+001
5.601051e+001, 9.000000e+001
5.585304e+001, 9.000000e+001
5.569303e+001, 9.000000e+001
5.552884e+001, 9.000000e+001
5.535879e+001, 9.000000e+001
5.518118e+001, 9.000000e+001
5.499427e+001, 9.000000e+001
5.479631e+001, 9.000000e+001
5.458555e+001, 9.000000e+001
5.436025e+001, 9.000000e+001
5.411867e+001, 9.000000e+001
5.385910e+001, 9.000000e+001
5.357988e+001, 9.000000e+001
5.327938e+001, 9.000000e+001
5.295604e+001, 9.000000e+001
5.260835e+001, 9.000000e+001
5.223489e+001, 9.000000e+001
5.183435e+001, 9.000000e+001
5.140550e+001, 9.000000e+001
5.094722e+001, 9.000000e+001
5.045852e+001, 9.000000e+001
4.993856e+001, 9.000000e+001
4.938663e+001, 9.000000e+001
4.880215e+001, 9.000000e+001
4.818475e+001, 9.000000e+001
4.753418e+001, 9.000000e+001
4.685041e+001, 9.000000e+001
4.613356e+001, 9.000000e+001
4.538395e+001, 9.000000e+001
4.460212e+001, 9.000000e+001
4.378876e+001, 9.000000e+001
4.294481e+001, 9.000000e+001
4.207138e+001, 9.000000e+001
4.116981e+001, 9.000000e+001
4.024163e+001, 9.000000e+001
3.928857e+001, 9.000000e+001
3.831258e+001, 9.000000e+001
3.731580e+001, 9.000000e+001
3.630057e+001, 9.000000e+001
3.526940e+001, 9.000000e+001
3.422502e+001, 9.000000e+001
3.317030e+001, 9.000000e+001
3.210830e+001, 9.000000e+001
3.104224e+001, 9.000000e+001
2.997547e+001, 9.000000e+001
2.891150e+001, 9.000000e+001
2.785394e+001, 9.000000e+001
2.680653e+001, 9.000000e+001
2.577312e+001, 9.000000e+001
2.475763e+001, 9.000000e+001
2.376404e+001, 9.000000e+001
2.279640e+001, 9.000000e+001
2.185882e+001, 9.000000e+001
2.095540e+001, 9.000000e+001
2.009027e+001, 9.000000e+001
1.926754e+001, 9.000000e+001
1.849132e+001, 9.000000e+001
1.776565e+001, 9.000000e+001
1.709455e+001, 9.000000e+001
1.648194e+001, 9.000000e+001
1.593166e+001, 9.000000e+001
1.544747e+001, 9.000000e+001
1.503299e+001, 9.000000e+001
1.469172e+001, 9.000000e+001
1.442701e+001, 9.000000e+001
1.424206e+001, 9.000000e+001
1.413990e+001, 9.000000e+001
1.412337e+001, 9.000000e+001
1.419512e+001, 9.000000e+001
1.435761e+001, 9.000000e+001
1.461307e+001, 9.000000e+001
1.496351e+001, 9.000000e+001
1.541073e+001, 9.000000e+001
1.595627e+001, 9.000000e+001
1.660144e+001, 9.000000e+001
1.734730e+001, 9.000000e+001
1.819466e+001, 9.000000e+001
1.914407e+001, 9.000000e+001
2.019583e+001, 9.000000e+001
2.134997e+001, 9.000000e+001
2.260627e+001, 9.000000e+001
2.396425e+001, 9.000000e+001
2.542314e+001, 9.000000e+001
2.698197e+001, 9.000000e+001
2.863945e+001, 9.000000e+001
3.039408e+001, 9.000000e+001
3.224411e+001, 9.000000e+001
3.418751e+001, 9.000000e+001
3.622205e+001, 9.000000e+001
3.834525e+001, 9.000000e+001
4.055439e+001, 9.000000e+001
4.284655e+001, 9.000000e+001
4.521858e+001, 9.000000e+001
4.766713e+001, 9.000000e+001
5.018865e+001, 9.000000e+001
5.277940e+001, 9.000000e+001
5.543545e+001, 9.000000e+001
5.815272e+001, 9.000000e+001
6.092694e+001, 9.000000e+001
6.375370e+001, 9.000000e+001
6.662845e+001, 9.000000e+001
6.954649e+001, 9.000000e+001
7.250300e+001, 9.000000e+001
7.549307e+001, 9.000000e+001
7.851164e+001, 9.000000e+001
8.155360e+001, 9.000000e+001
8.461373e+001, 9.000000e+001
8.768674e+001, 9.000000e+001
9.076730e+001, 9.000000e+001
9.384999e+001, 9.000000e+001
9.692938e+001, 9.000000e+001
1.000000e+002, 9.000000e+001
##END
