##TITLE= Pf1-3t5-0h4936
##JCAMP-DX= 5.00 Bruker JCAMP library
##DATA TYPE= Shape Data
##ORIGIN= Bruker BioSpin GmbH
##OWNER= <Alexej Jerschow>
##DATE= 2009/01/20
##TIME= 17:09:57
##$SHAPE_PARAMETERS= 
##MINX= 3.912945e-002
##MAXX= 1.000000e+002
##MINY= 8.999948e+001
##MAXY= 2.700002e+002
##$SHAPE_EXMODE= 
##$SHAPE_TOTROT= 
##$SHAPE_TYPE= 
##$SHAPE_USER_DEF= 
##$SHAPE_REPHFAC= 
##$SHAPE_BWFAC= 
##$SHAPE_BWFAC50= 
##$SHAPE_INTEGFAC= 
##$SHAPE_MODE= 
##NPOINTS= 1000
##XYPOINTS= (XY..XY)
1.370792e+001, 9.000000e+001
1.322502e+001, 9.000000e+001
1.272448e+001, 9.000000e+001
1.220641e+001, 9.000000e+001
1.167097e+001, 9.000000e+001
1.111839e+001, 9.000000e+001
1.054894e+001, 9.000000e+001
9.962981e+000, 9.000000e+001
9.360914e+000, 8.999999e+001
8.743210e+000, 8.999999e+001
8.110396e+000, 8.999999e+001
7.463065e+000, 8.999999e+001
6.801862e+000, 8.999999e+001
6.127492e+000, 8.999999e+001
5.440714e+000, 8.999999e+001
4.742335e+000, 8.999999e+001
4.033215e+000, 8.999999e+001
3.314256e+000, 8.999998e+001
2.586400e+000, 8.999998e+001
1.850629e+000, 8.999997e+001
1.107957e+000, 8.999994e+001
3.594238e-001, 8.999982e+001
3.939053e-001, 2.700002e+002
1.150948e+000, 2.700001e+002
1.910609e+000, 2.700000e+002
2.671784e+000, 2.700000e+002
3.433370e+000, 2.700000e+002
4.194264e+000, 2.700000e+002
4.953374e+000, 2.700000e+002
5.709622e+000, 2.700000e+002
6.461949e+000, 2.700000e+002
7.209322e+000, 2.700000e+002
7.950738e+000, 2.700000e+002
8.685228e+000, 2.700000e+002
9.411865e+000, 2.700000e+002
1.012976e+001, 2.700000e+002
1.083809e+001, 2.700000e+002
1.153606e+001, 2.700000e+002
1.222295e+001, 2.700000e+002
1.289809e+001, 2.700000e+002
1.356087e+001, 2.700000e+002
1.421075e+001, 2.700000e+002
1.484726e+001, 2.700000e+002
1.546997e+001, 2.700000e+002
1.607856e+001, 2.700000e+002
1.667275e+001, 2.700000e+002
1.725233e+001, 2.700000e+002
1.781718e+001, 2.700000e+002
1.836721e+001, 2.700000e+002
1.890244e+001, 2.700000e+002
1.942292e+001, 2.700000e+002
1.992878e+001, 2.700000e+002
2.042020e+001, 2.700000e+002
2.089743e+001, 2.700000e+002
2.136077e+001, 2.700000e+002
2.181056e+001, 2.700000e+002
2.224719e+001, 2.700000e+002
2.267110e+001, 2.700000e+002
2.308277e+001, 2.700000e+002
2.348270e+001, 2.700000e+002
2.387142e+001, 2.700000e+002
2.424949e+001, 2.700000e+002
2.461749e+001, 2.700000e+002
2.497601e+001, 2.700000e+002
2.532565e+001, 2.700000e+002
2.566699e+001, 2.700000e+002
2.600065e+001, 2.700000e+002
2.632721e+001, 2.700000e+002
2.664725e+001, 2.700000e+002
2.696131e+001, 2.700000e+002
2.726995e+001, 2.700000e+002
2.757367e+001, 2.700000e+002
2.787293e+001, 2.700000e+002
2.816820e+001, 2.700000e+002
2.845985e+001, 2.700000e+002
2.874826e+001, 2.700000e+002
2.903373e+001, 2.700000e+002
2.931652e+001, 2.700000e+002
2.959685e+001, 2.700000e+002
2.987486e+001, 2.700000e+002
3.015066e+001, 2.700000e+002
3.042430e+001, 2.700000e+002
3.069574e+001, 2.700000e+002
3.096493e+001, 2.700000e+002
3.123173e+001, 2.700000e+002
3.149594e+001, 2.700000e+002
3.175732e+001, 2.700000e+002
3.201557e+001, 2.700000e+002
3.227031e+001, 2.700000e+002
3.252115e+001, 2.700000e+002
3.276762e+001, 2.700000e+002
3.300921e+001, 2.700000e+002
3.324537e+001, 2.700000e+002
3.347549e+001, 2.700000e+002
3.369896e+001, 2.700000e+002
3.391510e+001, 2.700000e+002
3.412322e+001, 2.700000e+002
3.432260e+001, 2.700000e+002
3.451251e+001, 2.700000e+002
3.469219e+001, 2.700000e+002
3.486087e+001, 2.700000e+002
3.501780e+001, 2.700000e+002
3.516221e+001, 2.700000e+002
3.529332e+001, 2.700000e+002
3.541040e+001, 2.700000e+002
3.551270e+001, 2.700000e+002
3.559951e+001, 2.700000e+002
3.567014e+001, 2.700000e+002
3.572393e+001, 2.700000e+002
3.576025e+001, 2.700000e+002
3.577852e+001, 2.700000e+002
3.577818e+001, 2.700000e+002
3.575874e+001, 2.700000e+002
3.571975e+001, 2.700000e+002
3.566081e+001, 2.700000e+002
3.558158e+001, 2.700000e+002
3.548178e+001, 2.700000e+002
3.536118e+001, 2.700000e+002
3.521963e+001, 2.700000e+002
3.505700e+001, 2.700000e+002
3.487328e+001, 2.700000e+002
3.466849e+001, 2.700000e+002
3.444270e+001, 2.700000e+002
3.419609e+001, 2.700000e+002
3.392885e+001, 2.700000e+002
3.364126e+001, 2.700000e+002
3.333364e+001, 2.700000e+002
3.300640e+001, 2.700000e+002
3.265996e+001, 2.700000e+002
3.229481e+001, 2.700000e+002
3.191149e+001, 2.700000e+002
3.151059e+001, 2.700000e+002
3.109271e+001, 2.700000e+002
3.065850e+001, 2.700000e+002
3.020866e+001, 2.700000e+002
2.974389e+001, 2.700000e+002
2.926491e+001, 2.700000e+002
2.877248e+001, 2.700000e+002
2.826733e+001, 2.700000e+002
2.775024e+001, 2.700000e+002
2.722196e+001, 2.700000e+002
2.668325e+001, 2.700000e+002
2.613484e+001, 2.700000e+002
2.557747e+001, 2.700000e+002
2.501184e+001, 2.700000e+002
2.443863e+001, 2.700000e+002
2.385851e+001, 2.700000e+002
2.327208e+001, 2.700000e+002
2.267993e+001, 2.700000e+002
2.208261e+001, 2.700000e+002
2.148061e+001, 2.700000e+002
2.087438e+001, 2.700000e+002
2.026433e+001, 2.700000e+002
1.965081e+001, 2.700000e+002
1.903411e+001, 2.700000e+002
1.841449e+001, 2.700000e+002
1.779212e+001, 2.700000e+002
1.716716e+001, 2.700000e+002
1.653968e+001, 2.700000e+002
1.590970e+001, 2.700000e+002
1.527722e+001, 2.700000e+002
1.464214e+001, 2.700000e+002
1.400436e+001, 2.700000e+002
1.336370e+001, 2.700000e+002
1.271994e+001, 2.700000e+002
1.207285e+001, 2.700000e+002
1.142212e+001, 2.700000e+002
1.076743e+001, 2.700000e+002
1.010845e+001, 2.700000e+002
9.444777e+000, 2.700000e+002
8.776030e+000, 2.700000e+002
8.101793e+000, 2.700000e+002
7.421643e+000, 2.700000e+002
6.735149e+000, 2.700000e+002
6.041881e+000, 2.700000e+002
5.341409e+000, 2.700000e+002
4.633311e+000, 2.700000e+002
3.917180e+000, 2.700000e+002
3.192623e+000, 2.700000e+002
2.459269e+000, 2.700000e+002
1.716773e+000, 2.700000e+002
9.648190e-001, 2.700000e+002
2.031242e-001, 2.700001e+002
5.685575e-001, 8.999997e+001
1.350432e+000, 8.999999e+001
2.142662e+000, 8.999999e+001
2.945365e+000, 9.000000e+001
3.758610e+000, 9.000000e+001
4.582416e+000, 9.000000e+001
5.416749e+000, 9.000000e+001
6.261524e+000, 9.000000e+001
7.116598e+000, 9.000000e+001
7.981776e+000, 9.000000e+001
8.856806e+000, 9.000000e+001
9.741381e+000, 9.000000e+001
1.063514e+001, 9.000000e+001
1.153766e+001, 9.000000e+001
1.244847e+001, 9.000000e+001
1.336705e+001, 9.000000e+001
1.429281e+001, 9.000000e+001
1.522515e+001, 9.000000e+001
1.616338e+001, 9.000000e+001
1.710678e+001, 9.000000e+001
1.805460e+001, 9.000000e+001
1.900603e+001, 9.000000e+001
1.996023e+001, 9.000000e+001
2.091634e+001, 9.000000e+001
2.187345e+001, 9.000000e+001
2.283063e+001, 9.000000e+001
2.378693e+001, 9.000000e+001
2.474138e+001, 9.000000e+001
2.569298e+001, 9.000000e+001
2.664075e+001, 9.000000e+001
2.758367e+001, 9.000000e+001
2.852072e+001, 9.000000e+001
2.945090e+001, 9.000000e+001
3.037319e+001, 9.000000e+001
3.128660e+001, 9.000000e+001
3.219013e+001, 9.000000e+001
3.308281e+001, 9.000000e+001
3.396368e+001, 9.000000e+001
3.483181e+001, 9.000000e+001
3.568628e+001, 9.000000e+001
3.652622e+001, 9.000000e+001
3.735077e+001, 9.000000e+001
3.815912e+001, 9.000000e+001
3.895049e+001, 9.000000e+001
3.972414e+001, 9.000000e+001
4.047937e+001, 9.000000e+001
4.121551e+001, 9.000000e+001
4.193195e+001, 9.000000e+001
4.262811e+001, 9.000000e+001
4.330347e+001, 9.000000e+001
4.395755e+001, 9.000000e+001
4.458989e+001, 9.000000e+001
4.520011e+001, 9.000000e+001
4.578785e+001, 9.000000e+001
4.635279e+001, 9.000000e+001
4.689467e+001, 9.000000e+001
4.741326e+001, 9.000000e+001
4.790834e+001, 9.000000e+001
4.837976e+001, 9.000000e+001
4.882739e+001, 9.000000e+001
4.925111e+001, 9.000000e+001
4.965085e+001, 9.000000e+001
5.002655e+001, 9.000000e+001
5.037816e+001, 9.000000e+001
5.070565e+001, 9.000000e+001
5.100900e+001, 9.000000e+001
5.128820e+001, 9.000000e+001
5.154323e+001, 9.000000e+001
5.177409e+001, 9.000000e+001
5.198075e+001, 9.000000e+001
5.216318e+001, 9.000000e+001
5.232134e+001, 9.000000e+001
5.245517e+001, 9.000000e+001
5.256458e+001, 9.000000e+001
5.264947e+001, 9.000000e+001
5.270970e+001, 9.000000e+001
5.274512e+001, 9.000000e+001
5.275553e+001, 9.000000e+001
5.274070e+001, 9.000000e+001
5.270038e+001, 9.000000e+001
5.263426e+001, 9.000000e+001
5.254201e+001, 9.000000e+001
5.242326e+001, 9.000000e+001
5.227760e+001, 9.000000e+001
5.210458e+001, 9.000000e+001
5.190373e+001, 9.000000e+001
5.167454e+001, 9.000000e+001
5.141647e+001, 9.000000e+001
5.112894e+001, 9.000000e+001
5.081137e+001, 9.000000e+001
5.046314e+001, 9.000000e+001
5.008362e+001, 9.000000e+001
4.967217e+001, 9.000000e+001
4.922814e+001, 9.000000e+001
4.875088e+001, 9.000000e+001
4.823976e+001, 9.000000e+001
4.769413e+001, 9.000000e+001
4.711338e+001, 9.000000e+001
4.649692e+001, 9.000000e+001
4.584418e+001, 9.000000e+001
4.515465e+001, 9.000000e+001
4.442783e+001, 9.000000e+001
4.366331e+001, 9.000000e+001
4.286071e+001, 9.000000e+001
4.201972e+001, 9.000000e+001
4.114010e+001, 9.000000e+001
4.022171e+001, 9.000000e+001
3.926446e+001, 9.000000e+001
3.826836e+001, 9.000000e+001
3.723353e+001, 9.000000e+001
3.616018e+001, 9.000000e+001
3.504861e+001, 9.000000e+001
3.389924e+001, 9.000000e+001
3.271260e+001, 9.000000e+001
3.148933e+001, 9.000000e+001
3.023018e+001, 9.000000e+001
2.893603e+001, 9.000000e+001
2.760786e+001, 9.000000e+001
2.624678e+001, 9.000000e+001
2.485401e+001, 9.000000e+001
2.343086e+001, 9.000000e+001
2.197880e+001, 9.000000e+001
2.049936e+001, 9.000000e+001
1.899419e+001, 9.000000e+001
1.746506e+001, 9.000000e+001
1.591380e+001, 9.000000e+001
1.434235e+001, 9.000000e+001
1.275272e+001, 9.000000e+001
1.114700e+001, 9.000000e+001
9.527341e+000, 9.000000e+001
7.895965e+000, 9.000001e+001
6.255133e+000, 9.000001e+001
4.607151e+000, 9.000001e+001
2.954358e+000, 9.000002e+001
1.299115e+000, 9.000004e+001
3.562003e-001, 2.699999e+002
2.009209e+000, 2.700000e+002
3.657536e+000, 2.700000e+002
5.298821e+000, 2.700000e+002
6.930729e+000, 2.700000e+002
8.550958e+000, 2.700000e+002
1.015725e+001, 2.700000e+002
1.174740e+001, 2.700000e+002
1.331926e+001, 2.700000e+002
1.487076e+001, 2.700000e+002
1.639989e+001, 2.700000e+002
1.790475e+001, 2.700000e+002
1.938352e+001, 2.700000e+002
2.083447e+001, 2.700000e+002
2.225598e+001, 2.700000e+002
2.364656e+001, 2.700000e+002
2.500480e+001, 2.700000e+002
2.632945e+001, 2.700000e+002
2.761935e+001, 2.700000e+002
2.887348e+001, 2.700000e+002
3.009096e+001, 2.700000e+002
3.127104e+001, 2.700000e+002
3.241307e+001, 2.700000e+002
3.351658e+001, 2.700000e+002
3.458120e+001, 2.700000e+002
3.560671e+001, 2.700000e+002
3.659300e+001, 2.700000e+002
3.754013e+001, 2.700000e+002
3.844823e+001, 2.700000e+002
3.931759e+001, 2.700000e+002
4.014862e+001, 2.700000e+002
4.094183e+001, 2.700000e+002
4.169784e+001, 2.700000e+002
4.241737e+001, 2.700000e+002
4.310126e+001, 2.700000e+002
4.375041e+001, 2.700000e+002
4.436583e+001, 2.700000e+002
4.494860e+001, 2.700000e+002
4.549985e+001, 2.700000e+002
4.602081e+001, 2.700000e+002
4.651273e+001, 2.700000e+002
4.697691e+001, 2.700000e+002
4.741470e+001, 2.700000e+002
4.782748e+001, 2.700000e+002
4.821662e+001, 2.700000e+002
4.858352e+001, 2.700000e+002
4.892959e+001, 2.700000e+002
4.925622e+001, 2.700000e+002
4.956479e+001, 2.700000e+002
4.985663e+001, 2.700000e+002
5.013307e+001, 2.700000e+002
5.039538e+001, 2.700000e+002
5.064479e+001, 2.700000e+002
5.088245e+001, 2.700000e+002
5.110947e+001, 2.700000e+002
5.132688e+001, 2.700000e+002
5.153563e+001, 2.700000e+002
5.173657e+001, 2.700000e+002
5.193049e+001, 2.700000e+002
5.211806e+001, 2.700000e+002
5.229985e+001, 2.700000e+002
5.247634e+001, 2.700000e+002
5.264790e+001, 2.700000e+002
5.281478e+001, 2.700000e+002
5.297711e+001, 2.700000e+002
5.313493e+001, 2.700000e+002
5.328814e+001, 2.700000e+002
5.343654e+001, 2.700000e+002
5.357982e+001, 2.700000e+002
5.371753e+001, 2.700000e+002
5.384913e+001, 2.700000e+002
5.397397e+001, 2.700000e+002
5.409128e+001, 2.700000e+002
5.420019e+001, 2.700000e+002
5.429974e+001, 2.700000e+002
5.438887e+001, 2.700000e+002
5.446643e+001, 2.700000e+002
5.453119e+001, 2.700000e+002
5.458185e+001, 2.700000e+002
5.461702e+001, 2.700000e+002
5.463526e+001, 2.700000e+002
5.463510e+001, 2.700000e+002
5.461498e+001, 2.700000e+002
5.457333e+001, 2.700000e+002
5.450856e+001, 2.700000e+002
5.441902e+001, 2.700000e+002
5.430310e+001, 2.700000e+002
5.415915e+001, 2.700000e+002
5.398554e+001, 2.700000e+002
5.378067e+001, 2.700000e+002
5.354295e+001, 2.700000e+002
5.327082e+001, 2.700000e+002
5.296280e+001, 2.700000e+002
5.261742e+001, 2.700000e+002
5.223331e+001, 2.700000e+002
5.180914e+001, 2.700000e+002
5.134368e+001, 2.700000e+002
5.083578e+001, 2.700000e+002
5.028438e+001, 2.700000e+002
4.968853e+001, 2.700000e+002
4.904739e+001, 2.700000e+002
4.836022e+001, 2.700000e+002
4.762641e+001, 2.700000e+002
4.684547e+001, 2.700000e+002
4.601705e+001, 2.700000e+002
4.514092e+001, 2.700000e+002
4.421698e+001, 2.700000e+002
4.324529e+001, 2.700000e+002
4.222603e+001, 2.700000e+002
4.115953e+001, 2.700000e+002
4.004625e+001, 2.700000e+002
3.888682e+001, 2.700000e+002
3.768198e+001, 2.700000e+002
3.643261e+001, 2.700000e+002
3.513975e+001, 2.700000e+002
3.380456e+001, 2.700000e+002
3.242833e+001, 2.700000e+002
3.101247e+001, 2.700000e+002
2.955852e+001, 2.700000e+002
2.806815e+001, 2.700000e+002
2.654311e+001, 2.700000e+002
2.498528e+001, 2.700000e+002
2.339662e+001, 2.700000e+002
2.177920e+001, 2.700000e+002
2.013516e+001, 2.700000e+002
1.846671e+001, 2.700000e+002
1.677615e+001, 2.700000e+002
1.506580e+001, 2.700000e+002
1.333808e+001, 2.700000e+002
1.159540e+001, 2.700000e+002
9.840230e+000, 2.700000e+002
8.075065e+000, 2.700000e+002
6.302400e+000, 2.700000e+002
4.524739e+000, 2.700000e+002
2.744580e+000, 2.700000e+002
9.644088e-001, 2.700000e+002
8.133146e-001, 8.999994e+001
2.586161e+000, 8.999998e+001
4.351741e+000, 8.999999e+001
6.107714e+000, 8.999999e+001
7.851796e+000, 8.999999e+001
9.581765e+000, 9.000000e+001
1.129547e+001, 9.000000e+001
1.299084e+001, 9.000000e+001
1.466588e+001, 9.000000e+001
1.631869e+001, 9.000000e+001
1.794746e+001, 9.000000e+001
1.955048e+001, 9.000000e+001
2.112612e+001, 9.000000e+001
2.267289e+001, 9.000000e+001
2.418937e+001, 9.000000e+001
2.567428e+001, 9.000000e+001
2.712642e+001, 9.000000e+001
2.854472e+001, 9.000000e+001
2.992821e+001, 9.000000e+001
3.127602e+001, 9.000000e+001
3.258739e+001, 9.000000e+001
3.386168e+001, 9.000000e+001
3.509834e+001, 9.000000e+001
3.629691e+001, 9.000000e+001
3.745704e+001, 9.000000e+001
3.857847e+001, 9.000000e+001
3.966100e+001, 9.000000e+001
4.070456e+001, 9.000000e+001
4.170911e+001, 9.000000e+001
4.267472e+001, 9.000000e+001
4.360149e+001, 9.000000e+001
4.448961e+001, 9.000000e+001
4.533931e+001, 9.000000e+001
4.615087e+001, 9.000000e+001
4.692462e+001, 9.000000e+001
4.766093e+001, 9.000000e+001
4.836018e+001, 9.000000e+001
4.902280e+001, 9.000000e+001
4.964923e+001, 9.000000e+001
5.023993e+001, 9.000000e+001
5.079536e+001, 9.000000e+001
5.131600e+001, 9.000000e+001
5.180233e+001, 9.000000e+001
5.225482e+001, 9.000000e+001
5.267394e+001, 9.000000e+001
5.306014e+001, 9.000000e+001
5.341388e+001, 9.000000e+001
5.373558e+001, 9.000000e+001
5.402567e+001, 9.000000e+001
5.428455e+001, 9.000000e+001
5.451258e+001, 9.000000e+001
5.471014e+001, 9.000000e+001
5.487757e+001, 9.000000e+001
5.501518e+001, 9.000000e+001
5.512328e+001, 9.000000e+001
5.520215e+001, 9.000000e+001
5.525205e+001, 9.000000e+001
5.527323e+001, 9.000000e+001
5.526594e+001, 9.000000e+001
5.523038e+001, 9.000000e+001
5.516678e+001, 9.000000e+001
5.507534e+001, 9.000000e+001
5.495626e+001, 9.000000e+001
5.480974e+001, 9.000000e+001
5.463599e+001, 9.000000e+001
5.443520e+001, 9.000000e+001
5.420759e+001, 9.000000e+001
5.395338e+001, 9.000000e+001
5.367281e+001, 9.000000e+001
5.336614e+001, 9.000000e+001
5.303362e+001, 9.000000e+001
5.267557e+001, 9.000000e+001
5.229230e+001, 9.000000e+001
5.188415e+001, 9.000000e+001
5.145151e+001, 9.000000e+001
5.099477e+001, 9.000000e+001
5.051439e+001, 9.000000e+001
5.001083e+001, 9.000000e+001
4.948462e+001, 9.000000e+001
4.893629e+001, 9.000000e+001
4.836644e+001, 9.000000e+001
4.777568e+001, 9.000000e+001
4.716469e+001, 9.000000e+001
4.653416e+001, 9.000000e+001
4.588483e+001, 9.000000e+001
4.521747e+001, 9.000000e+001
4.453289e+001, 9.000000e+001
4.383193e+001, 9.000000e+001
4.311546e+001, 9.000000e+001
4.238439e+001, 9.000000e+001
4.163963e+001, 9.000000e+001
4.088215e+001, 9.000000e+001
4.011292e+001, 9.000000e+001
3.933293e+001, 9.000000e+001
3.854319e+001, 9.000000e+001
3.774471e+001, 9.000000e+001
3.693853e+001, 9.000000e+001
3.612568e+001, 9.000000e+001
3.530719e+001, 9.000000e+001
3.448410e+001, 9.000000e+001
3.365743e+001, 9.000000e+001
3.282819e+001, 9.000000e+001
3.199739e+001, 9.000000e+001
3.116602e+001, 9.000000e+001
3.033503e+001, 9.000000e+001
2.950537e+001, 9.000000e+001
2.867795e+001, 9.000000e+001
2.785365e+001, 9.000000e+001
2.703332e+001, 9.000000e+001
2.621776e+001, 9.000000e+001
2.540773e+001, 9.000000e+001
2.460398e+001, 9.000000e+001
2.380716e+001, 9.000000e+001
2.301793e+001, 9.000000e+001
2.223684e+001, 9.000000e+001
2.146445e+001, 9.000000e+001
2.070121e+001, 9.000000e+001
1.994755e+001, 9.000000e+001
1.920383e+001, 9.000000e+001
1.847037e+001, 9.000000e+001
1.774741e+001, 9.000000e+001
1.703515e+001, 9.000000e+001
1.633372e+001, 9.000000e+001
1.564319e+001, 8.999999e+001
1.496360e+001, 8.999999e+001
1.429491e+001, 8.999999e+001
1.363703e+001, 8.999999e+001
1.298981e+001, 8.999999e+001
1.235308e+001, 8.999999e+001
1.172658e+001, 8.999999e+001
1.111003e+001, 8.999999e+001
1.050310e+001, 8.999999e+001
9.905423e+000, 8.999999e+001
9.316582e+000, 8.999999e+001
8.736136e+000, 8.999999e+001
8.163612e+000, 8.999999e+001
7.598509e+000, 8.999999e+001
7.040306e+000, 8.999999e+001
6.488461e+000, 8.999999e+001
5.942419e+000, 8.999998e+001
5.401617e+000, 8.999998e+001
4.865486e+000, 8.999998e+001
4.333458e+000, 8.999998e+001
3.804969e+000, 8.999998e+001
3.279466e+000, 8.999997e+001
2.756408e+000, 8.999997e+001
2.235276e+000, 8.999996e+001
1.715571e+000, 8.999995e+001
1.196826e+000, 8.999993e+001
6.786026e-001, 8.999987e+001
1.605007e-001, 8.999948e+001
3.578405e-001, 2.700002e+002
8.767376e-001, 2.700001e+002
1.396461e+000, 2.700001e+002
1.917230e+000, 2.700000e+002
2.439212e+000, 2.700000e+002
2.962520e+000, 2.700000e+002
3.487210e+000, 2.700000e+002
4.013281e+000, 2.700000e+002
4.540671e+000, 2.700000e+002
5.069260e+000, 2.700000e+002
5.598868e+000, 2.700000e+002
6.129257e+000, 2.700000e+002
6.660127e+000, 2.700000e+002
7.191125e+000, 2.700000e+002
7.721840e+000, 2.700000e+002
8.251809e+000, 2.700000e+002
8.780516e+000, 2.700000e+002
9.307400e+000, 2.700000e+002
9.831854e+000, 2.700000e+002
1.035323e+001, 2.700000e+002
1.087085e+001, 2.700000e+002
1.138398e+001, 2.700000e+002
1.189189e+001, 2.700000e+002
1.239381e+001, 2.700000e+002
1.288895e+001, 2.700000e+002
1.337652e+001, 2.700000e+002
1.385570e+001, 2.700000e+002
1.432568e+001, 2.700000e+002
1.478566e+001, 2.700000e+002
1.523484e+001, 2.700000e+002
1.567243e+001, 2.700000e+002
1.609766e+001, 2.700000e+002
1.650979e+001, 2.700000e+002
1.690810e+001, 2.700000e+002
1.729190e+001, 2.700000e+002
1.766055e+001, 2.700000e+002
1.801343e+001, 2.700000e+002
1.835000e+001, 2.700000e+002
1.866972e+001, 2.700000e+002
1.897213e+001, 2.700000e+002
1.925684e+001, 2.700000e+002
1.952347e+001, 2.700000e+002
1.977173e+001, 2.700000e+002
2.000139e+001, 2.700000e+002
2.021226e+001, 2.700000e+002
2.040422e+001, 2.700000e+002
2.057722e+001, 2.700000e+002
2.073126e+001, 2.700000e+002
2.086640e+001, 2.700000e+002
2.098276e+001, 2.700000e+002
2.108052e+001, 2.700000e+002
2.115990e+001, 2.700000e+002
2.122119e+001, 2.700000e+002
2.126471e+001, 2.700000e+002
2.129085e+001, 2.700000e+002
2.130003e+001, 2.700000e+002
2.129270e+001, 2.700000e+002
2.126936e+001, 2.700000e+002
2.123053e+001, 2.700000e+002
2.117677e+001, 2.700000e+002
2.110865e+001, 2.700000e+002
2.102676e+001, 2.700000e+002
2.093169e+001, 2.700000e+002
2.082407e+001, 2.700000e+002
2.070450e+001, 2.700000e+002
2.057360e+001, 2.700000e+002
2.043197e+001, 2.700000e+002
2.028021e+001, 2.700000e+002
2.011888e+001, 2.700000e+002
1.994855e+001, 2.700000e+002
1.976975e+001, 2.700000e+002
1.958299e+001, 2.700000e+002
1.938872e+001, 2.700000e+002
1.918740e+001, 2.700000e+002
1.897940e+001, 2.700000e+002
1.876510e+001, 2.700000e+002
1.854480e+001, 2.700000e+002
1.831875e+001, 2.700000e+002
1.808719e+001, 2.700000e+002
1.785027e+001, 2.700000e+002
1.760810e+001, 2.700000e+002
1.736076e+001, 2.700000e+002
1.710826e+001, 2.700000e+002
1.685055e+001, 2.700000e+002
1.658756e+001, 2.700000e+002
1.631914e+001, 2.700000e+002
1.604512e+001, 2.700000e+002
1.576526e+001, 2.700000e+002
1.547930e+001, 2.700000e+002
1.518692e+001, 2.700000e+002
1.488778e+001, 2.700000e+002
1.458150e+001, 2.700000e+002
1.426766e+001, 2.700000e+002
1.394584e+001, 2.700000e+002
1.361556e+001, 2.700000e+002
1.327637e+001, 2.700000e+002
1.292777e+001, 2.700000e+002
1.256927e+001, 2.700000e+002
1.220037e+001, 2.700000e+002
1.182058e+001, 2.700000e+002
1.142942e+001, 2.700000e+002
1.102641e+001, 2.700000e+002
1.061111e+001, 2.700000e+002
1.018307e+001, 2.700000e+002
9.741915e+000, 2.700000e+002
9.287261e+000, 2.700000e+002
8.818785e+000, 2.700000e+002
8.336200e+000, 2.700000e+002
7.839270e+000, 2.700000e+002
7.327808e+000, 2.700000e+002
6.801683e+000, 2.700000e+002
6.260823e+000, 2.700000e+002
5.705219e+000, 2.700000e+002
5.134928e+000, 2.700000e+002
4.550071e+000, 2.700000e+002
3.950842e+000, 2.700000e+002
3.337506e+000, 2.700000e+002
2.710399e+000, 2.700000e+002
2.069931e+000, 2.700000e+002
1.416587e+000, 2.700000e+002
7.509213e-001, 2.700000e+002
7.356530e-002, 2.699999e+002
6.147804e-001, 9.000001e+001
1.313345e+000, 9.000001e+001
2.021289e+000, 9.000000e+001
2.737710e+000, 9.000000e+001
3.461642e+000, 9.000000e+001
4.192059e+000, 9.000000e+001
4.927882e+000, 9.000000e+001
5.667983e+000, 9.000000e+001
6.411184e+000, 9.000000e+001
7.156271e+000, 9.000000e+001
7.901991e+000, 9.000000e+001
8.647063e+000, 9.000000e+001
9.390183e+000, 9.000000e+001
1.013003e+001, 9.000000e+001
1.086526e+001, 9.000000e+001
1.159455e+001, 9.000000e+001
1.231655e+001, 9.000000e+001
1.302993e+001, 9.000000e+001
1.373338e+001, 9.000000e+001
1.442561e+001, 9.000000e+001
1.510535e+001, 9.000000e+001
1.577137e+001, 9.000000e+001
1.642247e+001, 9.000000e+001
1.705751e+001, 9.000000e+001
1.767540e+001, 9.000000e+001
1.827510e+001, 9.000000e+001
1.885563e+001, 9.000000e+001
1.941608e+001, 9.000000e+001
1.995562e+001, 9.000000e+001
2.047349e+001, 9.000000e+001
2.096900e+001, 9.000000e+001
2.144155e+001, 9.000000e+001
2.189061e+001, 9.000000e+001
2.231576e+001, 9.000000e+001
2.271665e+001, 9.000000e+001
2.309301e+001, 9.000000e+001
2.344469e+001, 9.000000e+001
2.377159e+001, 9.000000e+001
2.407373e+001, 9.000000e+001
2.435118e+001, 9.000000e+001
2.460414e+001, 9.000000e+001
2.483287e+001, 9.000000e+001
2.503769e+001, 9.000000e+001
2.521904e+001, 9.000000e+001
2.537741e+001, 9.000000e+001
2.551335e+001, 9.000000e+001
2.562751e+001, 9.000000e+001
2.572057e+001, 9.000000e+001
2.579329e+001, 9.000000e+001
2.584648e+001, 9.000000e+001
2.588099e+001, 9.000000e+001
2.589771e+001, 9.000000e+001
2.589759e+001, 9.000000e+001
2.588160e+001, 9.000000e+001
2.585074e+001, 9.000000e+001
2.580603e+001, 9.000000e+001
2.574850e+001, 9.000000e+001
2.567922e+001, 9.000000e+001
2.559923e+001, 9.000000e+001
2.550960e+001, 9.000000e+001
2.541140e+001, 9.000000e+001
2.530566e+001, 9.000000e+001
2.519343e+001, 9.000000e+001
2.507574e+001, 9.000000e+001
2.495358e+001, 9.000000e+001
2.482794e+001, 9.000000e+001
2.469977e+001, 9.000000e+001
2.456998e+001, 9.000000e+001
2.443946e+001, 9.000000e+001
2.430906e+001, 9.000000e+001
2.417958e+001, 9.000000e+001
2.405181e+001, 9.000000e+001
2.392645e+001, 9.000000e+001
2.380418e+001, 9.000000e+001
2.368564e+001, 9.000000e+001
2.357141e+001, 9.000000e+001
2.346202e+001, 9.000000e+001
2.335796e+001, 9.000000e+001
2.325966e+001, 9.000000e+001
2.316751e+001, 9.000000e+001
2.308184e+001, 9.000000e+001
2.300295e+001, 9.000000e+001
2.293106e+001, 9.000000e+001
2.286638e+001, 9.000000e+001
2.280904e+001, 9.000000e+001
2.275914e+001, 9.000000e+001
2.271675e+001, 9.000000e+001
2.268188e+001, 9.000000e+001
2.265450e+001, 9.000000e+001
2.263454e+001, 9.000000e+001
2.262190e+001, 9.000000e+001
2.261645e+001, 9.000000e+001
2.261802e+001, 9.000000e+001
2.262641e+001, 9.000000e+001
2.264139e+001, 9.000000e+001
2.266270e+001, 9.000000e+001
2.269008e+001, 9.000000e+001
2.272321e+001, 9.000000e+001
2.276177e+001, 9.000000e+001
2.280544e+001, 9.000000e+001
5.710126e+001, 9.000000e+001
5.651219e+001, 9.000000e+001
5.591779e+001, 9.000000e+001
5.531876e+001, 9.000000e+001
5.471581e+001, 9.000000e+001
5.410956e+001, 9.000000e+001
5.350061e+001, 9.000000e+001
5.288950e+001, 9.000000e+001
5.227674e+001, 9.000000e+001
5.166279e+001, 9.000000e+001
5.104807e+001, 9.000000e+001
5.043298e+001, 9.000000e+001
4.981787e+001, 9.000000e+001
4.920306e+001, 9.000000e+001
4.858883e+001, 9.000000e+001
4.797546e+001, 9.000000e+001
4.736317e+001, 9.000000e+001
4.675217e+001, 9.000000e+001
4.614266e+001, 9.000000e+001
4.553479e+001, 9.000000e+001
4.492872e+001, 9.000000e+001
4.432457e+001, 9.000000e+001
4.372247e+001, 9.000000e+001
4.312250e+001, 9.000000e+001
4.252476e+001, 9.000000e+001
4.192932e+001, 9.000000e+001
4.133624e+001, 9.000000e+001
4.074558e+001, 9.000000e+001
4.015738e+001, 9.000000e+001
3.957168e+001, 9.000000e+001
3.898851e+001, 9.000000e+001
3.840788e+001, 9.000000e+001
3.782980e+001, 9.000000e+001
3.725428e+001, 9.000000e+001
3.668132e+001, 9.000000e+001
3.611089e+001, 9.000000e+001
3.554299e+001, 9.000000e+001
3.497757e+001, 9.000000e+001
3.441459e+001, 9.000000e+001
3.385402e+001, 9.000000e+001
3.329579e+001, 9.000000e+001
3.273982e+001, 9.000000e+001
3.218604e+001, 9.000000e+001
3.163435e+001, 9.000000e+001
3.108465e+001, 9.000000e+001
3.053681e+001, 9.000000e+001
2.999072e+001, 9.000000e+001
2.944622e+001, 9.000000e+001
2.890316e+001, 9.000000e+001
2.836137e+001, 9.000000e+001
2.782067e+001, 9.000000e+001
2.728086e+001, 9.000000e+001
2.674173e+001, 9.000000e+001
2.620308e+001, 9.000000e+001
2.566468e+001, 9.000000e+001
2.512628e+001, 9.000000e+001
2.458765e+001, 9.000000e+001
2.404854e+001, 9.000000e+001
2.350870e+001, 9.000000e+001
2.296786e+001, 9.000000e+001
2.242579e+001, 9.000000e+001
2.188221e+001, 9.000000e+001
2.133689e+001, 9.000000e+001
2.078958e+001, 9.000000e+001
2.024006e+001, 9.000000e+001
1.968810e+001, 9.000000e+001
1.913351e+001, 9.000000e+001
1.857610e+001, 9.000000e+001
1.801572e+001, 9.000000e+001
1.745223e+001, 9.000000e+001
1.688554e+001, 9.000000e+001
1.631556e+001, 9.000000e+001
1.574228e+001, 9.000000e+001
1.516570e+001, 9.000000e+001
1.458588e+001, 9.000000e+001
1.400290e+001, 9.000000e+001
1.341693e+001, 9.000000e+001
1.282817e+001, 9.000000e+001
1.223687e+001, 9.000000e+001
1.164336e+001, 9.000000e+001
1.104802e+001, 9.000000e+001
1.045130e+001, 9.000000e+001
9.853703e+000, 9.000000e+001
9.255822e+000, 9.000000e+001
8.658306e+000, 9.000000e+001
8.061880e+000, 9.000000e+001
7.467341e+000, 9.000000e+001
6.875560e+000, 9.000000e+001
6.287482e+000, 9.000001e+001
5.704124e+000, 9.000001e+001
5.126579e+000, 9.000001e+001
4.556011e+000, 9.000001e+001
3.993656e+000, 9.000001e+001
3.440821e+000, 9.000001e+001
2.898878e+000, 9.000001e+001
2.369269e+000, 9.000001e+001
1.853497e+000, 9.000001e+001
1.353125e+000, 9.000002e+001
8.697725e-001, 9.000003e+001
4.051137e-001, 9.000006e+001
3.912945e-002, 2.699994e+002
4.611899e-001, 2.700000e+002
8.592607e-001, 2.700000e+002
1.231500e+000, 2.700000e+002
1.576035e+000, 2.700000e+002
1.890969e+000, 2.700000e+002
2.174388e+000, 2.700000e+002
2.424361e+000, 2.700000e+002
2.638955e+000, 2.700000e+002
2.816230e+000, 2.700000e+002
2.954255e+000, 2.700000e+002
3.051108e+000, 2.700000e+002
3.104887e+000, 2.700000e+002
3.113709e+000, 2.700000e+002
3.075724e+000, 2.700000e+002
2.989117e+000, 2.700000e+002
2.852115e+000, 2.700000e+002
2.662991e+000, 2.700000e+002
2.420072e+000, 2.700000e+002
2.121746e+000, 2.700000e+002
1.766462e+000, 2.700000e+002
1.352740e+000, 2.700000e+002
8.791758e-001, 2.700000e+002
3.444414e-001, 2.700000e+002
2.527057e-001, 8.999999e+001
9.134207e-001, 9.000000e+001
1.638767e+000, 9.000000e+001
2.429714e+000, 9.000000e+001
3.287131e+000, 9.000000e+001
4.211786e+000, 9.000000e+001
5.204344e+000, 9.000000e+001
6.265362e+000, 9.000000e+001
7.395288e+000, 9.000000e+001
8.594461e+000, 9.000000e+001
9.863104e+000, 9.000000e+001
1.120133e+001, 9.000000e+001
1.260914e+001, 9.000000e+001
1.408640e+001, 9.000000e+001
1.563289e+001, 9.000000e+001
1.724824e+001, 9.000000e+001
1.893200e+001, 9.000000e+001
2.068357e+001, 9.000000e+001
2.250224e+001, 9.000000e+001
2.438719e+001, 9.000000e+001
2.633747e+001, 9.000000e+001
2.835204e+001, 9.000000e+001
3.042970e+001, 9.000000e+001
3.256917e+001, 9.000000e+001
3.476904e+001, 9.000000e+001
3.702777e+001, 9.000000e+001
3.934374e+001, 9.000000e+001
4.171517e+001, 9.000000e+001
4.414020e+001, 9.000000e+001
4.661684e+001, 9.000000e+001
4.914298e+001, 9.000000e+001
5.171641e+001, 9.000000e+001
5.433479e+001, 9.000000e+001
5.699568e+001, 9.000000e+001
5.969652e+001, 9.000000e+001
6.243463e+001, 9.000000e+001
6.520723e+001, 9.000000e+001
6.801142e+001, 9.000000e+001
7.084418e+001, 9.000000e+001
7.370238e+001, 9.000000e+001
7.658279e+001, 9.000000e+001
7.948205e+001, 9.000000e+001
8.239670e+001, 9.000000e+001
8.532316e+001, 9.000000e+001
8.825776e+001, 9.000000e+001
9.119669e+001, 9.000000e+001
9.413607e+001, 9.000000e+001
9.707187e+001, 9.000000e+001
1.000000e+002, 9.000000e+001
##END
