##TITLE= Pf1-1t4-0h9662
##JCAMP-DX= 5.00 Bruker JCAMP library
##DATA TYPE= Shape Data
##ORIGIN= Bruker BioSpin GmbH
##OWNER= <Alexej Jerschow>
##DATE= 2009/01/20
##TIME= 17:13:57
##$SHAPE_PARAMETERS= 
##MINX= 7.022052e-003
##MAXX= 1.000000e+002
##MINY= 8.999987e+001
##MAXY= 2.700001e+002
##$SHAPE_EXMODE= 
##$SHAPE_TOTROT= 
##$SHAPE_TYPE= 
##$SHAPE_USER_DEF= 
##$SHAPE_REPHFAC= 
##$SHAPE_BWFAC= 
##$SHAPE_BWFAC50= 
##$SHAPE_INTEGFAC= 
##$SHAPE_MODE= 
##NPOINTS= 1000
##XYPOINTS= (XY..XY)
1.289002e+001, 9.000000e+001
1.326991e+001, 9.000000e+001
1.364745e+001, 9.000000e+001
1.402242e+001, 9.000000e+001
1.439463e+001, 9.000000e+001
1.476388e+001, 9.000000e+001
1.513003e+001, 9.000000e+001
1.549295e+001, 9.000000e+001
1.585253e+001, 9.000000e+001
1.620870e+001, 9.000000e+001
1.656139e+001, 9.000000e+001
1.691059e+001, 9.000000e+001
1.725629e+001, 9.000000e+001
1.759849e+001, 9.000000e+001
1.793726e+001, 9.000000e+001
1.827264e+001, 9.000000e+001
1.860472e+001, 9.000000e+001
1.893360e+001, 9.000000e+001
1.925939e+001, 9.000000e+001
1.958222e+001, 9.000000e+001
1.990225e+001, 9.000000e+001
2.021962e+001, 9.000000e+001
2.053449e+001, 9.000000e+001
2.084703e+001, 9.000000e+001
2.115743e+001, 9.000000e+001
2.146584e+001, 9.000000e+001
2.177243e+001, 9.000000e+001
2.207739e+001, 9.000000e+001
2.238087e+001, 9.000000e+001
2.268301e+001, 9.000000e+001
2.298397e+001, 9.000000e+001
2.328387e+001, 9.000000e+001
2.358281e+001, 9.000000e+001
2.388090e+001, 9.000000e+001
2.417820e+001, 9.000000e+001
2.447477e+001, 9.000000e+001
2.477063e+001, 9.000000e+001
2.506578e+001, 9.000000e+001
2.536019e+001, 9.000000e+001
2.565382e+001, 9.000000e+001
2.594656e+001, 9.000000e+001
2.623832e+001, 9.000000e+001
2.652894e+001, 9.000000e+001
2.681825e+001, 9.000000e+001
2.710603e+001, 9.000000e+001
2.739205e+001, 9.000000e+001
2.767604e+001, 9.000000e+001
2.795770e+001, 9.000000e+001
2.823669e+001, 9.000000e+001
2.851265e+001, 9.000000e+001
2.878521e+001, 9.000000e+001
2.905393e+001, 9.000000e+001
2.931839e+001, 9.000000e+001
2.957811e+001, 9.000000e+001
2.983263e+001, 9.000000e+001
3.008144e+001, 9.000000e+001
3.032401e+001, 9.000000e+001
3.055982e+001, 9.000000e+001
3.078832e+001, 9.000000e+001
3.100896e+001, 9.000000e+001
3.122118e+001, 9.000000e+001
3.142441e+001, 9.000000e+001
3.161808e+001, 9.000000e+001
3.180164e+001, 9.000000e+001
3.197453e+001, 9.000000e+001
3.213619e+001, 9.000000e+001
3.228608e+001, 9.000000e+001
3.242368e+001, 9.000000e+001
3.254847e+001, 9.000000e+001
3.265996e+001, 9.000000e+001
3.275767e+001, 9.000000e+001
3.284116e+001, 9.000000e+001
3.291001e+001, 9.000000e+001
3.296381e+001, 9.000000e+001
3.300221e+001, 9.000000e+001
3.302486e+001, 9.000000e+001
3.303147e+001, 9.000000e+001
3.302178e+001, 9.000000e+001
3.299555e+001, 9.000000e+001
3.295259e+001, 9.000000e+001
3.289276e+001, 9.000000e+001
3.281593e+001, 9.000000e+001
3.272204e+001, 9.000000e+001
3.261105e+001, 9.000000e+001
3.248297e+001, 9.000000e+001
3.233784e+001, 9.000000e+001
3.217576e+001, 9.000000e+001
3.199683e+001, 9.000000e+001
3.180123e+001, 9.000000e+001
3.158916e+001, 9.000000e+001
3.136084e+001, 9.000000e+001
3.111655e+001, 9.000000e+001
3.085658e+001, 9.000000e+001
3.058128e+001, 9.000000e+001
3.029098e+001, 9.000000e+001
2.998609e+001, 9.000000e+001
2.966702e+001, 9.000000e+001
2.933418e+001, 9.000000e+001
2.898805e+001, 9.000000e+001
2.862907e+001, 9.000000e+001
2.825774e+001, 9.000000e+001
2.787455e+001, 9.000000e+001
2.747999e+001, 9.000000e+001
2.707459e+001, 9.000000e+001
2.665884e+001, 9.000000e+001
2.623326e+001, 9.000000e+001
2.579836e+001, 9.000000e+001
2.535464e+001, 9.000000e+001
2.490260e+001, 9.000000e+001
2.444273e+001, 9.000000e+001
2.397550e+001, 9.000000e+001
2.350138e+001, 9.000000e+001
2.302080e+001, 9.000000e+001
2.253419e+001, 9.000000e+001
2.204197e+001, 9.000000e+001
2.154451e+001, 9.000000e+001
2.104217e+001, 9.000000e+001
2.053529e+001, 9.000000e+001
2.002419e+001, 9.000000e+001
1.950914e+001, 9.000000e+001
1.899041e+001, 9.000000e+001
1.846824e+001, 9.000000e+001
1.794281e+001, 9.000000e+001
1.741432e+001, 9.000000e+001
1.688291e+001, 9.000000e+001
1.634870e+001, 9.000000e+001
1.581180e+001, 9.000000e+001
1.527228e+001, 9.000000e+001
1.473020e+001, 9.000000e+001
1.418557e+001, 9.000000e+001
1.363841e+001, 9.000000e+001
1.308871e+001, 9.000000e+001
1.253644e+001, 9.000000e+001
1.198156e+001, 9.000000e+001
1.142400e+001, 9.000000e+001
1.086372e+001, 9.000000e+001
1.030062e+001, 9.000000e+001
9.734626e+000, 9.000000e+001
9.165656e+000, 9.000000e+001
8.593622e+000, 9.000000e+001
8.018438e+000, 9.000000e+001
7.440020e+000, 9.000000e+001
6.858294e+000, 9.000000e+001
6.273191e+000, 9.000000e+001
5.684653e+000, 9.000000e+001
5.092636e+000, 9.000000e+001
4.497110e+000, 9.000000e+001
3.898061e+000, 9.000000e+001
3.295495e+000, 9.000000e+001
2.689437e+000, 9.000001e+001
2.079935e+000, 9.000001e+001
1.467059e+000, 9.000001e+001
8.509038e-001, 9.000001e+001
2.315875e-001, 9.000004e+001
3.907446e-001, 2.700000e+002
1.015922e+000, 2.700000e+002
1.643747e+000, 2.700000e+002
2.273998e+000, 2.700000e+002
2.906425e+000, 2.700000e+002
3.540753e+000, 2.700000e+002
4.176683e+000, 2.700000e+002
4.813893e+000, 2.700000e+002
5.452035e+000, 2.700000e+002
6.090744e+000, 2.700000e+002
6.729631e+000, 2.700000e+002
7.368292e+000, 2.700000e+002
8.006303e+000, 2.700000e+002
8.643228e+000, 2.700000e+002
9.278619e+000, 2.700000e+002
9.912016e+000, 2.700000e+002
1.054295e+001, 2.700000e+002
1.117095e+001, 2.700000e+002
1.179554e+001, 2.700000e+002
1.241624e+001, 2.700000e+002
1.303258e+001, 2.700000e+002
1.364409e+001, 2.700000e+002
1.425029e+001, 2.700000e+002
1.485073e+001, 2.700000e+002
1.544497e+001, 2.700000e+002
1.603258e+001, 2.700000e+002
1.661313e+001, 2.700000e+002
1.718622e+001, 2.700000e+002
1.775148e+001, 2.700000e+002
1.830855e+001, 2.700000e+002
1.885708e+001, 2.700000e+002
1.939676e+001, 2.700000e+002
1.992731e+001, 2.700000e+002
2.044846e+001, 2.700000e+002
2.095997e+001, 2.700000e+002
2.146165e+001, 2.700000e+002
2.195330e+001, 2.700000e+002
2.243479e+001, 2.700000e+002
2.290599e+001, 2.700000e+002
2.336682e+001, 2.700000e+002
2.381721e+001, 2.700000e+002
2.425713e+001, 2.700000e+002
2.468659e+001, 2.700000e+002
2.510560e+001, 2.700000e+002
2.551422e+001, 2.700000e+002
2.591253e+001, 2.700000e+002
2.630065e+001, 2.700000e+002
2.667869e+001, 2.700000e+002
2.704682e+001, 2.700000e+002
2.740521e+001, 2.700000e+002
2.775406e+001, 2.700000e+002
2.809359e+001, 2.700000e+002
2.842402e+001, 2.700000e+002
2.874561e+001, 2.700000e+002
2.905862e+001, 2.700000e+002
2.936333e+001, 2.700000e+002
2.966001e+001, 2.700000e+002
2.994897e+001, 2.700000e+002
3.023049e+001, 2.700000e+002
3.050488e+001, 2.700000e+002
3.077244e+001, 2.700000e+002
3.103347e+001, 2.700000e+002
3.128828e+001, 2.700000e+002
3.153716e+001, 2.700000e+002
3.178040e+001, 2.700000e+002
3.201828e+001, 2.700000e+002
3.225108e+001, 2.700000e+002
3.247905e+001, 2.700000e+002
3.270245e+001, 2.700000e+002
3.292151e+001, 2.700000e+002
3.313644e+001, 2.700000e+002
3.334744e+001, 2.700000e+002
3.355470e+001, 2.700000e+002
3.375839e+001, 2.700000e+002
3.395863e+001, 2.700000e+002
3.415556e+001, 2.700000e+002
3.434927e+001, 2.700000e+002
3.453985e+001, 2.700000e+002
3.472735e+001, 2.700000e+002
3.491182e+001, 2.700000e+002
3.509326e+001, 2.700000e+002
3.527167e+001, 2.700000e+002
3.544703e+001, 2.700000e+002
3.561930e+001, 2.700000e+002
3.578841e+001, 2.700000e+002
3.595427e+001, 2.700000e+002
3.611681e+001, 2.700000e+002
3.627590e+001, 2.700000e+002
3.643143e+001, 2.700000e+002
3.658325e+001, 2.700000e+002
3.673124e+001, 2.700000e+002
3.687524e+001, 2.700000e+002
3.701510e+001, 2.700000e+002
3.715065e+001, 2.700000e+002
3.728175e+001, 2.700000e+002
3.740823e+001, 2.700000e+002
3.752994e+001, 2.700000e+002
3.764673e+001, 2.700000e+002
3.775847e+001, 2.700000e+002
3.786502e+001, 2.700000e+002
3.796627e+001, 2.700000e+002
3.806212e+001, 2.700000e+002
3.815248e+001, 2.700000e+002
3.823728e+001, 2.700000e+002
3.831647e+001, 2.700000e+002
3.839004e+001, 2.700000e+002
3.845797e+001, 2.700000e+002
3.852029e+001, 2.700000e+002
3.857704e+001, 2.700000e+002
3.862829e+001, 2.700000e+002
3.867414e+001, 2.700000e+002
3.871472e+001, 2.700000e+002
3.875017e+001, 2.700000e+002
3.878068e+001, 2.700000e+002
3.880645e+001, 2.700000e+002
3.882770e+001, 2.700000e+002
3.884470e+001, 2.700000e+002
3.885772e+001, 2.700000e+002
3.886706e+001, 2.700000e+002
3.887305e+001, 2.700000e+002
3.887602e+001, 2.700000e+002
3.887634e+001, 2.700000e+002
3.887437e+001, 2.700000e+002
3.887050e+001, 2.700000e+002
3.886512e+001, 2.700000e+002
3.885863e+001, 2.700000e+002
3.885144e+001, 2.700000e+002
3.884395e+001, 2.700000e+002
3.883657e+001, 2.700000e+002
3.882970e+001, 2.700000e+002
3.882372e+001, 2.700000e+002
3.881901e+001, 2.700000e+002
3.881594e+001, 2.700000e+002
3.881485e+001, 2.700000e+002
3.881606e+001, 2.700000e+002
3.881988e+001, 2.700000e+002
3.882658e+001, 2.700000e+002
3.883640e+001, 2.700000e+002
3.884956e+001, 2.700000e+002
3.886623e+001, 2.700000e+002
3.888655e+001, 2.700000e+002
3.891063e+001, 2.700000e+002
3.893852e+001, 2.700000e+002
3.897026e+001, 2.700000e+002
3.900582e+001, 2.700000e+002
3.904514e+001, 2.700000e+002
3.908810e+001, 2.700000e+002
3.913458e+001, 2.700000e+002
3.918436e+001, 2.700000e+002
3.923722e+001, 2.700000e+002
3.929289e+001, 2.700000e+002
3.935104e+001, 2.700000e+002
3.941133e+001, 2.700000e+002
3.947337e+001, 2.700000e+002
3.953672e+001, 2.700000e+002
3.960095e+001, 2.700000e+002
3.966556e+001, 2.700000e+002
3.973005e+001, 2.700000e+002
3.979387e+001, 2.700000e+002
3.985649e+001, 2.700000e+002
3.991733e+001, 2.700000e+002
3.997582e+001, 2.700000e+002
4.003136e+001, 2.700000e+002
4.008337e+001, 2.700000e+002
4.013125e+001, 2.700000e+002
4.017442e+001, 2.700000e+002
4.021230e+001, 2.700000e+002
4.024432e+001, 2.700000e+002
4.026992e+001, 2.700000e+002
4.028858e+001, 2.700000e+002
4.029979e+001, 2.700000e+002
4.030306e+001, 2.700000e+002
4.029794e+001, 2.700000e+002
4.028403e+001, 2.700000e+002
4.026093e+001, 2.700000e+002
4.022831e+001, 2.700000e+002
4.018587e+001, 2.700000e+002
4.013337e+001, 2.700000e+002
4.007060e+001, 2.700000e+002
3.999740e+001, 2.700000e+002
3.991368e+001, 2.700000e+002
3.981938e+001, 2.700000e+002
3.971451e+001, 2.700000e+002
3.959912e+001, 2.700000e+002
3.947335e+001, 2.700000e+002
3.933734e+001, 2.700000e+002
3.919133e+001, 2.700000e+002
3.903560e+001, 2.700000e+002
3.887049e+001, 2.700000e+002
3.869637e+001, 2.700000e+002
3.851371e+001, 2.700000e+002
3.832298e+001, 2.700000e+002
3.812473e+001, 2.700000e+002
3.791954e+001, 2.700000e+002
3.770806e+001, 2.700000e+002
3.749095e+001, 2.700000e+002
3.726894e+001, 2.700000e+002
3.704277e+001, 2.700000e+002
3.681324e+001, 2.700000e+002
3.658116e+001, 2.700000e+002
3.634737e+001, 2.700000e+002
3.611275e+001, 2.700000e+002
3.587819e+001, 2.700000e+002
3.564458e+001, 2.700000e+002
3.541286e+001, 2.700000e+002
3.518393e+001, 2.700000e+002
3.495874e+001, 2.700000e+002
3.473822e+001, 2.700000e+002
3.452328e+001, 2.700000e+002
3.431485e+001, 2.700000e+002
3.411384e+001, 2.700000e+002
3.392113e+001, 2.700000e+002
3.373760e+001, 2.700000e+002
3.356410e+001, 2.700000e+002
3.340143e+001, 2.700000e+002
3.325039e+001, 2.700000e+002
3.311173e+001, 2.700000e+002
3.298616e+001, 2.700000e+002
3.287435e+001, 2.700000e+002
3.277692e+001, 2.700000e+002
3.269446e+001, 2.700000e+002
3.262749e+001, 2.700000e+002
3.257647e+001, 2.700000e+002
3.254183e+001, 2.700000e+002
3.252392e+001, 2.700000e+002
3.252303e+001, 2.700000e+002
3.253941e+001, 2.700000e+002
3.257322e+001, 2.700000e+002
3.262457e+001, 2.700000e+002
3.269350e+001, 2.700000e+002
3.278000e+001, 2.700000e+002
3.288396e+001, 2.700000e+002
3.300524e+001, 2.700000e+002
3.314361e+001, 2.700000e+002
3.329879e+001, 2.700000e+002
3.347043e+001, 2.700000e+002
3.365812e+001, 2.700000e+002
3.386138e+001, 2.700000e+002
3.407967e+001, 2.700000e+002
3.431242e+001, 2.700000e+002
3.455897e+001, 2.700000e+002
3.481862e+001, 2.700000e+002
3.509063e+001, 2.700000e+002
3.537420e+001, 2.700000e+002
3.566849e+001, 2.700000e+002
3.597261e+001, 2.700000e+002
3.628566e+001, 2.700000e+002
3.660668e+001, 2.700000e+002
3.693469e+001, 2.700000e+002
3.726869e+001, 2.700000e+002
3.760765e+001, 2.700000e+002
3.795052e+001, 2.700000e+002
3.829626e+001, 2.700000e+002
3.864380e+001, 2.700000e+002
3.899207e+001, 2.700000e+002
3.933999e+001, 2.700000e+002
3.968652e+001, 2.700000e+002
4.003059e+001, 2.700000e+002
4.037115e+001, 2.700000e+002
4.070719e+001, 2.700000e+002
4.103770e+001, 2.700000e+002
4.136170e+001, 2.700000e+002
4.167825e+001, 2.700000e+002
4.198641e+001, 2.700000e+002
4.228532e+001, 2.700000e+002
4.257413e+001, 2.700000e+002
4.285204e+001, 2.700000e+002
4.311829e+001, 2.700000e+002
4.337218e+001, 2.700000e+002
4.361305e+001, 2.700000e+002
4.384029e+001, 2.700000e+002
4.405335e+001, 2.700000e+002
4.425174e+001, 2.700000e+002
4.443502e+001, 2.700000e+002
4.460280e+001, 2.700000e+002
4.475477e+001, 2.700000e+002
4.489066e+001, 2.700000e+002
4.501026e+001, 2.700000e+002
4.511343e+001, 2.700000e+002
4.520008e+001, 2.700000e+002
4.527019e+001, 2.700000e+002
4.532377e+001, 2.700000e+002
4.536090e+001, 2.700000e+002
4.538174e+001, 2.700000e+002
4.538645e+001, 2.700000e+002
4.537527e+001, 2.700000e+002
4.534849e+001, 2.700000e+002
4.530644e+001, 2.700000e+002
4.524948e+001, 2.700000e+002
4.517802e+001, 2.700000e+002
4.509250e+001, 2.700000e+002
4.499340e+001, 2.700000e+002
4.488121e+001, 2.700000e+002
4.475648e+001, 2.700000e+002
4.461974e+001, 2.700000e+002
4.447157e+001, 2.700000e+002
4.431254e+001, 2.700000e+002
4.414324e+001, 2.700000e+002
4.396427e+001, 2.700000e+002
4.377622e+001, 2.700000e+002
4.357970e+001, 2.700000e+002
4.337530e+001, 2.700000e+002
4.316358e+001, 2.700000e+002
4.294513e+001, 2.700000e+002
4.272050e+001, 2.700000e+002
4.249022e+001, 2.700000e+002
4.225480e+001, 2.700000e+002
4.201474e+001, 2.700000e+002
4.177049e+001, 2.700000e+002
4.152248e+001, 2.700000e+002
4.127111e+001, 2.700000e+002
4.101675e+001, 2.700000e+002
4.075973e+001, 2.700000e+002
4.050034e+001, 2.700000e+002
4.023884e+001, 2.700000e+002
3.997545e+001, 2.700000e+002
3.971036e+001, 2.700000e+002
3.944369e+001, 2.700000e+002
3.917556e+001, 2.700000e+002
3.890604e+001, 2.700000e+002
3.863516e+001, 2.700000e+002
3.836290e+001, 2.700000e+002
3.808924e+001, 2.700000e+002
3.781409e+001, 2.700000e+002
3.753736e+001, 2.700000e+002
3.725890e+001, 2.700000e+002
3.697857e+001, 2.700000e+002
3.669617e+001, 2.700000e+002
3.641149e+001, 2.700000e+002
3.612431e+001, 2.700000e+002
3.583438e+001, 2.700000e+002
3.554144e+001, 2.700000e+002
3.524522e+001, 2.700000e+002
3.494543e+001, 2.700000e+002
3.464178e+001, 2.700000e+002
3.433399e+001, 2.700000e+002
3.402174e+001, 2.700000e+002
3.370477e+001, 2.700000e+002
3.338276e+001, 2.700000e+002
3.305543e+001, 2.700000e+002
3.272252e+001, 2.700000e+002
3.238375e+001, 2.700000e+002
3.203887e+001, 2.700000e+002
3.168763e+001, 2.700000e+002
3.132982e+001, 2.700000e+002
3.096521e+001, 2.700000e+002
3.059363e+001, 2.700000e+002
3.021489e+001, 2.700000e+002
2.982885e+001, 2.700000e+002
2.943536e+001, 2.700000e+002
2.903432e+001, 2.700000e+002
2.862563e+001, 2.700000e+002
2.820922e+001, 2.700000e+002
2.778504e+001, 2.700000e+002
2.735304e+001, 2.700000e+002
2.691322e+001, 2.700000e+002
2.646557e+001, 2.700000e+002
2.601012e+001, 2.700000e+002
2.554689e+001, 2.700000e+002
2.507594e+001, 2.700000e+002
2.459732e+001, 2.700000e+002
2.411111e+001, 2.700000e+002
2.361738e+001, 2.700000e+002
2.311622e+001, 2.700000e+002
2.260773e+001, 2.700000e+002
2.209201e+001, 2.700000e+002
2.156915e+001, 2.700000e+002
2.103926e+001, 2.700000e+002
2.050243e+001, 2.700000e+002
1.995876e+001, 2.700000e+002
1.940835e+001, 2.700000e+002
1.885126e+001, 2.700000e+002
1.828759e+001, 2.700000e+002
1.771739e+001, 2.700000e+002
1.714073e+001, 2.700000e+002
1.655763e+001, 2.700000e+002
1.596814e+001, 2.700000e+002
1.537226e+001, 2.700000e+002
1.477000e+001, 2.700000e+002
1.416133e+001, 2.700000e+002
1.354622e+001, 2.700000e+002
1.292462e+001, 2.700000e+002
1.229646e+001, 2.700000e+002
1.166166e+001, 2.700000e+002
1.102011e+001, 2.700000e+002
1.037169e+001, 2.700000e+002
9.716265e+000, 2.700000e+002
9.053686e+000, 2.700000e+002
8.383784e+000, 2.700000e+002
7.706379e+000, 2.700000e+002
7.021279e+000, 2.700000e+002
6.328277e+000, 2.700000e+002
5.627159e+000, 2.700000e+002
4.917701e+000, 2.700000e+002
4.199673e+000, 2.700000e+002
3.472837e+000, 2.700000e+002
2.736955e+000, 2.700000e+002
1.991783e+000, 2.700000e+002
1.237080e+000, 2.700000e+002
4.726058e-001, 2.700001e+002
3.018773e-001, 8.999991e+001
1.086600e+000, 8.999997e+001
1.881785e+000, 8.999998e+001
2.687646e+000, 8.999999e+001
3.504386e+000, 8.999999e+001
4.332194e+000, 8.999999e+001
5.171244e+000, 8.999999e+001
6.021691e+000, 8.999999e+001
6.883674e+000, 8.999999e+001
7.757310e+000, 9.000000e+001
8.642695e+000, 9.000000e+001
9.539901e+000, 9.000000e+001
1.044897e+001, 9.000000e+001
1.136994e+001, 9.000000e+001
1.230278e+001, 9.000000e+001
1.324747e+001, 9.000000e+001
1.420395e+001, 9.000000e+001
1.517211e+001, 9.000000e+001
1.615183e+001, 9.000000e+001
1.714296e+001, 9.000000e+001
1.814531e+001, 9.000000e+001
1.915865e+001, 9.000000e+001
2.018273e+001, 9.000000e+001
2.121727e+001, 9.000000e+001
2.226196e+001, 9.000000e+001
2.331643e+001, 9.000000e+001
2.438032e+001, 9.000000e+001
2.545321e+001, 9.000000e+001
2.653466e+001, 9.000000e+001
2.762421e+001, 9.000000e+001
2.872136e+001, 9.000000e+001
2.982559e+001, 9.000000e+001
3.093635e+001, 9.000000e+001
3.205308e+001, 9.000000e+001
3.317518e+001, 9.000000e+001
3.430205e+001, 9.000000e+001
3.543306e+001, 9.000000e+001
3.656757e+001, 9.000000e+001
3.770492e+001, 9.000000e+001
3.884445e+001, 9.000000e+001
3.998548e+001, 9.000000e+001
4.112733e+001, 9.000000e+001
4.226932e+001, 9.000000e+001
4.341076e+001, 9.000000e+001
4.455097e+001, 9.000000e+001
4.568927e+001, 9.000000e+001
4.682498e+001, 9.000000e+001
4.795744e+001, 9.000000e+001
4.908598e+001, 9.000000e+001
5.020998e+001, 9.000000e+001
5.132881e+001, 9.000000e+001
5.244184e+001, 9.000000e+001
5.354851e+001, 9.000000e+001
5.464824e+001, 9.000000e+001
5.574048e+001, 9.000000e+001
5.682471e+001, 9.000000e+001
5.790045e+001, 9.000000e+001
5.896721e+001, 9.000000e+001
6.002457e+001, 9.000000e+001
6.107211e+001, 9.000000e+001
6.210946e+001, 9.000000e+001
6.313625e+001, 9.000000e+001
6.415216e+001, 9.000000e+001
6.515690e+001, 9.000000e+001
6.615021e+001, 9.000000e+001
6.713184e+001, 9.000000e+001
6.810159e+001, 9.000000e+001
6.905928e+001, 9.000000e+001
7.000473e+001, 9.000000e+001
7.093782e+001, 9.000000e+001
7.185844e+001, 9.000000e+001
7.276649e+001, 9.000000e+001
7.366188e+001, 9.000000e+001
7.454458e+001, 9.000000e+001
7.541452e+001, 9.000000e+001
7.627168e+001, 9.000000e+001
7.711602e+001, 9.000000e+001
7.794754e+001, 9.000000e+001
7.876621e+001, 9.000000e+001
7.957204e+001, 9.000000e+001
8.036500e+001, 9.000000e+001
8.114509e+001, 9.000000e+001
8.191227e+001, 9.000000e+001
8.266654e+001, 9.000000e+001
8.340786e+001, 9.000000e+001
8.413617e+001, 9.000000e+001
8.485142e+001, 9.000000e+001
8.555354e+001, 9.000000e+001
8.624243e+001, 9.000000e+001
8.691800e+001, 9.000000e+001
8.758010e+001, 9.000000e+001
8.822860e+001, 9.000000e+001
8.886333e+001, 9.000000e+001
8.948410e+001, 9.000000e+001
9.009069e+001, 9.000000e+001
9.068288e+001, 9.000000e+001
9.126042e+001, 9.000000e+001
9.182302e+001, 9.000000e+001
9.237040e+001, 9.000000e+001
9.290223e+001, 9.000000e+001
9.341817e+001, 9.000000e+001
9.391789e+001, 9.000000e+001
9.440099e+001, 9.000000e+001
9.486711e+001, 9.000000e+001
9.531584e+001, 9.000000e+001
9.574677e+001, 9.000000e+001
9.615947e+001, 9.000000e+001
9.655353e+001, 9.000000e+001
9.692851e+001, 9.000000e+001
9.728397e+001, 9.000000e+001
9.761948e+001, 9.000000e+001
9.793460e+001, 9.000000e+001
9.822892e+001, 9.000000e+001
9.850200e+001, 9.000000e+001
9.875345e+001, 9.000000e+001
9.898285e+001, 9.000000e+001
9.918983e+001, 9.000000e+001
9.937404e+001, 9.000000e+001
9.953512e+001, 9.000000e+001
9.967275e+001, 9.000000e+001
9.978665e+001, 9.000000e+001
9.987654e+001, 9.000000e+001
9.994220e+001, 9.000000e+001
9.998341e+001, 9.000000e+001
1.000000e+002, 9.000000e+001
9.999184e+001, 9.000000e+001
9.995884e+001, 9.000000e+001
9.990092e+001, 9.000000e+001
9.981806e+001, 9.000000e+001
9.971029e+001, 9.000000e+001
9.957766e+001, 9.000000e+001
9.942026e+001, 9.000000e+001
9.923823e+001, 9.000000e+001
9.903175e+001, 9.000000e+001
9.880105e+001, 9.000000e+001
9.854637e+001, 9.000000e+001
9.826801e+001, 9.000000e+001
9.796631e+001, 9.000000e+001
9.764164e+001, 9.000000e+001
9.729440e+001, 9.000000e+001
9.692503e+001, 9.000000e+001
9.653400e+001, 9.000000e+001
9.612182e+001, 9.000000e+001
9.568900e+001, 9.000000e+001
9.523610e+001, 9.000000e+001
9.476369e+001, 9.000000e+001
9.427237e+001, 9.000000e+001
9.376275e+001, 9.000000e+001
9.323544e+001, 9.000000e+001
9.269109e+001, 9.000000e+001
9.213035e+001, 9.000000e+001
9.155385e+001, 9.000000e+001
9.096226e+001, 9.000000e+001
9.035621e+001, 9.000000e+001
8.973637e+001, 9.000000e+001
8.910337e+001, 9.000000e+001
8.845785e+001, 9.000000e+001
8.780041e+001, 9.000000e+001
8.713168e+001, 9.000000e+001
8.645222e+001, 9.000000e+001
8.576262e+001, 9.000000e+001
8.506342e+001, 9.000000e+001
8.435513e+001, 9.000000e+001
8.363825e+001, 9.000000e+001
8.291325e+001, 9.000000e+001
8.218056e+001, 9.000000e+001
8.144058e+001, 9.000000e+001
8.069370e+001, 9.000000e+001
7.994024e+001, 9.000000e+001
7.918051e+001, 9.000000e+001
7.841477e+001, 9.000000e+001
7.764328e+001, 9.000000e+001
7.686622e+001, 9.000000e+001
7.608375e+001, 9.000000e+001
7.529602e+001, 9.000000e+001
7.450311e+001, 9.000000e+001
7.370509e+001, 9.000000e+001
7.290200e+001, 9.000000e+001
7.209383e+001, 9.000000e+001
7.128057e+001, 9.000000e+001
7.046215e+001, 9.000000e+001
6.963851e+001, 9.000000e+001
6.880954e+001, 9.000000e+001
6.797513e+001, 9.000000e+001
6.713514e+001, 9.000000e+001
6.628942e+001, 9.000000e+001
6.543780e+001, 9.000000e+001
6.458011e+001, 9.000000e+001
6.371619e+001, 9.000000e+001
6.284583e+001, 9.000000e+001
6.196887e+001, 9.000000e+001
6.108513e+001, 9.000000e+001
6.019442e+001, 9.000000e+001
5.929659e+001, 9.000000e+001
5.839149e+001, 9.000000e+001
5.747897e+001, 9.000000e+001
5.655892e+001, 9.000000e+001
5.563123e+001, 9.000000e+001
5.469583e+001, 9.000000e+001
5.375266e+001, 9.000000e+001
5.280169e+001, 9.000000e+001
5.184293e+001, 9.000000e+001
5.087641e+001, 9.000000e+001
4.990220e+001, 9.000000e+001
4.892038e+001, 9.000000e+001
4.793109e+001, 9.000000e+001
4.693450e+001, 9.000000e+001
4.593081e+001, 9.000000e+001
4.492026e+001, 9.000000e+001
4.390313e+001, 9.000000e+001
4.287972e+001, 9.000000e+001
4.185038e+001, 9.000000e+001
4.081550e+001, 9.000000e+001
3.977549e+001, 9.000000e+001
3.873081e+001, 9.000000e+001
3.768192e+001, 9.000000e+001
3.662935e+001, 9.000000e+001
3.557363e+001, 9.000000e+001
3.451534e+001, 9.000000e+001
3.345507e+001, 9.000000e+001
3.239342e+001, 9.000000e+001
3.133105e+001, 9.000000e+001
3.026861e+001, 9.000000e+001
2.920676e+001, 9.000000e+001
2.814619e+001, 9.000000e+001
2.708760e+001, 9.000000e+001
2.603169e+001, 9.000000e+001
2.497918e+001, 9.000000e+001
2.393077e+001, 9.000000e+001
2.288718e+001, 9.000000e+001
2.184913e+001, 9.000000e+001
2.081732e+001, 9.000000e+001
1.979245e+001, 9.000000e+001
1.877522e+001, 9.000000e+001
1.776631e+001, 9.000000e+001
1.676639e+001, 9.000000e+001
1.577610e+001, 9.000000e+001
1.479608e+001, 9.000000e+001
1.382696e+001, 9.000000e+001
1.286931e+001, 9.000000e+001
1.192371e+001, 9.000000e+001
1.099072e+001, 9.000000e+001
1.007084e+001, 9.000000e+001
9.164573e+000, 9.000000e+001
8.272388e+000, 9.000000e+001
7.394720e+000, 9.000000e+001
6.531978e+000, 9.000000e+001
5.684539e+000, 9.000000e+001
4.852751e+000, 8.999999e+001
4.036930e+000, 8.999999e+001
3.237362e+000, 8.999999e+001
2.454301e+000, 8.999999e+001
1.687969e+000, 8.999998e+001
9.385600e-001, 8.999997e+001
2.062345e-001, 8.999987e+001
5.088758e-001, 2.700001e+002
1.206669e+000, 2.700000e+002
1.887073e+000, 2.700000e+002
2.550043e+000, 2.700000e+002
3.195562e+000, 2.700000e+002
3.823641e+000, 2.700000e+002
4.434314e+000, 2.700000e+002
5.027641e+000, 2.700000e+002
5.603708e+000, 2.700000e+002
6.162620e+000, 2.700000e+002
6.704505e+000, 2.700000e+002
7.229511e+000, 2.700000e+002
7.737806e+000, 2.700000e+002
8.229573e+000, 2.700000e+002
8.705015e+000, 2.700000e+002
9.164349e+000, 2.700000e+002
9.607805e+000, 2.700000e+002
1.003563e+001, 2.700000e+002
7.047118e+000, 9.000000e+001
6.322400e+000, 9.000000e+001
5.608024e+000, 9.000000e+001
4.904235e+000, 8.999999e+001
4.211253e+000, 8.999999e+001
3.529269e+000, 8.999999e+001
2.858455e+000, 8.999999e+001
2.198955e+000, 8.999999e+001
1.550895e+000, 8.999998e+001
9.143758e-001, 8.999997e+001
2.894815e-001, 8.999990e+001
3.237242e-001, 2.700001e+002
9.251949e-001, 2.700000e+002
1.514900e+000, 2.700000e+002
2.092826e+000, 2.700000e+002
2.658971e+000, 2.700000e+002
3.213347e+000, 2.700000e+002
3.755978e+000, 2.700000e+002
4.286897e+000, 2.700000e+002
4.806149e+000, 2.700000e+002
5.313784e+000, 2.700000e+002
5.809862e+000, 2.700000e+002
6.294449e+000, 2.700000e+002
6.767615e+000, 2.700000e+002
7.229438e+000, 2.700000e+002
7.679996e+000, 2.700000e+002
8.119373e+000, 2.700000e+002
8.547658e+000, 2.700000e+002
8.964938e+000, 2.700000e+002
9.371306e+000, 2.700000e+002
9.766854e+000, 2.700000e+002
1.015168e+001, 2.700000e+002
1.052588e+001, 2.700000e+002
1.088954e+001, 2.700000e+002
1.124278e+001, 2.700000e+002
1.158569e+001, 2.700000e+002
1.191838e+001, 2.700000e+002
1.224095e+001, 2.700000e+002
1.255350e+001, 2.700000e+002
1.285614e+001, 2.700000e+002
1.314899e+001, 2.700000e+002
1.343216e+001, 2.700000e+002
1.370577e+001, 2.700000e+002
1.396993e+001, 2.700000e+002
1.422477e+001, 2.700000e+002
1.447041e+001, 2.700000e+002
1.470699e+001, 2.700000e+002
1.493463e+001, 2.700000e+002
1.515348e+001, 2.700000e+002
1.536367e+001, 2.700000e+002
1.556535e+001, 2.700000e+002
1.575867e+001, 2.700000e+002
1.594377e+001, 2.700000e+002
1.612082e+001, 2.700000e+002
1.628996e+001, 2.700000e+002
1.645135e+001, 2.700000e+002
1.660515e+001, 2.700000e+002
1.675152e+001, 2.700000e+002
1.689062e+001, 2.700000e+002
1.702260e+001, 2.700000e+002
1.714762e+001, 2.700000e+002
1.726584e+001, 2.700000e+002
1.737739e+001, 2.700000e+002
1.748241e+001, 2.700000e+002
1.758105e+001, 2.700000e+002
1.767342e+001, 2.700000e+002
1.775964e+001, 2.700000e+002
1.783981e+001, 2.700000e+002
1.791401e+001, 2.700000e+002
1.798233e+001, 2.700000e+002
1.804482e+001, 2.700000e+002
1.810151e+001, 2.700000e+002
1.815243e+001, 2.700000e+002
1.819756e+001, 2.700000e+002
1.823689e+001, 2.700000e+002
1.827036e+001, 2.700000e+002
1.829789e+001, 2.700000e+002
1.831937e+001, 2.700000e+002
1.833467e+001, 2.700000e+002
1.834363e+001, 2.700000e+002
1.834603e+001, 2.700000e+002
1.834165e+001, 2.700000e+002
1.833022e+001, 2.700000e+002
1.831144e+001, 2.700000e+002
1.828497e+001, 2.700000e+002
1.825044e+001, 2.700000e+002
1.820743e+001, 2.700000e+002
1.815549e+001, 2.700000e+002
1.809415e+001, 2.700000e+002
1.802286e+001, 2.700000e+002
1.794108e+001, 2.700000e+002
1.784821e+001, 2.700000e+002
1.774361e+001, 2.700000e+002
1.762661e+001, 2.700000e+002
1.749650e+001, 2.700000e+002
1.735256e+001, 2.700000e+002
1.719401e+001, 2.700000e+002
1.702006e+001, 2.700000e+002
1.682986e+001, 2.700000e+002
1.662257e+001, 2.700000e+002
1.639730e+001, 2.700000e+002
1.615315e+001, 2.700000e+002
1.588919e+001, 2.700000e+002
1.560447e+001, 2.700000e+002
1.529804e+001, 2.700000e+002
1.496891e+001, 2.700000e+002
1.461610e+001, 2.700000e+002
1.423861e+001, 2.700000e+002
1.383544e+001, 2.700000e+002
1.340558e+001, 2.700000e+002
1.294802e+001, 2.700000e+002
1.246177e+001, 2.700000e+002
1.194581e+001, 2.700000e+002
1.139916e+001, 2.700000e+002
1.082083e+001, 2.700000e+002
1.020985e+001, 2.700000e+002
9.565269e+000, 2.700000e+002
8.886153e+000, 2.700000e+002
8.171583e+000, 2.700000e+002
7.420668e+000, 2.700000e+002
6.632539e+000, 2.700000e+002
5.806356e+000, 2.700000e+002
4.941309e+000, 2.700000e+002
4.036618e+000, 2.700000e+002
3.091537e+000, 2.700000e+002
2.105354e+000, 2.700000e+002
1.077394e+000, 2.700000e+002
7.022052e-003, 2.699922e+002
1.106361e+000, 9.000005e+001
2.263312e+000, 9.000003e+001
3.464347e+000, 9.000002e+001
4.709938e+000, 9.000001e+001
6.000515e+000, 9.000001e+001
7.336463e+000, 9.000001e+001
8.718123e+000, 9.000001e+001
1.014579e+001, 9.000001e+001
1.161971e+001, 9.000001e+001
1.314009e+001, 9.000001e+001
1.470708e+001, 9.000001e+001
1.632079e+001, 9.000000e+001
1.798128e+001, 9.000000e+001
1.968856e+001, 9.000000e+001
2.144259e+001, 9.000000e+001
2.324329e+001, 9.000000e+001
2.509053e+001, 9.000000e+001
2.698410e+001, 9.000000e+001
2.892378e+001, 9.000000e+001
3.090928e+001, 9.000000e+001
3.294026e+001, 9.000000e+001
3.501632e+001, 9.000000e+001
3.713702e+001, 9.000000e+001
3.930185e+001, 9.000000e+001
4.151025e+001, 9.000000e+001
4.376161e+001, 9.000000e+001
4.605525e+001, 9.000000e+001
4.839043e+001, 9.000000e+001
5.076636e+001, 9.000000e+001
5.318217e+001, 9.000000e+001
5.563693e+001, 9.000000e+001
5.812964e+001, 9.000000e+001
6.065924e+001, 9.000000e+001
6.322458e+001, 9.000000e+001
6.582444e+001, 9.000000e+001
6.845754e+001, 9.000000e+001
7.112248e+001, 9.000000e+001
7.381782e+001, 9.000000e+001
7.654200e+001, 9.000000e+001
7.929340e+001, 9.000000e+001
8.207028e+001, 9.000000e+001
8.487082e+001, 9.000000e+001
8.769311e+001, 9.000000e+001
9.053512e+001, 9.000000e+001
9.339475e+001, 9.000000e+001
##END
