##TITLE= Pf1-7t0-0t1207
##JCAMP-DX= 5.00 Bruker JCAMP library
##DATA TYPE= Shape Data
##ORIGIN= Bruker BioSpin GmbH
##OWNER= <Alexej Jerschow>
##DATE= 2009/01/20
##TIME= 17:06:03
##$SHAPE_PARAMETERS= 
##MINX= 4.792384e-001
##MAXX= 1.000000e+002
##MINY= 8.999989e+001
##MAXY= 2.700000e+002
##$SHAPE_EXMODE= 
##$SHAPE_TOTROT= 
##$SHAPE_TYPE= 
##$SHAPE_USER_DEF= 
##$SHAPE_REPHFAC= 
##$SHAPE_BWFAC= 
##$SHAPE_BWFAC50= 
##$SHAPE_INTEGFAC= 
##$SHAPE_MODE= 
##NPOINTS= 1000
##XYPOINTS= (XY..XY)
2.112045e+001, 9.000000e+001
2.458558e+001, 9.000000e+001
2.800167e+001, 9.000000e+001
3.136179e+001, 9.000000e+001
3.465911e+001, 9.000000e+001
3.788693e+001, 9.000000e+001
4.103869e+001, 9.000000e+001
4.410801e+001, 9.000000e+001
4.708864e+001, 9.000000e+001
4.997456e+001, 9.000000e+001
5.275991e+001, 9.000000e+001
5.543905e+001, 9.000000e+001
5.800658e+001, 9.000000e+001
6.045733e+001, 9.000000e+001
6.278635e+001, 9.000000e+001
6.498899e+001, 9.000000e+001
6.706082e+001, 9.000000e+001
6.899773e+001, 9.000000e+001
7.079587e+001, 9.000000e+001
7.245168e+001, 9.000000e+001
7.396191e+001, 9.000000e+001
7.532361e+001, 9.000000e+001
7.653415e+001, 9.000000e+001
7.759121e+001, 9.000000e+001
7.849278e+001, 9.000000e+001
7.923720e+001, 9.000000e+001
7.982310e+001, 9.000000e+001
8.024946e+001, 9.000000e+001
8.051560e+001, 9.000000e+001
8.062112e+001, 9.000000e+001
8.056600e+001, 9.000000e+001
8.035052e+001, 9.000000e+001
7.997528e+001, 9.000000e+001
7.944122e+001, 9.000000e+001
7.874956e+001, 9.000000e+001
7.790188e+001, 9.000000e+001
7.690003e+001, 9.000000e+001
7.574618e+001, 9.000000e+001
7.444279e+001, 9.000000e+001
7.299262e+001, 9.000000e+001
7.139870e+001, 9.000000e+001
6.966435e+001, 9.000000e+001
6.779315e+001, 9.000000e+001
6.578893e+001, 9.000000e+001
6.365579e+001, 9.000000e+001
6.139807e+001, 9.000000e+001
5.902032e+001, 9.000000e+001
5.652735e+001, 9.000000e+001
5.392414e+001, 9.000000e+001
5.121592e+001, 9.000000e+001
4.840807e+001, 9.000000e+001
4.550619e+001, 9.000000e+001
4.251601e+001, 9.000000e+001
3.944346e+001, 9.000000e+001
3.629460e+001, 9.000000e+001
3.307563e+001, 9.000000e+001
2.979286e+001, 9.000000e+001
2.645274e+001, 9.000000e+001
2.306181e+001, 9.000000e+001
1.962670e+001, 9.000000e+001
1.615412e+001, 9.000000e+001
1.265084e+001, 9.000000e+001
9.123682e+000, 9.000000e+001
5.579519e+000, 9.000000e+001
2.025245e+000, 9.000000e+001
1.532229e+000, 2.700000e+002
5.085991e+000, 2.700000e+002
8.629137e+000, 2.700000e+002
1.215479e+001, 2.700000e+002
1.565609e+001, 2.700000e+002
1.912626e+001, 2.700000e+002
2.255855e+001, 2.700000e+002
2.594629e+001, 2.700000e+002
2.928291e+001, 2.700000e+002
3.256193e+001, 2.700000e+002
3.577697e+001, 2.700000e+002
3.892178e+001, 2.700000e+002
4.199025e+001, 2.700000e+002
4.497640e+001, 2.700000e+002
4.787441e+001, 2.700000e+002
5.067865e+001, 2.700000e+002
5.338363e+001, 2.700000e+002
5.598408e+001, 2.700000e+002
5.847492e+001, 2.700000e+002
6.085127e+001, 2.700000e+002
6.310848e+001, 2.700000e+002
6.524211e+001, 2.700000e+002
6.724798e+001, 2.700000e+002
6.912214e+001, 2.700000e+002
7.086089e+001, 2.700000e+002
7.246078e+001, 2.700000e+002
7.391866e+001, 2.700000e+002
7.523162e+001, 2.700000e+002
7.639703e+001, 2.700000e+002
7.741255e+001, 2.700000e+002
7.827614e+001, 2.700000e+002
7.898603e+001, 2.700000e+002
7.954074e+001, 2.700000e+002
7.993913e+001, 2.700000e+002
8.018030e+001, 2.700000e+002
8.026371e+001, 2.700000e+002
8.018909e+001, 2.700000e+002
7.995648e+001, 2.700000e+002
7.956623e+001, 2.700000e+002
7.901899e+001, 2.700000e+002
7.831572e+001, 2.700000e+002
7.745768e+001, 2.700000e+002
7.644643e+001, 2.700000e+002
7.528382e+001, 2.700000e+002
7.397200e+001, 2.700000e+002
7.251342e+001, 2.700000e+002
7.091081e+001, 2.700000e+002
6.916718e+001, 2.700000e+002
6.728582e+001, 2.700000e+002
6.527029e+001, 2.700000e+002
6.312441e+001, 2.700000e+002
6.085228e+001, 2.700000e+002
5.845823e+001, 2.700000e+002
5.594684e+001, 2.700000e+002
5.332292e+001, 2.700000e+002
5.059152e+001, 2.700000e+002
4.775790e+001, 2.700000e+002
4.482753e+001, 2.700000e+002
4.180607e+001, 2.700000e+002
3.869939e+001, 2.700000e+002
3.551350e+001, 2.700000e+002
3.225461e+001, 2.700000e+002
2.892907e+001, 2.700000e+002
2.554336e+001, 2.700000e+002
2.210412e+001, 2.700000e+002
1.861806e+001, 2.700000e+002
1.509205e+001, 2.700000e+002
1.153299e+001, 2.700000e+002
7.947907e+000, 2.700000e+002
4.343852e+000, 2.700000e+002
7.279428e-001, 2.700000e+002
2.892677e+000, 9.000000e+001
6.510842e+000, 9.000000e+001
1.011939e+001, 9.000000e+001
1.371116e+001, 9.000000e+001
1.727903e+001, 9.000000e+001
2.081591e+001, 9.000000e+001
2.431477e+001, 9.000000e+001
2.776866e+001, 9.000000e+001
3.117070e+001, 9.000000e+001
3.451412e+001, 9.000000e+001
3.779228e+001, 9.000000e+001
4.099865e+001, 9.000000e+001
4.412684e+001, 9.000000e+001
4.717064e+001, 9.000000e+001
5.012401e+001, 9.000000e+001
5.298107e+001, 9.000000e+001
5.573617e+001, 9.000000e+001
5.838384e+001, 9.000000e+001
6.091885e+001, 9.000000e+001
6.333620e+001, 9.000000e+001
6.563113e+001, 9.000000e+001
6.779913e+001, 9.000000e+001
6.983596e+001, 9.000000e+001
7.173764e+001, 9.000000e+001
7.350048e+001, 9.000000e+001
7.512107e+001, 9.000000e+001
7.659630e+001, 9.000000e+001
7.792336e+001, 9.000000e+001
7.909972e+001, 9.000000e+001
8.012319e+001, 9.000000e+001
8.099187e+001, 9.000000e+001
8.170418e+001, 9.000000e+001
8.225887e+001, 9.000000e+001
8.265499e+001, 9.000000e+001
8.289191e+001, 9.000000e+001
8.296934e+001, 9.000000e+001
8.288728e+001, 9.000000e+001
8.264607e+001, 9.000000e+001
8.224634e+001, 9.000000e+001
8.168907e+001, 9.000000e+001
8.097550e+001, 9.000000e+001
8.010721e+001, 9.000000e+001
7.908606e+001, 9.000000e+001
7.791423e+001, 9.000000e+001
7.659416e+001, 9.000000e+001
7.512860e+001, 9.000000e+001
7.352054e+001, 9.000000e+001
7.177329e+001, 9.000000e+001
6.989037e+001, 9.000000e+001
6.787559e+001, 9.000000e+001
6.573300e+001, 9.000000e+001
6.346687e+001, 9.000000e+001
6.108171e+001, 9.000000e+001
5.858226e+001, 9.000000e+001
5.597346e+001, 9.000000e+001
5.326044e+001, 9.000000e+001
5.044852e+001, 9.000000e+001
4.754323e+001, 9.000000e+001
4.455022e+001, 9.000000e+001
4.147535e+001, 9.000000e+001
3.832457e+001, 9.000000e+001
3.510402e+001, 9.000000e+001
3.181992e+001, 9.000000e+001
2.847864e+001, 9.000000e+001
2.508661e+001, 9.000000e+001
2.165039e+001, 9.000000e+001
1.817658e+001, 9.000000e+001
1.467187e+001, 9.000000e+001
1.114300e+001, 9.000000e+001
7.596734e+000, 9.000000e+001
4.039874e+000, 9.000000e+001
4.792384e-001, 8.999996e+001
3.078354e+000, 2.700000e+002
6.626095e+000, 2.700000e+002
1.015720e+001, 2.700000e+002
1.366490e+001, 2.700000e+002
1.714252e+001, 2.700000e+002
2.058338e+001, 2.700000e+002
2.398093e+001, 2.700000e+002
2.732867e+001, 2.700000e+002
3.062020e+001, 2.700000e+002
3.384923e+001, 2.700000e+002
3.700961e+001, 2.700000e+002
4.009528e+001, 2.700000e+002
4.310035e+001, 2.700000e+002
4.601907e+001, 2.700000e+002
4.884587e+001, 2.700000e+002
5.157534e+001, 2.700000e+002
5.420224e+001, 2.700000e+002
5.672156e+001, 2.700000e+002
5.912846e+001, 2.700000e+002
6.141833e+001, 2.700000e+002
6.358677e+001, 2.700000e+002
6.562962e+001, 2.700000e+002
6.754294e+001, 2.700000e+002
6.932306e+001, 2.700000e+002
7.096652e+001, 2.700000e+002
7.247017e+001, 2.700000e+002
7.383107e+001, 2.700000e+002
7.504659e+001, 2.700000e+002
7.611435e+001, 2.700000e+002
7.703226e+001, 2.700000e+002
7.779851e+001, 2.700000e+002
7.841156e+001, 2.700000e+002
7.887019e+001, 2.700000e+002
7.917345e+001, 2.700000e+002
7.932068e+001, 2.700000e+002
7.931153e+001, 2.700000e+002
7.914593e+001, 2.700000e+002
7.882412e+001, 2.700000e+002
7.834664e+001, 2.700000e+002
7.771429e+001, 2.700000e+002
7.692822e+001, 2.700000e+002
7.598982e+001, 2.700000e+002
7.490080e+001, 2.700000e+002
7.366315e+001, 2.700000e+002
7.227915e+001, 2.700000e+002
7.075135e+001, 2.700000e+002
6.908259e+001, 2.700000e+002
6.727598e+001, 2.700000e+002
6.533487e+001, 2.700000e+002
6.326292e+001, 2.700000e+002
6.106400e+001, 2.700000e+002
5.874225e+001, 2.700000e+002
5.630205e+001, 2.700000e+002
5.374801e+001, 2.700000e+002
5.108495e+001, 2.700000e+002
4.831794e+001, 2.700000e+002
4.545224e+001, 2.700000e+002
4.249329e+001, 2.700000e+002
3.944674e+001, 2.700000e+002
3.631841e+001, 2.700000e+002
3.311429e+001, 2.700000e+002
2.984052e+001, 2.700000e+002
2.650338e+001, 2.700000e+002
2.310930e+001, 2.700000e+002
1.966481e+001, 2.700000e+002
1.617656e+001, 2.700000e+002
1.265127e+001, 2.700000e+002
9.095776e+000, 2.700000e+002
5.516953e+000, 2.700000e+002
1.921740e+000, 2.700000e+002
1.682886e+000, 8.999999e+001
5.289920e+000, 9.000000e+001
8.892349e+000, 9.000000e+001
1.248316e+001, 9.000000e+001
1.605536e+001, 9.000000e+001
1.960199e+001, 9.000000e+001
2.311613e+001, 9.000000e+001
2.659092e+001, 9.000000e+001
3.001959e+001, 9.000000e+001
3.339543e+001, 9.000000e+001
3.671186e+001, 9.000000e+001
3.996239e+001, 9.000000e+001
4.314070e+001, 9.000000e+001
4.624056e+001, 9.000000e+001
4.925593e+001, 9.000000e+001
5.218093e+001, 9.000000e+001
5.500987e+001, 9.000000e+001
5.773723e+001, 9.000000e+001
6.035771e+001, 9.000000e+001
6.286622e+001, 9.000000e+001
6.525789e+001, 9.000000e+001
6.752809e+001, 9.000000e+001
6.967244e+001, 9.000000e+001
7.168679e+001, 9.000000e+001
7.356727e+001, 9.000000e+001
7.531028e+001, 9.000000e+001
7.691248e+001, 9.000000e+001
7.837083e+001, 9.000000e+001
7.968255e+001, 9.000000e+001
8.084518e+001, 9.000000e+001
8.185654e+001, 9.000000e+001
8.271476e+001, 9.000000e+001
8.341825e+001, 9.000000e+001
8.396576e+001, 9.000000e+001
8.435633e+001, 9.000000e+001
8.458929e+001, 9.000000e+001
8.466431e+001, 9.000000e+001
8.458136e+001, 9.000000e+001
8.434070e+001, 9.000000e+001
8.394292e+001, 9.000000e+001
8.338889e+001, 9.000000e+001
8.267981e+001, 9.000000e+001
8.181715e+001, 9.000000e+001
8.080270e+001, 9.000000e+001
7.963852e+001, 9.000000e+001
7.832698e+001, 9.000000e+001
7.687069e+001, 9.000000e+001
7.527259e+001, 9.000000e+001
7.353583e+001, 9.000000e+001
7.166388e+001, 9.000000e+001
6.966041e+001, 9.000000e+001
6.752937e+001, 9.000000e+001
6.527495e+001, 9.000000e+001
6.290155e+001, 9.000000e+001
6.041381e+001, 9.000000e+001
5.781658e+001, 9.000000e+001
5.511489e+001, 9.000000e+001
5.231401e+001, 9.000000e+001
4.941935e+001, 9.000000e+001
4.643651e+001, 9.000000e+001
4.337124e+001, 9.000000e+001
4.022947e+001, 9.000000e+001
3.701725e+001, 9.000000e+001
3.374074e+001, 9.000000e+001
3.040624e+001, 9.000000e+001
2.702016e+001, 9.000000e+001
2.358899e+001, 9.000000e+001
2.011930e+001, 9.000000e+001
1.661772e+001, 9.000000e+001
1.309096e+001, 9.000000e+001
9.545747e+000, 9.000000e+001
5.988856e+000, 8.999999e+001
2.427072e+000, 8.999999e+001
1.132814e+000, 2.700000e+002
4.684020e+000, 2.700000e+002
8.219782e+000, 2.700000e+002
1.173337e+001, 2.700000e+002
1.521810e+001, 2.700000e+002
1.866734e+001, 2.700000e+002
2.207454e+001, 2.700000e+002
2.543323e+001, 2.700000e+002
2.873702e+001, 2.700000e+002
3.197964e+001, 2.700000e+002
3.515493e+001, 2.700000e+002
3.825686e+001, 2.700000e+002
4.127956e+001, 2.700000e+002
4.421728e+001, 2.700000e+002
4.706445e+001, 2.700000e+002
4.981566e+001, 2.700000e+002
5.246570e+001, 2.700000e+002
5.500953e+001, 2.700000e+002
5.744232e+001, 2.700000e+002
5.975946e+001, 2.700000e+002
6.195654e+001, 2.700000e+002
6.402938e+001, 2.700000e+002
6.597403e+001, 2.700000e+002
6.778681e+001, 2.700000e+002
6.946423e+001, 2.700000e+002
7.100311e+001, 2.700000e+002
7.240051e+001, 2.700000e+002
7.365373e+001, 2.700000e+002
7.476037e+001, 2.700000e+002
7.571830e+001, 2.700000e+002
7.652567e+001, 2.700000e+002
7.718088e+001, 2.700000e+002
7.768266e+001, 2.700000e+002
7.803000e+001, 2.700000e+002
7.822219e+001, 2.700000e+002
7.825881e+001, 2.700000e+002
7.813972e+001, 2.700000e+002
7.786509e+001, 2.700000e+002
7.743538e+001, 2.700000e+002
7.685132e+001, 2.700000e+002
7.611396e+001, 2.700000e+002
7.522463e+001, 2.700000e+002
7.418494e+001, 2.700000e+002
7.299680e+001, 2.700000e+002
7.166238e+001, 2.700000e+002
7.018415e+001, 2.700000e+002
6.856485e+001, 2.700000e+002
6.680748e+001, 2.700000e+002
6.491532e+001, 2.700000e+002
6.289189e+001, 2.700000e+002
6.074097e+001, 2.700000e+002
5.846661e+001, 2.700000e+002
5.607306e+001, 2.700000e+002
5.356483e+001, 2.700000e+002
5.094664e+001, 2.700000e+002
4.822344e+001, 2.700000e+002
4.540036e+001, 2.700000e+002
4.248276e+001, 2.700000e+002
3.947616e+001, 2.700000e+002
3.638626e+001, 2.700000e+002
3.321894e+001, 2.700000e+002
2.998022e+001, 2.700000e+002
2.667628e+001, 2.700000e+002
2.331340e+001, 2.700000e+002
1.989802e+001, 2.700000e+002
1.643666e+001, 2.700000e+002
1.293594e+001, 2.700000e+002
9.402556e+000, 2.700000e+002
5.843292e+000, 2.700000e+002
2.264969e+000, 2.700000e+002
1.325543e+000, 8.999997e+001
4.921348e+000, 8.999999e+001
8.515532e+000, 8.999999e+001
1.210118e+001, 9.000000e+001
1.567140e+001, 9.000000e+001
1.921930e+001, 9.000000e+001
2.273806e+001, 9.000000e+001
2.622089e+001, 9.000000e+001
2.966107e+001, 9.000000e+001
3.305197e+001, 9.000000e+001
3.638704e+001, 9.000000e+001
3.965985e+001, 9.000000e+001
4.286408e+001, 9.000000e+001
4.599353e+001, 9.000000e+001
4.904217e+001, 9.000000e+001
5.200410e+001, 9.000000e+001
5.487360e+001, 9.000000e+001
5.764513e+001, 9.000000e+001
6.031332e+001, 9.000000e+001
6.287304e+001, 9.000000e+001
6.531932e+001, 9.000000e+001
6.764744e+001, 9.000000e+001
6.985290e+001, 9.000000e+001
7.193145e+001, 9.000000e+001
7.387907e+001, 9.000000e+001
7.569199e+001, 9.000000e+001
7.736671e+001, 9.000000e+001
7.890001e+001, 9.000000e+001
8.028892e+001, 9.000000e+001
8.153076e+001, 9.000000e+001
8.262315e+001, 9.000000e+001
8.356397e+001, 9.000000e+001
8.435142e+001, 9.000000e+001
8.498397e+001, 9.000000e+001
8.546043e+001, 9.000000e+001
8.577987e+001, 9.000000e+001
8.594169e+001, 9.000000e+001
8.594558e+001, 9.000000e+001
8.579156e+001, 9.000000e+001
8.547993e+001, 9.000000e+001
8.501131e+001, 9.000000e+001
8.438662e+001, 9.000000e+001
8.360709e+001, 9.000000e+001
8.267422e+001, 9.000000e+001
8.158985e+001, 9.000000e+001
8.035609e+001, 9.000000e+001
7.897533e+001, 9.000000e+001
7.745027e+001, 9.000000e+001
7.578388e+001, 9.000000e+001
7.397938e+001, 9.000000e+001
7.204030e+001, 9.000000e+001
6.997039e+001, 9.000000e+001
6.777368e+001, 9.000000e+001
6.545443e+001, 9.000000e+001
6.301715e+001, 9.000000e+001
6.046655e+001, 9.000000e+001
5.780760e+001, 9.000000e+001
5.504544e+001, 9.000000e+001
5.218542e+001, 9.000000e+001
4.923309e+001, 9.000000e+001
4.619417e+001, 9.000000e+001
4.307453e+001, 9.000000e+001
3.988022e+001, 9.000000e+001
3.661740e+001, 9.000000e+001
3.329239e+001, 9.000000e+001
2.991160e+001, 9.000000e+001
2.648157e+001, 9.000000e+001
2.300892e+001, 9.000000e+001
1.950033e+001, 9.000000e+001
1.596258e+001, 9.000000e+001
1.240247e+001, 9.000000e+001
8.826854e+000, 8.999999e+001
5.242616e+000, 8.999999e+001
1.656642e+000, 8.999997e+001
1.924179e+000, 2.700000e+002
5.492976e+000, 2.700000e+002
9.042902e+000, 2.700000e+002
1.256715e+001, 2.700000e+002
1.605898e+001, 2.700000e+002
1.951169e+001, 2.700000e+002
2.291869e+001, 2.700000e+002
2.627347e+001, 2.700000e+002
2.956961e+001, 2.700000e+002
3.280082e+001, 2.700000e+002
3.596093e+001, 2.700000e+002
3.904393e+001, 2.700000e+002
4.204393e+001, 2.700000e+002
4.495522e+001, 2.700000e+002
4.777225e+001, 2.700000e+002
5.048967e+001, 2.700000e+002
5.310229e+001, 2.700000e+002
5.560516e+001, 2.700000e+002
5.799352e+001, 2.700000e+002
6.026281e+001, 2.700000e+002
6.240872e+001, 2.700000e+002
6.442718e+001, 2.700000e+002
6.631434e+001, 2.700000e+002
6.806661e+001, 2.700000e+002
6.968066e+001, 2.700000e+002
7.115342e+001, 2.700000e+002
7.248206e+001, 2.700000e+002
7.366407e+001, 2.700000e+002
7.469717e+001, 2.700000e+002
7.557940e+001, 2.700000e+002
7.630905e+001, 2.700000e+002
7.688472e+001, 2.700000e+002
7.730530e+001, 2.700000e+002
7.756996e+001, 2.700000e+002
7.767817e+001, 2.700000e+002
7.762970e+001, 2.700000e+002
7.742461e+001, 2.700000e+002
7.706325e+001, 2.700000e+002
7.654630e+001, 2.700000e+002
7.587468e+001, 2.700000e+002
7.504965e+001, 2.700000e+002
7.407274e+001, 2.700000e+002
7.294578e+001, 2.700000e+002
7.167086e+001, 2.700000e+002
7.025039e+001, 2.700000e+002
6.868703e+001, 2.700000e+002
6.698373e+001, 2.700000e+002
6.514368e+001, 2.700000e+002
6.317038e+001, 2.700000e+002
6.106753e+001, 2.700000e+002
5.883913e+001, 2.700000e+002
5.648939e+001, 2.700000e+002
5.402277e+001, 2.700000e+002
5.144393e+001, 2.700000e+002
4.875778e+001, 2.700000e+002
4.596943e+001, 2.700000e+002
4.308417e+001, 2.700000e+002
4.010749e+001, 2.700000e+002
3.704507e+001, 2.700000e+002
3.390273e+001, 2.700000e+002
3.068647e+001, 2.700000e+002
2.740243e+001, 2.700000e+002
2.405687e+001, 2.700000e+002
2.065618e+001, 2.700000e+002
1.720686e+001, 2.700000e+002
1.371552e+001, 2.700000e+002
1.018882e+001, 2.700000e+002
6.633512e+000, 2.700000e+002
3.056414e+000, 2.700000e+002
5.356240e-001, 8.999989e+001
4.135716e+000, 8.999999e+001
7.736957e+000, 8.999999e+001
1.133243e+001, 8.999999e+001
1.491524e+001, 9.000000e+001
1.847850e+001, 9.000000e+001
2.201536e+001, 9.000000e+001
2.551900e+001, 9.000000e+001
2.898269e+001, 9.000000e+001
3.239975e+001, 9.000000e+001
3.576360e+001, 9.000000e+001
3.906773e+001, 9.000000e+001
4.230576e+001, 9.000000e+001
4.547144e+001, 9.000000e+001
4.855863e+001, 9.000000e+001
5.156135e+001, 9.000000e+001
5.447377e+001, 9.000000e+001
5.729023e+001, 9.000000e+001
6.000524e+001, 9.000000e+001
6.261353e+001, 9.000000e+001
6.510998e+001, 9.000000e+001
6.748973e+001, 9.000000e+001
6.974809e+001, 9.000000e+001
7.188065e+001, 9.000000e+001
7.388319e+001, 9.000000e+001
7.575177e+001, 9.000000e+001
7.748267e+001, 9.000000e+001
7.907248e+001, 9.000000e+001
8.051801e+001, 9.000000e+001
8.181637e+001, 9.000000e+001
8.296496e+001, 9.000000e+001
8.396144e+001, 9.000000e+001
8.480379e+001, 9.000000e+001
8.549028e+001, 9.000000e+001
8.601947e+001, 9.000000e+001
8.639024e+001, 9.000000e+001
8.660178e+001, 9.000000e+001
8.665358e+001, 9.000000e+001
8.654544e+001, 9.000000e+001
8.627751e+001, 9.000000e+001
8.585021e+001, 9.000000e+001
8.526429e+001, 9.000000e+001
8.452084e+001, 9.000000e+001
8.362123e+001, 9.000000e+001
8.256714e+001, 9.000000e+001
8.136060e+001, 9.000000e+001
8.000389e+001, 9.000000e+001
7.849964e+001, 9.000000e+001
7.685073e+001, 9.000000e+001
7.506036e+001, 9.000000e+001
7.313202e+001, 9.000000e+001
7.106945e+001, 9.000000e+001
6.887667e+001, 9.000000e+001
6.655798e+001, 9.000000e+001
6.411791e+001, 9.000000e+001
6.156125e+001, 9.000000e+001
5.889301e+001, 9.000000e+001
5.611842e+001, 9.000000e+001
5.324296e+001, 9.000000e+001
5.027226e+001, 9.000000e+001
4.721217e+001, 9.000000e+001
4.406871e+001, 9.000000e+001
4.084807e+001, 9.000000e+001
3.755659e+001, 9.000000e+001
3.420073e+001, 9.000000e+001
3.078710e+001, 9.000000e+001
2.732242e+001, 9.000000e+001
2.381348e+001, 9.000000e+001
2.026719e+001, 9.000000e+001
1.669049e+001, 9.000000e+001
1.309042e+001, 9.000000e+001
9.474020e+000, 8.999999e+001
5.848377e+000, 8.999999e+001
2.220583e+000, 8.999997e+001
1.402269e+000, 2.700000e+002
5.013107e+000, 2.700000e+002
8.604885e+000, 2.700000e+002
1.217060e+001, 2.700000e+002
1.570333e+001, 2.700000e+002
1.919618e+001, 2.700000e+002
2.264238e+001, 2.700000e+002
2.603525e+001, 2.700000e+002
2.936820e+001, 2.700000e+002
3.263480e+001, 2.700000e+002
3.582872e+001, 2.700000e+002
3.894379e+001, 2.700000e+002
4.197402e+001, 2.700000e+002
4.491355e+001, 2.700000e+002
4.775674e+001, 2.700000e+002
5.049811e+001, 2.700000e+002
5.313241e+001, 2.700000e+002
5.565459e+001, 2.700000e+002
5.805980e+001, 2.700000e+002
6.034344e+001, 2.700000e+002
6.250116e+001, 2.700000e+002
6.452882e+001, 2.700000e+002
6.642257e+001, 2.700000e+002
6.817878e+001, 2.700000e+002
6.979412e+001, 2.700000e+002
7.126552e+001, 2.700000e+002
7.259018e+001, 2.700000e+002
7.376560e+001, 2.700000e+002
7.478955e+001, 2.700000e+002
7.566010e+001, 2.700000e+002
7.637561e+001, 2.700000e+002
7.693474e+001, 2.700000e+002
7.733645e+001, 2.700000e+002
7.758000e+001, 2.700000e+002
7.766497e+001, 2.700000e+002
7.759121e+001, 2.700000e+002
7.735890e+001, 2.700000e+002
7.696852e+001, 2.700000e+002
7.642084e+001, 2.700000e+002
7.571696e+001, 2.700000e+002
7.485824e+001, 2.700000e+002
7.384637e+001, 2.700000e+002
7.268333e+001, 2.700000e+002
7.137136e+001, 2.700000e+002
6.991303e+001, 2.700000e+002
6.831115e+001, 2.700000e+002
6.656883e+001, 2.700000e+002
6.468944e+001, 2.700000e+002
6.267662e+001, 2.700000e+002
6.053427e+001, 2.700000e+002
5.826652e+001, 2.700000e+002
5.587775e+001, 2.700000e+002
5.337258e+001, 2.700000e+002
5.075585e+001, 2.700000e+002
4.803261e+001, 2.700000e+002
4.520811e+001, 2.700000e+002
4.228781e+001, 2.700000e+002
3.927734e+001, 2.700000e+002
3.618251e+001, 2.700000e+002
3.300929e+001, 2.700000e+002
2.976379e+001, 2.700000e+002
2.645229e+001, 2.700000e+002
2.308117e+001, 2.700000e+002
1.965693e+001, 2.700000e+002
1.618618e+001, 2.700000e+002
1.267561e+001, 2.700000e+002
9.132007e+000, 2.700000e+002
5.562204e+000, 2.700000e+002
1.973097e+000, 2.700000e+002
1.628381e+000, 8.999996e+001
5.235270e+000, 8.999999e+001
8.840594e+000, 8.999999e+001
1.243738e+001, 8.999999e+001
1.601865e+001, 9.000000e+001
1.957748e+001, 9.000000e+001
2.310696e+001, 9.000000e+001
2.660023e+001, 9.000000e+001
3.005051e+001, 9.000000e+001
3.345108e+001, 9.000000e+001
3.679530e+001, 9.000000e+001
4.007665e+001, 9.000000e+001
4.328870e+001, 9.000000e+001
4.642518e+001, 9.000000e+001
4.947991e+001, 9.000000e+001
5.244688e+001, 9.000000e+001
5.532025e+001, 9.000000e+001
5.809433e+001, 9.000000e+001
6.076362e+001, 9.000000e+001
6.332282e+001, 9.000000e+001
6.576681e+001, 9.000000e+001
6.809070e+001, 9.000000e+001
7.028983e+001, 9.000000e+001
7.235976e+001, 9.000000e+001
7.429629e+001, 9.000000e+001
7.609549e+001, 9.000000e+001
7.775367e+001, 9.000000e+001
7.926742e+001, 9.000000e+001
8.063360e+001, 9.000000e+001
8.184936e+001, 9.000000e+001
8.291215e+001, 9.000000e+001
8.381969e+001, 9.000000e+001
8.457003e+001, 9.000000e+001
8.516153e+001, 9.000000e+001
8.559283e+001, 9.000000e+001
8.586292e+001, 9.000000e+001
8.597112e+001, 9.000000e+001
8.591704e+001, 9.000000e+001
8.570064e+001, 9.000000e+001
8.532221e+001, 9.000000e+001
8.478235e+001, 9.000000e+001
8.408201e+001, 9.000000e+001
8.322247e+001, 9.000000e+001
8.220531e+001, 9.000000e+001
8.103246e+001, 9.000000e+001
7.970616e+001, 9.000000e+001
7.822898e+001, 9.000000e+001
7.660379e+001, 9.000000e+001
7.483378e+001, 9.000000e+001
7.292242e+001, 9.000000e+001
7.087349e+001, 9.000000e+001
6.869107e+001, 9.000000e+001
6.637949e+001, 9.000000e+001
6.394337e+001, 9.000000e+001
6.138757e+001, 9.000000e+001
5.871723e+001, 9.000000e+001
5.593770e+001, 9.000000e+001
5.305457e+001, 9.000000e+001
5.007362e+001, 9.000000e+001
4.700088e+001, 9.000000e+001
4.384251e+001, 9.000000e+001
4.060489e+001, 9.000000e+001
3.729454e+001, 9.000000e+001
3.391813e+001, 9.000000e+001
3.048246e+001, 9.000000e+001
2.699445e+001, 9.000000e+001
2.346111e+001, 9.000000e+001
1.988956e+001, 9.000000e+001
1.628697e+001, 9.000000e+001
1.266057e+001, 8.999999e+001
9.017638e+000, 8.999999e+001
5.365472e+000, 8.999999e+001
1.711381e+000, 8.999996e+001
1.937333e+000, 2.700000e+002
5.573388e+000, 2.700000e+002
9.189538e+000, 2.700000e+002
1.277859e+001, 2.700000e+002
1.633340e+001, 2.700000e+002
1.984694e+001, 2.700000e+002
2.331223e+001, 2.700000e+002
2.672244e+001, 2.700000e+002
3.007082e+001, 2.700000e+002
3.335078e+001, 2.700000e+002
3.655588e+001, 2.700000e+002
3.967982e+001, 2.700000e+002
4.271648e+001, 2.700000e+002
4.565993e+001, 2.700000e+002
4.850443e+001, 2.700000e+002
5.124443e+001, 2.700000e+002
5.387460e+001, 2.700000e+002
5.638986e+001, 2.700000e+002
5.878534e+001, 2.700000e+002
6.105640e+001, 2.700000e+002
6.319868e+001, 2.700000e+002
6.520807e+001, 2.700000e+002
6.708071e+001, 2.700000e+002
6.881304e+001, 2.700000e+002
7.040176e+001, 2.700000e+002
7.184385e+001, 2.700000e+002
7.313661e+001, 2.700000e+002
7.427761e+001, 2.700000e+002
7.526472e+001, 2.700000e+002
7.609612e+001, 2.700000e+002
7.677029e+001, 2.700000e+002
7.728604e+001, 2.700000e+002
7.764245e+001, 2.700000e+002
7.783895e+001, 2.700000e+002
7.787527e+001, 2.700000e+002
7.775144e+001, 2.700000e+002
7.746781e+001, 2.700000e+002
7.702505e+001, 2.700000e+002
7.642413e+001, 2.700000e+002
7.566633e+001, 2.700000e+002
7.475323e+001, 2.700000e+002
7.368672e+001, 2.700000e+002
7.246897e+001, 2.700000e+002
7.110247e+001, 2.700000e+002
6.958998e+001, 2.700000e+002
6.793453e+001, 2.700000e+002
6.613946e+001, 2.700000e+002
7.583441e+001, 9.000000e+001
7.517055e+001, 9.000000e+001
7.452945e+001, 9.000000e+001
7.391243e+001, 9.000000e+001
7.332080e+001, 9.000000e+001
7.275578e+001, 9.000000e+001
7.221855e+001, 9.000000e+001
7.171021e+001, 9.000000e+001
7.123183e+001, 9.000000e+001
7.078438e+001, 9.000000e+001
7.036879e+001, 9.000000e+001
6.998591e+001, 9.000000e+001
6.963651e+001, 9.000000e+001
6.932129e+001, 9.000000e+001
6.904091e+001, 9.000000e+001
6.879590e+001, 9.000000e+001
6.858675e+001, 9.000000e+001
6.841387e+001, 9.000000e+001
6.827757e+001, 9.000000e+001
6.817810e+001, 9.000000e+001
6.811562e+001, 9.000000e+001
6.809022e+001, 9.000000e+001
6.810190e+001, 9.000000e+001
6.815058e+001, 9.000000e+001
6.823609e+001, 9.000000e+001
6.835820e+001, 9.000000e+001
6.851659e+001, 9.000000e+001
6.871084e+001, 9.000000e+001
6.894048e+001, 9.000000e+001
6.920495e+001, 9.000000e+001
6.950360e+001, 9.000000e+001
6.983572e+001, 9.000000e+001
7.020052e+001, 9.000000e+001
7.059713e+001, 9.000000e+001
7.102462e+001, 9.000000e+001
7.148198e+001, 9.000000e+001
7.196813e+001, 9.000000e+001
7.248194e+001, 9.000000e+001
7.302220e+001, 9.000000e+001
7.358765e+001, 9.000000e+001
7.417696e+001, 9.000000e+001
7.478877e+001, 9.000000e+001
7.542164e+001, 9.000000e+001
7.607410e+001, 9.000000e+001
7.674463e+001, 9.000000e+001
7.743166e+001, 9.000000e+001
7.813360e+001, 9.000000e+001
7.884881e+001, 9.000000e+001
7.957563e+001, 9.000000e+001
8.031238e+001, 9.000000e+001
8.105733e+001, 9.000000e+001
8.180877e+001, 9.000000e+001
8.256495e+001, 9.000000e+001
8.332412e+001, 9.000000e+001
8.408453e+001, 9.000000e+001
8.484443e+001, 9.000000e+001
8.560206e+001, 9.000000e+001
8.635569e+001, 9.000000e+001
8.710360e+001, 9.000000e+001
8.784406e+001, 9.000000e+001
8.857541e+001, 9.000000e+001
8.929597e+001, 9.000000e+001
9.000413e+001, 9.000000e+001
9.069829e+001, 9.000000e+001
9.137690e+001, 9.000000e+001
9.203845e+001, 9.000000e+001
9.268149e+001, 9.000000e+001
9.330460e+001, 9.000000e+001
9.390643e+001, 9.000000e+001
9.448568e+001, 9.000000e+001
9.504113e+001, 9.000000e+001
9.557161e+001, 9.000000e+001
9.607601e+001, 9.000000e+001
9.655331e+001, 9.000000e+001
9.700255e+001, 9.000000e+001
9.742286e+001, 9.000000e+001
9.781342e+001, 9.000000e+001
9.817352e+001, 9.000000e+001
9.850252e+001, 9.000000e+001
9.879985e+001, 9.000000e+001
9.906504e+001, 9.000000e+001
9.929769e+001, 9.000000e+001
9.949750e+001, 9.000000e+001
9.966424e+001, 9.000000e+001
9.979778e+001, 9.000000e+001
9.989805e+001, 9.000000e+001
9.996509e+001, 9.000000e+001
9.999901e+001, 9.000000e+001
1.000000e+002, 9.000000e+001
9.996834e+001, 9.000000e+001
9.990438e+001, 9.000000e+001
9.980855e+001, 9.000000e+001
9.968137e+001, 9.000000e+001
9.952340e+001, 9.000000e+001
9.933531e+001, 9.000000e+001
9.911781e+001, 9.000000e+001
9.887169e+001, 9.000000e+001
9.859780e+001, 9.000000e+001
9.829705e+001, 9.000000e+001
9.797040e+001, 9.000000e+001
9.761888e+001, 9.000000e+001
9.724357e+001, 9.000000e+001
9.684557e+001, 9.000000e+001
9.642605e+001, 9.000000e+001
9.598622e+001, 9.000000e+001
9.552732e+001, 9.000000e+001
9.505062e+001, 9.000000e+001
9.455743e+001, 9.000000e+001
9.404908e+001, 9.000000e+001
9.352692e+001, 9.000000e+001
9.299232e+001, 9.000000e+001
9.244668e+001, 9.000000e+001
9.189139e+001, 9.000000e+001
9.132786e+001, 9.000000e+001
9.075752e+001, 9.000000e+001
9.018177e+001, 9.000000e+001
8.960203e+001, 9.000000e+001
8.901972e+001, 9.000000e+001
8.843623e+001, 9.000000e+001
8.785297e+001, 9.000000e+001
8.727132e+001, 9.000000e+001
8.669263e+001, 9.000000e+001
8.611827e+001, 9.000000e+001
8.554954e+001, 9.000000e+001
8.498775e+001, 9.000000e+001
8.443418e+001, 9.000000e+001
8.389007e+001, 9.000000e+001
8.335664e+001, 9.000000e+001
8.283506e+001, 9.000000e+001
8.232648e+001, 9.000000e+001
8.183202e+001, 9.000000e+001
8.135274e+001, 9.000000e+001
8.088967e+001, 9.000000e+001
8.044379e+001, 9.000000e+001
8.001606e+001, 9.000000e+001
7.960736e+001, 9.000000e+001
7.921854e+001, 9.000000e+001
7.885041e+001, 9.000000e+001
7.850372e+001, 9.000000e+001
7.817916e+001, 9.000000e+001
7.787739e+001, 9.000000e+001
7.759900e+001, 9.000000e+001
7.734453e+001, 9.000000e+001
7.711447e+001, 9.000000e+001
7.690925e+001, 9.000000e+001
7.672924e+001, 9.000000e+001
7.657477e+001, 9.000000e+001
7.644608e+001, 9.000000e+001
7.634338e+001, 9.000000e+001
7.626682e+001, 9.000000e+001
7.621648e+001, 9.000000e+001
7.619237e+001, 9.000000e+001
7.619448e+001, 9.000000e+001
7.622271e+001, 9.000000e+001
7.627689e+001, 9.000000e+001
7.635683e+001, 9.000000e+001
7.646224e+001, 9.000000e+001
7.659280e+001, 9.000000e+001
7.674813e+001, 9.000000e+001
7.692776e+001, 9.000000e+001
7.713121e+001, 9.000000e+001
7.735791e+001, 9.000000e+001
7.760725e+001, 9.000000e+001
7.787856e+001, 9.000000e+001
7.817111e+001, 9.000000e+001
7.848414e+001, 9.000000e+001
7.881681e+001, 9.000000e+001
7.916825e+001, 9.000000e+001
7.953754e+001, 9.000000e+001
7.992372e+001, 9.000000e+001
8.032576e+001, 9.000000e+001
8.074263e+001, 9.000000e+001
8.117323e+001, 9.000000e+001
##END
