##TITLE= Pf1-7t0705-0t1217
##JCAMP-DX= 5.00 Bruker JCAMP library
##DATA TYPE= Shape Data
##ORIGIN= Bruker BioSpin GmbH
##OWNER= <Alexej Jerschow>
##DATE= 2009/01/20
##TIME= 17:04:06
##$SHAPE_PARAMETERS= 
##MINX= 1.884172e-001
##MAXX= 1.000000e+002
##MINY= 9.000000e+001
##MAXY= 2.700000e+002
##$SHAPE_EXMODE= 
##$SHAPE_TOTROT= 
##$SHAPE_TYPE= 
##$SHAPE_USER_DEF= 
##$SHAPE_REPHFAC= 
##$SHAPE_BWFAC= 
##$SHAPE_BWFAC50= 
##$SHAPE_INTEGFAC= 
##$SHAPE_MODE= 
##NPOINTS= 1000
##XYPOINTS= (XY..XY)
1.161352e+001, 9.000000e+001
1.509356e+001, 9.000000e+001
1.854433e+001, 9.000000e+001
2.195911e+001, 9.000000e+001
2.533128e+001, 9.000000e+001
2.865432e+001, 9.000000e+001
3.192183e+001, 9.000000e+001
3.512755e+001, 9.000000e+001
3.826535e+001, 9.000000e+001
4.132928e+001, 9.000000e+001
4.431352e+001, 9.000000e+001
4.721245e+001, 9.000000e+001
5.002060e+001, 9.000000e+001
5.273273e+001, 9.000000e+001
5.534377e+001, 9.000000e+001
5.784886e+001, 9.000000e+001
6.024335e+001, 9.000000e+001
6.252282e+001, 9.000000e+001
6.468307e+001, 9.000000e+001
6.672014e+001, 9.000000e+001
6.863028e+001, 9.000000e+001
7.041001e+001, 9.000000e+001
7.205608e+001, 9.000000e+001
7.356550e+001, 9.000000e+001
7.493552e+001, 9.000000e+001
7.616367e+001, 9.000000e+001
7.724771e+001, 9.000000e+001
7.818569e+001, 9.000000e+001
7.897590e+001, 9.000000e+001
7.961692e+001, 9.000000e+001
8.010758e+001, 9.000000e+001
8.044700e+001, 9.000000e+001
8.063454e+001, 9.000000e+001
8.066987e+001, 9.000000e+001
8.055289e+001, 9.000000e+001
8.028381e+001, 9.000000e+001
7.986308e+001, 9.000000e+001
7.929145e+001, 9.000000e+001
7.856991e+001, 9.000000e+001
7.769975e+001, 9.000000e+001
7.668251e+001, 9.000000e+001
7.551999e+001, 9.000000e+001
7.421427e+001, 9.000000e+001
7.276769e+001, 9.000000e+001
7.118285e+001, 9.000000e+001
6.946259e+001, 9.000000e+001
6.761002e+001, 9.000000e+001
6.562850e+001, 9.000000e+001
6.352162e+001, 9.000000e+001
6.129324e+001, 9.000000e+001
5.894743e+001, 9.000000e+001
5.648849e+001, 9.000000e+001
5.392097e+001, 9.000000e+001
5.124961e+001, 9.000000e+001
4.847939e+001, 9.000000e+001
4.561547e+001, 9.000000e+001
4.266321e+001, 9.000000e+001
3.962818e+001, 9.000000e+001
3.651612e+001, 9.000000e+001
3.333293e+001, 9.000000e+001
3.008469e+001, 9.000000e+001
2.677762e+001, 9.000000e+001
2.341808e+001, 9.000000e+001
2.001257e+001, 9.000000e+001
1.656771e+001, 9.000000e+001
1.309020e+001, 9.000000e+001
9.586869e+000, 9.000000e+001
6.064610e+000, 9.000000e+001
2.530384e+000, 9.000000e+001
1.008790e+000, 2.700000e+002
4.545855e+000, 2.700000e+002
8.073728e+000, 2.700000e+002
1.158531e+001, 2.700000e+002
1.507352e+001, 2.700000e+002
1.853128e+001, 2.700000e+002
2.195155e+001, 2.700000e+002
2.532734e+001, 2.700000e+002
2.865174e+001, 2.700000e+002
3.191789e+001, 2.700000e+002
3.511905e+001, 2.700000e+002
3.824859e+001, 2.700000e+002
4.130001e+001, 2.700000e+002
4.426693e+001, 2.700000e+002
4.714315e+001, 2.700000e+002
4.992264e+001, 2.700000e+002
5.259955e+001, 2.700000e+002
5.516825e+001, 2.700000e+002
5.762329e+001, 2.700000e+002
5.995949e+001, 2.700000e+002
6.217189e+001, 2.700000e+002
6.425578e+001, 2.700000e+002
6.620674e+001, 2.700000e+002
6.802060e+001, 2.700000e+002
6.969349e+001, 2.700000e+002
7.122185e+001, 2.700000e+002
7.260241e+001, 2.700000e+002
7.383223e+001, 2.700000e+002
7.490867e+001, 2.700000e+002
7.582945e+001, 2.700000e+002
7.659260e+001, 2.700000e+002
7.719650e+001, 2.700000e+002
7.763989e+001, 2.700000e+002
7.792183e+001, 2.700000e+002
7.804174e+001, 2.700000e+002
7.799940e+001, 2.700000e+002
7.779492e+001, 2.700000e+002
7.742880e+001, 2.700000e+002
7.690184e+001, 2.700000e+002
7.621521e+001, 2.700000e+002
7.537044e+001, 2.700000e+002
7.436936e+001, 2.700000e+002
7.321416e+001, 2.700000e+002
7.190736e+001, 2.700000e+002
7.045177e+001, 2.700000e+002
6.885056e+001, 2.700000e+002
6.710716e+001, 2.700000e+002
6.522532e+001, 2.700000e+002
6.320908e+001, 2.700000e+002
6.106272e+001, 2.700000e+002
5.879083e+001, 2.700000e+002
5.639823e+001, 2.700000e+002
5.388998e+001, 2.700000e+002
5.127136e+001, 2.700000e+002
4.854790e+001, 2.700000e+002
4.572528e+001, 2.700000e+002
4.280942e+001, 2.700000e+002
3.980638e+001, 2.700000e+002
3.672239e+001, 2.700000e+002
3.356383e+001, 2.700000e+002
3.033719e+001, 2.700000e+002
2.704911e+001, 2.700000e+002
2.370631e+001, 2.700000e+002
2.031559e+001, 2.700000e+002
1.688383e+001, 2.700000e+002
1.341797e+001, 2.700000e+002
9.924986e+000, 2.700000e+002
6.411882e+000, 2.700000e+002
2.885672e+000, 2.700000e+002
6.466318e-001, 9.000000e+001
4.178033e+000, 9.000000e+001
7.701566e+000, 9.000000e+001
1.121031e+001, 9.000000e+001
1.469740e+001, 9.000000e+001
1.815606e+001, 9.000000e+001
2.157956e+001, 9.000000e+001
2.496130e+001, 9.000000e+001
2.829478e+001, 9.000000e+001
3.157361e+001, 9.000000e+001
3.479154e+001, 9.000000e+001
3.794247e+001, 9.000000e+001
4.102043e+001, 9.000000e+001
4.401963e+001, 9.000000e+001
4.693444e+001, 9.000000e+001
4.975942e+001, 9.000000e+001
5.248932e+001, 9.000000e+001
5.511908e+001, 9.000000e+001
5.764385e+001, 9.000000e+001
6.005897e+001, 9.000000e+001
6.236004e+001, 9.000000e+001
6.454284e+001, 9.000000e+001
6.660341e+001, 9.000000e+001
6.853802e+001, 9.000000e+001
7.034316e+001, 9.000000e+001
7.201558e+001, 9.000000e+001
7.355228e+001, 9.000000e+001
7.495051e+001, 9.000000e+001
7.620777e+001, 9.000000e+001
7.732182e+001, 9.000000e+001
7.829067e+001, 9.000000e+001
7.911262e+001, 9.000000e+001
7.978619e+001, 9.000000e+001
8.031022e+001, 9.000000e+001
8.068376e+001, 9.000000e+001
8.090617e+001, 9.000000e+001
8.097705e+001, 9.000000e+001
8.089630e+001, 9.000000e+001
8.066405e+001, 9.000000e+001
8.028072e+001, 9.000000e+001
7.974700e+001, 9.000000e+001
7.906384e+001, 9.000000e+001
7.823245e+001, 9.000000e+001
7.725432e+001, 9.000000e+001
7.613118e+001, 9.000000e+001
7.486505e+001, 9.000000e+001
7.345819e+001, 9.000000e+001
7.191312e+001, 9.000000e+001
7.023260e+001, 9.000000e+001
6.841966e+001, 9.000000e+001
6.647757e+001, 9.000000e+001
6.440985e+001, 9.000000e+001
6.222023e+001, 9.000000e+001
5.991271e+001, 9.000000e+001
5.749149e+001, 9.000000e+001
5.496101e+001, 9.000000e+001
5.232593e+001, 9.000000e+001
4.959110e+001, 9.000000e+001
4.676159e+001, 9.000000e+001
4.384266e+001, 9.000000e+001
4.083976e+001, 9.000000e+001
3.775853e+001, 9.000000e+001
3.460476e+001, 9.000000e+001
3.138442e+001, 9.000000e+001
2.810363e+001, 9.000000e+001
2.476865e+001, 9.000000e+001
2.138586e+001, 9.000000e+001
1.796178e+001, 9.000000e+001
1.450304e+001, 9.000000e+001
1.101633e+001, 9.000000e+001
7.508475e+000, 9.000000e+001
3.986338e+000, 9.000000e+001
4.568522e-001, 9.000000e+001
3.073007e+000, 2.700000e+002
6.596234e+000, 2.700000e+002
1.010580e+001, 2.700000e+002
1.359469e+001, 2.700000e+002
1.705589e+001, 2.700000e+002
2.048240e+001, 2.700000e+002
2.386730e+001, 2.700000e+002
2.720369e+001, 2.700000e+002
3.048476e+001, 2.700000e+002
3.370379e+001, 2.700000e+002
3.685416e+001, 2.700000e+002
3.992937e+001, 2.700000e+002
4.292305e+001, 2.700000e+002
4.582898e+001, 2.700000e+002
4.864111e+001, 2.700000e+002
5.135356e+001, 2.700000e+002
5.396065e+001, 2.700000e+002
5.645690e+001, 2.700000e+002
5.883704e+001, 2.700000e+002
6.109606e+001, 2.700000e+002
6.322917e+001, 2.700000e+002
6.523185e+001, 2.700000e+002
6.709984e+001, 2.700000e+002
6.882917e+001, 2.700000e+002
7.041615e+001, 2.700000e+002
7.185739e+001, 2.700000e+002
7.314981e+001, 2.700000e+002
7.429065e+001, 2.700000e+002
7.527746e+001, 2.700000e+002
7.610813e+001, 2.700000e+002
7.678088e+001, 2.700000e+002
7.729428e+001, 2.700000e+002
7.764721e+001, 2.700000e+002
7.783893e+001, 2.700000e+002
7.786904e+001, 2.700000e+002
7.773747e+001, 2.700000e+002
7.744451e+001, 2.700000e+002
7.699081e+001, 2.700000e+002
7.637734e+001, 2.700000e+002
7.560543e+001, 2.700000e+002
7.467674e+001, 2.700000e+002
7.359327e+001, 2.700000e+002
7.235735e+001, 2.700000e+002
7.097162e+001, 2.700000e+002
6.943906e+001, 2.700000e+002
6.776293e+001, 2.700000e+002
6.594682e+001, 2.700000e+002
6.399457e+001, 2.700000e+002
6.191035e+001, 2.700000e+002
5.969855e+001, 2.700000e+002
5.736386e+001, 2.700000e+002
5.491119e+001, 2.700000e+002
5.234569e+001, 2.700000e+002
4.967275e+001, 2.700000e+002
4.689794e+001, 2.700000e+002
4.402705e+001, 2.700000e+002
4.106605e+001, 2.700000e+002
3.802105e+001, 2.700000e+002
3.489834e+001, 2.700000e+002
3.170434e+001, 2.700000e+002
2.844560e+001, 2.700000e+002
2.512876e+001, 2.700000e+002
2.176058e+001, 2.700000e+002
1.834788e+001, 2.700000e+002
1.489755e+001, 2.700000e+002
1.141652e+001, 2.700000e+002
7.911765e+000, 2.700000e+002
4.390278e+000, 2.700000e+002
8.590530e-001, 2.700000e+002
2.674926e+000, 9.000000e+001
6.204698e+000, 9.000000e+001
9.723340e+000, 9.000000e+001
1.322398e+001, 9.000000e+001
1.669981e+001, 9.000000e+001
2.014411e+001, 9.000000e+001
2.355023e+001, 9.000000e+001
2.691163e+001, 9.000000e+001
3.022190e+001, 9.000000e+001
3.347474e+001, 9.000000e+001
3.666399e+001, 9.000000e+001
3.978364e+001, 9.000000e+001
4.282782e+001, 9.000000e+001
4.579085e+001, 9.000000e+001
4.866721e+001, 9.000000e+001
5.145158e+001, 9.000000e+001
5.413880e+001, 9.000000e+001
5.672396e+001, 9.000000e+001
5.920230e+001, 9.000000e+001
6.156931e+001, 9.000000e+001
6.382068e+001, 9.000000e+001
6.595236e+001, 9.000000e+001
6.796048e+001, 9.000000e+001
6.984143e+001, 9.000000e+001
7.159186e+001, 9.000000e+001
7.320862e+001, 9.000000e+001
7.468885e+001, 9.000000e+001
7.602991e+001, 9.000000e+001
7.722942e+001, 9.000000e+001
7.828527e+001, 9.000000e+001
7.919560e+001, 9.000000e+001
7.995879e+001, 9.000000e+001
8.057353e+001, 9.000000e+001
8.103872e+001, 9.000000e+001
8.135355e+001, 9.000000e+001
8.151749e+001, 9.000000e+001
8.153024e+001, 9.000000e+001
8.139179e+001, 9.000000e+001
8.110240e+001, 9.000000e+001
8.066256e+001, 9.000000e+001
8.007308e+001, 9.000000e+001
7.933498e+001, 9.000000e+001
7.844957e+001, 9.000000e+001
7.741843e+001, 9.000000e+001
7.624339e+001, 9.000000e+001
7.492652e+001, 9.000000e+001
7.347017e+001, 9.000000e+001
7.187695e+001, 9.000000e+001
7.014968e+001, 9.000000e+001
6.829147e+001, 9.000000e+001
6.630566e+001, 9.000000e+001
6.419582e+001, 9.000000e+001
6.196576e+001, 9.000000e+001
5.961953e+001, 9.000000e+001
5.716139e+001, 9.000000e+001
5.459583e+001, 9.000000e+001
5.192756e+001, 9.000000e+001
4.916148e+001, 9.000000e+001
4.630270e+001, 9.000000e+001
4.335653e+001, 9.000000e+001
4.032844e+001, 9.000000e+001
3.722411e+001, 9.000000e+001
3.404936e+001, 9.000000e+001
3.081019e+001, 9.000000e+001
2.751273e+001, 9.000000e+001
2.416326e+001, 9.000000e+001
2.076817e+001, 9.000000e+001
1.733400e+001, 9.000000e+001
1.386736e+001, 9.000000e+001
1.037497e+001, 9.000000e+001
6.863628e+000, 9.000000e+001
3.340192e+000, 9.000000e+001
1.884172e-001, 2.700000e+002
3.715243e+000, 2.700000e+002
7.233303e+000, 2.700000e+002
1.073560e+001, 2.700000e+002
1.421514e+001, 2.700000e+002
1.766494e+001, 2.700000e+002
2.107807e+001, 2.700000e+002
2.444762e+001, 2.700000e+002
2.776675e+001, 2.700000e+002
3.102870e+001, 2.700000e+002
3.422680e+001, 2.700000e+002
3.735450e+001, 2.700000e+002
4.040534e+001, 2.700000e+002
4.337302e+001, 2.700000e+002
4.625139e+001, 2.700000e+002
4.903446e+001, 2.700000e+002
5.171643e+001, 2.700000e+002
5.429167e+001, 2.700000e+002
5.675479e+001, 2.700000e+002
5.910059e+001, 2.700000e+002
6.132414e+001, 2.700000e+002
6.342071e+001, 2.700000e+002
6.538587e+001, 2.700000e+002
6.721543e+001, 2.700000e+002
6.890550e+001, 2.700000e+002
7.045246e+001, 2.700000e+002
7.185302e+001, 2.700000e+002
7.310415e+001, 2.700000e+002
7.420319e+001, 2.700000e+002
7.514776e+001, 2.700000e+002
7.593582e+001, 2.700000e+002
7.656568e+001, 2.700000e+002
7.703597e+001, 2.700000e+002
7.734567e+001, 2.700000e+002
7.749409e+001, 2.700000e+002
7.748092e+001, 2.700000e+002
7.730616e+001, 2.700000e+002
7.697019e+001, 2.700000e+002
7.647370e+001, 2.700000e+002
7.581777e+001, 2.700000e+002
7.500377e+001, 2.700000e+002
7.403346e+001, 2.700000e+002
7.290889e+001, 2.700000e+002
7.163246e+001, 2.700000e+002
7.020690e+001, 2.700000e+002
6.863524e+001, 2.700000e+002
6.692081e+001, 2.700000e+002
6.506727e+001, 2.700000e+002
6.307852e+001, 2.700000e+002
6.095879e+001, 2.700000e+002
5.871255e+001, 2.700000e+002
5.634452e+001, 2.700000e+002
5.385970e+001, 2.700000e+002
5.126328e+001, 2.700000e+002
4.856070e+001, 2.700000e+002
4.575759e+001, 2.700000e+002
4.285979e+001, 2.700000e+002
3.987330e+001, 2.700000e+002
3.680430e+001, 2.700000e+002
3.365910e+001, 2.700000e+002
3.044417e+001, 2.700000e+002
2.716608e+001, 2.700000e+002
2.383151e+001, 2.700000e+002
2.044724e+001, 2.700000e+002
1.702012e+001, 2.700000e+002
1.355705e+001, 2.700000e+002
1.006498e+001, 2.700000e+002
6.550897e+000, 2.700000e+002
3.021797e+000, 2.700000e+002
5.153235e-001, 9.000000e+001
4.053482e+000, 9.000000e+001
7.585724e+000, 9.000000e+001
1.110514e+001, 9.000000e+001
1.460486e+001, 9.000000e+001
1.807811e+001, 9.000000e+001
2.151817e+001, 9.000000e+001
2.491844e+001, 9.000000e+001
2.827240e+001, 9.000000e+001
3.157366e+001, 9.000000e+001
3.481597e+001, 9.000000e+001
3.799319e+001, 9.000000e+001
4.109936e+001, 9.000000e+001
4.412866e+001, 9.000000e+001
4.707544e+001, 9.000000e+001
4.993423e+001, 9.000000e+001
5.269975e+001, 9.000000e+001
5.536691e+001, 9.000000e+001
5.793082e+001, 9.000000e+001
6.038678e+001, 9.000000e+001
6.273034e+001, 9.000000e+001
6.495724e+001, 9.000000e+001
6.706346e+001, 9.000000e+001
6.904520e+001, 9.000000e+001
7.089890e+001, 9.000000e+001
7.262124e+001, 9.000000e+001
7.420915e+001, 9.000000e+001
7.565979e+001, 9.000000e+001
7.697058e+001, 9.000000e+001
7.813919e+001, 9.000000e+001
7.916356e+001, 9.000000e+001
8.004186e+001, 9.000000e+001
8.077254e+001, 9.000000e+001
8.135431e+001, 9.000000e+001
8.178613e+001, 9.000000e+001
8.206724e+001, 9.000000e+001
8.219714e+001, 9.000000e+001
8.217559e+001, 9.000000e+001
8.200262e+001, 9.000000e+001
8.167852e+001, 9.000000e+001
8.120386e+001, 9.000000e+001
8.057945e+001, 9.000000e+001
7.980640e+001, 9.000000e+001
7.888605e+001, 9.000000e+001
7.782002e+001, 9.000000e+001
7.661019e+001, 9.000000e+001
7.525870e+001, 9.000000e+001
7.376794e+001, 9.000000e+001
7.214055e+001, 9.000000e+001
7.037945e+001, 9.000000e+001
6.848777e+001, 9.000000e+001
6.646891e+001, 9.000000e+001
6.432650e+001, 9.000000e+001
6.206441e+001, 9.000000e+001
5.968675e+001, 9.000000e+001
5.719783e+001, 9.000000e+001
5.460222e+001, 9.000000e+001
5.190466e+001, 9.000000e+001
4.911013e+001, 9.000000e+001
4.622379e+001, 9.000000e+001
4.325102e+001, 9.000000e+001
4.019734e+001, 9.000000e+001
3.706849e+001, 9.000000e+001
3.387035e+001, 9.000000e+001
3.060897e+001, 9.000000e+001
2.729054e+001, 9.000000e+001
2.392139e+001, 9.000000e+001
2.050797e+001, 9.000000e+001
1.705684e+001, 9.000000e+001
1.357469e+001, 9.000000e+001
1.006826e+001, 9.000000e+001
6.544395e+000, 9.000000e+001
3.009998e+000, 9.000000e+001
5.279832e-001, 2.700000e+002
4.062559e+000, 2.700000e+002
7.586719e+000, 2.700000e+002
1.109344e+001, 2.700000e+002
1.457571e+001, 2.700000e+002
1.802654e+001, 2.700000e+002
2.143897e+001, 2.700000e+002
2.480608e+001, 2.700000e+002
2.812103e+001, 2.700000e+002
3.137706e+001, 2.700000e+002
3.456751e+001, 2.700000e+002
3.768581e+001, 2.700000e+002
4.072554e+001, 2.700000e+002
4.368039e+001, 2.700000e+002
4.654423e+001, 2.700000e+002
4.931110e+001, 2.700000e+002
5.197521e+001, 2.700000e+002
5.453097e+001, 2.700000e+002
5.697300e+001, 2.700000e+002
5.929616e+001, 2.700000e+002
6.149553e+001, 2.700000e+002
6.356644e+001, 2.700000e+002
6.550449e+001, 2.700000e+002
6.730554e+001, 2.700000e+002
6.896575e+001, 2.700000e+002
7.048155e+001, 2.700000e+002
7.184970e+001, 2.700000e+002
7.306724e+001, 2.700000e+002
7.413154e+001, 2.700000e+002
7.504031e+001, 2.700000e+002
7.579157e+001, 2.700000e+002
7.638369e+001, 2.700000e+002
7.681538e+001, 2.700000e+002
7.708568e+001, 2.700000e+002
7.719399e+001, 2.700000e+002
7.714006e+001, 2.700000e+002
7.692398e+001, 2.700000e+002
7.654621e+001, 2.700000e+002
7.600752e+001, 2.700000e+002
7.530908e+001, 2.700000e+002
7.445235e+001, 2.700000e+002
7.343917e+001, 2.700000e+002
7.227169e+001, 2.700000e+002
7.095239e+001, 2.700000e+002
6.948411e+001, 2.700000e+002
6.786995e+001, 2.700000e+002
6.611335e+001, 2.700000e+002
6.421805e+001, 2.700000e+002
6.218807e+001, 2.700000e+002
6.002771e+001, 2.700000e+002
5.774155e+001, 2.700000e+002
5.533439e+001, 2.700000e+002
5.281133e+001, 2.700000e+002
5.017765e+001, 2.700000e+002
4.743887e+001, 2.700000e+002
4.460072e+001, 2.700000e+002
4.166911e+001, 2.700000e+002
3.865014e+001, 2.700000e+002
3.555005e+001, 2.700000e+002
3.237525e+001, 2.700000e+002
2.913226e+001, 2.700000e+002
2.582774e+001, 2.700000e+002
2.246842e+001, 2.700000e+002
1.906115e+001, 2.700000e+002
1.561283e+001, 2.700000e+002
1.213043e+001, 2.700000e+002
8.620933e+000, 2.700000e+002
5.091379e+000, 2.700000e+002
1.548802e+000, 2.700000e+002
1.999766e+000, 9.000000e+001
5.547309e+000, 9.000000e+001
9.086847e+000, 9.000000e+001
1.261144e+001, 9.000000e+001
1.611423e+001, 9.000000e+001
1.958839e+001, 9.000000e+001
2.302721e+001, 9.000000e+001
2.642409e+001, 9.000000e+001
2.977249e+001, 9.000000e+001
3.306605e+001, 9.000000e+001
3.629850e+001, 9.000000e+001
3.946373e+001, 9.000000e+001
4.255578e+001, 9.000000e+001
4.556885e+001, 9.000000e+001
4.849732e+001, 9.000000e+001
5.133573e+001, 9.000000e+001
5.407884e+001, 9.000000e+001
5.672156e+001, 9.000000e+001
5.925906e+001, 9.000000e+001
6.168667e+001, 9.000000e+001
6.399996e+001, 9.000000e+001
6.619471e+001, 9.000000e+001
6.826695e+001, 9.000000e+001
7.021292e+001, 9.000000e+001
7.202910e+001, 9.000000e+001
7.371222e+001, 9.000000e+001
7.525925e+001, 9.000000e+001
7.666742e+001, 9.000000e+001
7.793418e+001, 9.000000e+001
7.905727e+001, 9.000000e+001
8.003468e+001, 9.000000e+001
8.086465e+001, 9.000000e+001
8.154569e+001, 9.000000e+001
8.207657e+001, 9.000000e+001
8.245634e+001, 9.000000e+001
8.268428e+001, 9.000000e+001
8.275999e+001, 9.000000e+001
8.268329e+001, 9.000000e+001
8.245431e+001, 9.000000e+001
8.207342e+001, 9.000000e+001
8.154127e+001, 9.000000e+001
8.085878e+001, 9.000000e+001
8.002714e+001, 9.000000e+001
7.904780e+001, 9.000000e+001
7.792249e+001, 9.000000e+001
7.665318e+001, 9.000000e+001
7.524214e+001, 9.000000e+001
7.369185e+001, 9.000000e+001
7.200511e+001, 9.000000e+001
7.018491e+001, 9.000000e+001
6.823454e+001, 9.000000e+001
6.615751e+001, 9.000000e+001
6.395758e+001, 9.000000e+001
6.163876e+001, 9.000000e+001
5.920528e+001, 9.000000e+001
5.666160e+001, 9.000000e+001
5.401240e+001, 9.000000e+001
5.126257e+001, 9.000000e+001
4.841722e+001, 9.000000e+001
4.548166e+001, 9.000000e+001
4.246137e+001, 9.000000e+001
3.936204e+001, 9.000000e+001
3.618951e+001, 9.000000e+001
3.294980e+001, 9.000000e+001
2.964909e+001, 9.000000e+001
2.629368e+001, 9.000000e+001
2.289002e+001, 9.000000e+001
1.944469e+001, 9.000000e+001
1.596435e+001, 9.000000e+001
1.245578e+001, 9.000000e+001
8.925837e+000, 9.000000e+001
5.381456e+000, 9.000000e+001
1.829621e+000, 9.000000e+001
1.722636e+000, 2.700000e+002
5.268253e+000, 2.700000e+002
8.800151e+000, 2.700000e+002
1.231125e+001, 2.700000e+002
1.579449e+001, 2.700000e+002
1.924283e+001, 2.700000e+002
2.264927e+001, 2.700000e+002
2.600689e+001, 2.700000e+002
2.930881e+001, 2.700000e+002
3.254826e+001, 2.700000e+002
3.571857e+001, 2.700000e+002
3.881320e+001, 2.700000e+002
4.182572e+001, 2.700000e+002
4.474987e+001, 2.700000e+002
4.757955e+001, 2.700000e+002
5.030881e+001, 2.700000e+002
5.293194e+001, 2.700000e+002
5.544341e+001, 2.700000e+002
5.783790e+001, 2.700000e+002
6.011033e+001, 2.700000e+002
6.225588e+001, 2.700000e+002
6.426998e+001, 2.700000e+002
6.614831e+001, 2.700000e+002
6.788686e+001, 2.700000e+002
6.948189e+001, 2.700000e+002
7.092996e+001, 2.700000e+002
7.222795e+001, 2.700000e+002
7.337305e+001, 2.700000e+002
7.436277e+001, 2.700000e+002
7.519497e+001, 2.700000e+002
7.586783e+001, 2.700000e+002
7.637988e+001, 2.700000e+002
7.672998e+001, 2.700000e+002
7.691737e+001, 2.700000e+002
7.694161e+001, 2.700000e+002
7.680264e+001, 2.700000e+002
7.650074e+001, 2.700000e+002
7.603653e+001, 2.700000e+002
7.541102e+001, 2.700000e+002
7.462552e+001, 2.700000e+002
7.368173e+001, 2.700000e+002
7.258165e+001, 2.700000e+002
7.132766e+001, 2.700000e+002
6.992244e+001, 2.700000e+002
6.836899e+001, 2.700000e+002
6.667065e+001, 2.700000e+002
6.483104e+001, 2.700000e+002
6.285410e+001, 2.700000e+002
6.074403e+001, 2.700000e+002
5.850534e+001, 2.700000e+002
5.614277e+001, 2.700000e+002
5.366134e+001, 2.700000e+002
5.106630e+001, 2.700000e+002
4.836311e+001, 2.700000e+002
4.555748e+001, 2.700000e+002
4.265528e+001, 2.700000e+002
3.966259e+001, 2.700000e+002
3.658565e+001, 2.700000e+002
3.343086e+001, 2.700000e+002
3.020475e+001, 2.700000e+002
2.691398e+001, 2.700000e+002
2.356533e+001, 2.700000e+002
2.016566e+001, 2.700000e+002
1.672190e+001, 2.700000e+002
1.324106e+001, 2.700000e+002
9.730202e+000, 2.700000e+002
6.196393e+000, 2.700000e+002
2.646736e+000, 2.700000e+002
9.116670e-001, 9.000000e+001
4.471730e+000, 9.000000e+001
8.026392e+000, 9.000000e+001
1.156863e+001, 9.000000e+001
1.509149e+001, 9.000000e+001
1.858807e+001, 9.000000e+001
2.205156e+001, 9.000000e+001
2.547524e+001, 9.000000e+001
2.885249e+001, 9.000000e+001
3.217682e+001, 9.000000e+001
3.544186e+001, 9.000000e+001
3.864139e+001, 9.000000e+001
4.176933e+001, 9.000000e+001
4.481977e+001, 9.000000e+001
4.778695e+001, 9.000000e+001
5.066532e+001, 9.000000e+001
5.344948e+001, 9.000000e+001
5.613427e+001, 9.000000e+001
5.871468e+001, 9.000000e+001
6.118595e+001, 9.000000e+001
6.354353e+001, 9.000000e+001
6.578307e+001, 9.000000e+001
6.790047e+001, 9.000000e+001
6.989186e+001, 9.000000e+001
7.175360e+001, 9.000000e+001
7.348231e+001, 9.000000e+001
7.507483e+001, 9.000000e+001
7.652829e+001, 9.000000e+001
7.784003e+001, 9.000000e+001
7.900768e+001, 9.000000e+001
8.002913e+001, 9.000000e+001
8.090252e+001, 9.000000e+001
8.162626e+001, 9.000000e+001
8.219904e+001, 9.000000e+001
8.261980e+001, 9.000000e+001
8.288777e+001, 9.000000e+001
8.300244e+001, 9.000000e+001
8.296359e+001, 9.000000e+001
8.277125e+001, 9.000000e+001
8.242575e+001, 9.000000e+001
8.192767e+001, 9.000000e+001
8.127788e+001, 9.000000e+001
8.047752e+001, 9.000000e+001
7.952800e+001, 9.000000e+001
7.843102e+001, 9.000000e+001
7.718852e+001, 9.000000e+001
7.580272e+001, 9.000000e+001
7.427612e+001, 9.000000e+001
7.261146e+001, 9.000000e+001
7.081176e+001, 9.000000e+001
6.888028e+001, 9.000000e+001
6.682054e+001, 9.000000e+001
6.463631e+001, 9.000000e+001
6.233159e+001, 9.000000e+001
5.991065e+001, 9.000000e+001
5.737794e+001, 9.000000e+001
5.473818e+001, 9.000000e+001
5.199630e+001, 9.000000e+001
4.915741e+001, 9.000000e+001
4.622687e+001, 9.000000e+001
4.321020e+001, 9.000000e+001
4.011313e+001, 9.000000e+001
3.694154e+001, 9.000000e+001
3.370150e+001, 9.000000e+001
3.039923e+001, 9.000000e+001
2.704109e+001, 9.000000e+001
2.363359e+001, 9.000000e+001
2.018334e+001, 9.000000e+001
1.669708e+001, 9.000000e+001
1.318165e+001, 9.000000e+001
9.643954e+000, 9.000000e+001
6.090992e+000, 9.000000e+001
2.529811e+000, 9.000000e+001
1.032495e+000, 2.700000e+002
4.588799e+000, 2.700000e+002
8.131960e+000, 2.700000e+002
1.165484e+001, 2.700000e+002
1.515030e+001, 2.700000e+002
1.861124e+001, 2.700000e+002
2.203061e+001, 2.700000e+002
2.540140e+001, 2.700000e+002
2.871670e+001, 2.700000e+002
3.196965e+001, 2.700000e+002
3.515355e+001, 2.700000e+002
3.826176e+001, 2.700000e+002
4.128782e+001, 2.700000e+002
4.422540e+001, 2.700000e+002
4.706834e+001, 2.700000e+002
4.981065e+001, 2.700000e+002
5.244656e+001, 2.700000e+002
5.497047e+001, 2.700000e+002
5.737704e+001, 2.700000e+002
5.966113e+001, 2.700000e+002
6.181788e+001, 2.700000e+002
6.384266e+001, 2.700000e+002
6.573113e+001, 2.700000e+002
6.747923e+001, 2.700000e+002
6.908318e+001, 2.700000e+002
7.053953e+001, 2.700000e+002
7.184510e+001, 2.700000e+002
7.299708e+001, 2.700000e+002
7.399295e+001, 2.700000e+002
7.483054e+001, 2.700000e+002
7.550802e+001, 2.700000e+002
7.602390e+001, 2.700000e+002
7.637705e+001, 2.700000e+002
7.656668e+001, 2.700000e+002
7.659237e+001, 2.700000e+002
7.645403e+001, 2.700000e+002
7.615197e+001, 2.700000e+002
7.568682e+001, 2.700000e+002
7.505957e+001, 2.700000e+002
7.427158e+001, 2.700000e+002
7.332455e+001, 2.700000e+002
7.222052e+001, 2.700000e+002
7.096187e+001, 2.700000e+002
6.955132e+001, 2.700000e+002
6.799191e+001, 2.700000e+002
6.628701e+001, 2.700000e+002
6.444028e+001, 2.700000e+002
6.245569e+001, 2.700000e+002
6.033751e+001, 2.700000e+002
5.809027e+001, 2.700000e+002
8.309035e+001, 9.000000e+001
8.286152e+001, 9.000000e+001
8.263210e+001, 9.000000e+001
8.240290e+001, 9.000000e+001
8.217476e+001, 9.000000e+001
8.194849e+001, 9.000000e+001
8.172495e+001, 9.000000e+001
8.150497e+001, 9.000000e+001
8.128939e+001, 9.000000e+001
8.107906e+001, 9.000000e+001
8.087482e+001, 9.000000e+001
8.067750e+001, 9.000000e+001
8.048792e+001, 9.000000e+001
8.030689e+001, 9.000000e+001
8.013521e+001, 9.000000e+001
7.997366e+001, 9.000000e+001
7.982299e+001, 9.000000e+001
7.968396e+001, 9.000000e+001
7.955728e+001, 9.000000e+001
7.944363e+001, 9.000000e+001
7.934368e+001, 9.000000e+001
7.925806e+001, 9.000000e+001
7.918737e+001, 9.000000e+001
7.913218e+001, 9.000000e+001
7.909302e+001, 9.000000e+001
7.907037e+001, 9.000000e+001
7.906470e+001, 9.000000e+001
7.907641e+001, 9.000000e+001
7.910588e+001, 9.000000e+001
7.915343e+001, 9.000000e+001
7.921933e+001, 9.000000e+001
7.930383e+001, 9.000000e+001
7.940711e+001, 9.000000e+001
7.952931e+001, 9.000000e+001
7.967052e+001, 9.000000e+001
7.983077e+001, 9.000000e+001
8.001005e+001, 9.000000e+001
8.020831e+001, 9.000000e+001
8.042542e+001, 9.000000e+001
8.066122e+001, 9.000000e+001
8.091548e+001, 9.000000e+001
8.118795e+001, 9.000000e+001
8.147829e+001, 9.000000e+001
8.178614e+001, 9.000000e+001
8.211105e+001, 9.000000e+001
8.245256e+001, 9.000000e+001
8.281013e+001, 9.000000e+001
8.318320e+001, 9.000000e+001
8.357112e+001, 9.000000e+001
8.397322e+001, 9.000000e+001
8.438878e+001, 9.000000e+001
8.481703e+001, 9.000000e+001
8.525716e+001, 9.000000e+001
8.570830e+001, 9.000000e+001
8.616956e+001, 9.000000e+001
8.663999e+001, 9.000000e+001
8.711862e+001, 9.000000e+001
8.760444e+001, 9.000000e+001
8.809639e+001, 9.000000e+001
8.859338e+001, 9.000000e+001
8.909432e+001, 9.000000e+001
8.959805e+001, 9.000000e+001
9.010342e+001, 9.000000e+001
9.060922e+001, 9.000000e+001
9.111426e+001, 9.000000e+001
9.161731e+001, 9.000000e+001
9.211712e+001, 9.000000e+001
9.261244e+001, 9.000000e+001
9.310200e+001, 9.000000e+001
9.358455e+001, 9.000000e+001
9.405880e+001, 9.000000e+001
9.452348e+001, 9.000000e+001
9.497734e+001, 9.000000e+001
9.541910e+001, 9.000000e+001
9.584752e+001, 9.000000e+001
9.626136e+001, 9.000000e+001
9.665940e+001, 9.000000e+001
9.704044e+001, 9.000000e+001
9.740330e+001, 9.000000e+001
9.774684e+001, 9.000000e+001
9.806992e+001, 9.000000e+001
9.837148e+001, 9.000000e+001
9.865045e+001, 9.000000e+001
9.890583e+001, 9.000000e+001
9.913666e+001, 9.000000e+001
9.934201e+001, 9.000000e+001
9.952102e+001, 9.000000e+001
9.967286e+001, 9.000000e+001
9.979678e+001, 9.000000e+001
9.989206e+001, 9.000000e+001
9.995807e+001, 9.000000e+001
9.999422e+001, 9.000000e+001
1.000000e+002, 9.000000e+001
9.997496e+001, 9.000000e+001
9.991871e+001, 9.000000e+001
9.983096e+001, 9.000000e+001
9.971146e+001, 9.000000e+001
9.956005e+001, 9.000000e+001
9.937666e+001, 9.000000e+001
9.916126e+001, 9.000000e+001
9.891394e+001, 9.000000e+001
9.863484e+001, 9.000000e+001
9.832419e+001, 9.000000e+001
9.798230e+001, 9.000000e+001
9.760954e+001, 9.000000e+001
9.720640e+001, 9.000000e+001
9.677340e+001, 9.000000e+001
9.631118e+001, 9.000000e+001
9.582044e+001, 9.000000e+001
9.530194e+001, 9.000000e+001
9.475656e+001, 9.000000e+001
9.418520e+001, 9.000000e+001
9.358886e+001, 9.000000e+001
9.296862e+001, 9.000000e+001
9.232562e+001, 9.000000e+001
9.166104e+001, 9.000000e+001
9.097616e+001, 9.000000e+001
9.027230e+001, 9.000000e+001
8.955084e+001, 9.000000e+001
8.881322e+001, 9.000000e+001
8.806094e+001, 9.000000e+001
8.729552e+001, 9.000000e+001
8.651854e+001, 9.000000e+001
8.573164e+001, 9.000000e+001
8.493646e+001, 9.000000e+001
8.413471e+001, 9.000000e+001
8.332809e+001, 9.000000e+001
8.251837e+001, 9.000000e+001
8.170731e+001, 9.000000e+001
8.089669e+001, 9.000000e+001
8.008831e+001, 9.000000e+001
7.928397e+001, 9.000000e+001
7.848550e+001, 9.000000e+001
7.769469e+001, 9.000000e+001
7.691335e+001, 9.000000e+001
7.614329e+001, 9.000000e+001
7.538627e+001, 9.000000e+001
7.464407e+001, 9.000000e+001
7.391844e+001, 9.000000e+001
7.321108e+001, 9.000000e+001
7.252368e+001, 9.000000e+001
7.185790e+001, 9.000000e+001
7.121534e+001, 9.000000e+001
7.059759e+001, 9.000000e+001
7.000617e+001, 9.000000e+001
6.944254e+001, 9.000000e+001
6.890814e+001, 9.000000e+001
6.840433e+001, 9.000000e+001
6.793241e+001, 9.000000e+001
6.749363e+001, 9.000000e+001
6.708915e+001, 9.000000e+001
6.672008e+001, 9.000000e+001
6.638747e+001, 9.000000e+001
6.609225e+001, 9.000000e+001
6.583532e+001, 9.000000e+001
6.561748e+001, 9.000000e+001
6.543944e+001, 9.000000e+001
6.530184e+001, 9.000000e+001
6.520523e+001, 9.000000e+001
6.515008e+001, 9.000000e+001
6.513677e+001, 9.000000e+001
6.516558e+001, 9.000000e+001
6.523670e+001, 9.000000e+001
6.535025e+001, 9.000000e+001
6.550624e+001, 9.000000e+001
6.570459e+001, 9.000000e+001
6.594513e+001, 9.000000e+001
6.622761e+001, 9.000000e+001
6.655167e+001, 9.000000e+001
6.691687e+001, 9.000000e+001
6.732266e+001, 9.000000e+001
6.776844e+001, 9.000000e+001
6.825348e+001, 9.000000e+001
##END
