##TITLE= Pf1-4t5-0h3512
##JCAMP-DX= 5.00 Bruker JCAMP library
##DATA TYPE= Shape Data
##ORIGIN= Bruker BioSpin GmbH
##OWNER= <Alexej Jerschow>
##DATE= 2009/01/20
##TIME= 17:09:11
##$SHAPE_PARAMETERS= 
##MINX= 1.161605e-001
##MAXX= 1.000000e+002
##MINY= 8.999988e+001
##MAXY= 2.700003e+002
##$SHAPE_EXMODE= 
##$SHAPE_TOTROT= 
##$SHAPE_TYPE= 
##$SHAPE_USER_DEF= 
##$SHAPE_REPHFAC= 
##$SHAPE_BWFAC= 
##$SHAPE_BWFAC50= 
##$SHAPE_INTEGFAC= 
##$SHAPE_MODE= 
##NPOINTS= 1000
##XYPOINTS= (XY..XY)
1.258594e+001, 9.000000e+001
1.331069e+001, 9.000000e+001
1.401579e+001, 9.000000e+001
1.470043e+001, 9.000000e+001
1.536385e+001, 9.000000e+001
1.600537e+001, 9.000000e+001
1.662441e+001, 9.000000e+001
1.722046e+001, 9.000000e+001
1.779310e+001, 9.000000e+001
1.834199e+001, 9.000000e+001
1.886690e+001, 9.000000e+001
1.936765e+001, 9.000000e+001
1.984417e+001, 9.000000e+001
2.029647e+001, 9.000000e+001
2.072464e+001, 9.000000e+001
2.112884e+001, 9.000000e+001
2.150933e+001, 9.000000e+001
2.186642e+001, 9.000000e+001
2.220049e+001, 9.000000e+001
2.251199e+001, 9.000000e+001
2.280143e+001, 9.000000e+001
2.306936e+001, 9.000000e+001
2.331639e+001, 9.000000e+001
2.354317e+001, 9.000000e+001
2.375037e+001, 9.000000e+001
2.393870e+001, 9.000000e+001
2.410888e+001, 9.000000e+001
2.426165e+001, 9.000000e+001
2.439776e+001, 9.000000e+001
2.451795e+001, 9.000000e+001
2.462295e+001, 9.000000e+001
2.471349e+001, 9.000000e+001
2.479025e+001, 9.000000e+001
2.485392e+001, 9.000000e+001
2.490511e+001, 9.000000e+001
2.494444e+001, 9.000000e+001
2.497243e+001, 9.000000e+001
2.498960e+001, 9.000000e+001
2.499637e+001, 9.000000e+001
2.499313e+001, 9.000000e+001
2.498019e+001, 9.000000e+001
2.495781e+001, 9.000000e+001
2.492615e+001, 9.000000e+001
2.488533e+001, 9.000000e+001
2.483538e+001, 9.000000e+001
2.477627e+001, 9.000000e+001
2.470787e+001, 9.000000e+001
2.463001e+001, 9.000000e+001
2.454243e+001, 9.000000e+001
2.444479e+001, 9.000000e+001
2.433671e+001, 9.000000e+001
2.421773e+001, 9.000000e+001
2.408731e+001, 9.000000e+001
2.394490e+001, 9.000000e+001
2.378984e+001, 9.000000e+001
2.362147e+001, 9.000000e+001
2.343907e+001, 9.000000e+001
2.324187e+001, 9.000000e+001
2.302909e+001, 9.000000e+001
2.279992e+001, 9.000000e+001
2.255352e+001, 9.000000e+001
2.228906e+001, 9.000000e+001
2.200570e+001, 9.000000e+001
2.170259e+001, 9.000000e+001
2.137891e+001, 9.000000e+001
2.103385e+001, 9.000000e+001
2.066663e+001, 9.000000e+001
2.027649e+001, 9.000000e+001
1.986272e+001, 9.000000e+001
1.942466e+001, 9.000000e+001
1.896169e+001, 9.000000e+001
1.847327e+001, 9.000000e+001
1.795890e+001, 9.000000e+001
1.741817e+001, 9.000000e+001
1.685073e+001, 9.000000e+001
1.625632e+001, 9.000000e+001
1.563477e+001, 9.000000e+001
1.498599e+001, 9.000000e+001
1.430999e+001, 9.000000e+001
1.360685e+001, 9.000000e+001
1.287677e+001, 9.000000e+001
1.212005e+001, 9.000000e+001
1.133706e+001, 9.000000e+001
1.052831e+001, 9.000000e+001
9.694364e+000, 9.000000e+001
8.835916e+000, 9.000000e+001
7.953739e+000, 9.000000e+001
7.048703e+000, 9.000000e+001
6.121767e+000, 9.000001e+001
5.173976e+000, 9.000001e+001
4.206458e+000, 9.000001e+001
3.220419e+000, 9.000001e+001
2.217138e+000, 9.000001e+001
1.197958e+000, 9.000003e+001
1.642870e-001, 9.000020e+001
8.824143e-001, 2.700000e+002
1.940637e+000, 2.700000e+002
3.008830e+000, 2.700000e+002
4.085411e+000, 2.700000e+002
5.168768e+000, 2.700000e+002
6.257274e+000, 2.700000e+002
7.349288e+000, 2.700000e+002
8.443168e+000, 2.700000e+002
9.537276e+000, 2.700000e+002
1.062999e+001, 2.700000e+002
1.171970e+001, 2.700000e+002
1.280482e+001, 2.700000e+002
1.388383e+001, 2.700000e+002
1.495522e+001, 2.700000e+002
1.601753e+001, 2.700000e+002
1.706937e+001, 2.700000e+002
1.810941e+001, 2.700000e+002
1.913637e+001, 2.700000e+002
2.014907e+001, 2.700000e+002
2.114639e+001, 2.700000e+002
2.212728e+001, 2.700000e+002
2.309079e+001, 2.700000e+002
2.403607e+001, 2.700000e+002
2.496232e+001, 2.700000e+002
2.586887e+001, 2.700000e+002
2.675513e+001, 2.700000e+002
2.762059e+001, 2.700000e+002
2.846486e+001, 2.700000e+002
2.928761e+001, 2.700000e+002
3.008863e+001, 2.700000e+002
3.086778e+001, 2.700000e+002
3.162501e+001, 2.700000e+002
3.236036e+001, 2.700000e+002
3.307394e+001, 2.700000e+002
3.376594e+001, 2.700000e+002
3.443661e+001, 2.700000e+002
3.508627e+001, 2.700000e+002
3.571530e+001, 2.700000e+002
3.632414e+001, 2.700000e+002
3.691325e+001, 2.700000e+002
3.748316e+001, 2.700000e+002
3.803439e+001, 2.700000e+002
3.856754e+001, 2.700000e+002
3.908317e+001, 2.700000e+002
3.958189e+001, 2.700000e+002
4.006428e+001, 2.700000e+002
4.053094e+001, 2.700000e+002
4.098245e+001, 2.700000e+002
4.141935e+001, 2.700000e+002
4.184218e+001, 2.700000e+002
4.225143e+001, 2.700000e+002
4.264755e+001, 2.700000e+002
4.303095e+001, 2.700000e+002
4.340198e+001, 2.700000e+002
4.376094e+001, 2.700000e+002
4.410805e+001, 2.700000e+002
4.444349e+001, 2.700000e+002
4.476736e+001, 2.700000e+002
4.507969e+001, 2.700000e+002
4.538041e+001, 2.700000e+002
4.566943e+001, 2.700000e+002
4.594652e+001, 2.700000e+002
4.621142e+001, 2.700000e+002
4.646377e+001, 2.700000e+002
4.670315e+001, 2.700000e+002
4.692905e+001, 2.700000e+002
4.714091e+001, 2.700000e+002
4.733808e+001, 2.700000e+002
4.751985e+001, 2.700000e+002
4.768548e+001, 2.700000e+002
4.783413e+001, 2.700000e+002
4.796493e+001, 2.700000e+002
4.807698e+001, 2.700000e+002
4.816932e+001, 2.700000e+002
4.824097e+001, 2.700000e+002
4.829090e+001, 2.700000e+002
4.831810e+001, 2.700000e+002
4.832152e+001, 2.700000e+002
4.830010e+001, 2.700000e+002
4.825281e+001, 2.700000e+002
4.817860e+001, 2.700000e+002
4.807645e+001, 2.700000e+002
4.794535e+001, 2.700000e+002
4.778433e+001, 2.700000e+002
4.759245e+001, 2.700000e+002
4.736882e+001, 2.700000e+002
4.711258e+001, 2.700000e+002
4.682295e+001, 2.700000e+002
4.649917e+001, 2.700000e+002
4.614058e+001, 2.700000e+002
4.574656e+001, 2.700000e+002
4.531658e+001, 2.700000e+002
4.485019e+001, 2.700000e+002
4.434699e+001, 2.700000e+002
4.380668e+001, 2.700000e+002
4.322905e+001, 2.700000e+002
4.261397e+001, 2.700000e+002
4.196138e+001, 2.700000e+002
4.127133e+001, 2.700000e+002
4.054394e+001, 2.700000e+002
3.977943e+001, 2.700000e+002
3.897811e+001, 2.700000e+002
3.814035e+001, 2.700000e+002
3.726662e+001, 2.700000e+002
3.635749e+001, 2.700000e+002
3.541359e+001, 2.700000e+002
3.443562e+001, 2.700000e+002
3.342437e+001, 2.700000e+002
3.238070e+001, 2.700000e+002
3.130552e+001, 2.700000e+002
3.019983e+001, 2.700000e+002
2.906467e+001, 2.700000e+002
2.790113e+001, 2.700000e+002
2.671038e+001, 2.700000e+002
2.549361e+001, 2.700000e+002
2.425205e+001, 2.700000e+002
2.298697e+001, 2.700000e+002
2.169968e+001, 2.700000e+002
2.039150e+001, 2.700000e+002
1.906379e+001, 2.700000e+002
1.771790e+001, 2.700000e+002
1.635521e+001, 2.700000e+002
1.497709e+001, 2.700000e+002
1.358492e+001, 2.700000e+002
1.218008e+001, 2.700000e+002
1.076391e+001, 2.700000e+002
9.337786e+000, 2.700000e+002
7.903023e+000, 2.700000e+002
6.460932e+000, 2.700000e+002
5.012798e+000, 2.700000e+002
3.559875e+000, 2.700000e+002
2.103386e+000, 2.700000e+002
6.445204e-001, 2.700000e+002
8.155689e-001, 9.000001e+001
2.275767e+000, 9.000000e+001
3.734996e+000, 9.000000e+001
5.192222e+000, 9.000000e+001
6.646448e+000, 9.000000e+001
8.096718e+000, 9.000000e+001
9.542115e+000, 9.000000e+001
1.098176e+001, 9.000000e+001
1.241482e+001, 9.000000e+001
1.384047e+001, 9.000000e+001
1.525796e+001, 9.000000e+001
1.666653e+001, 9.000000e+001
1.806546e+001, 9.000000e+001
1.945407e+001, 9.000000e+001
2.083168e+001, 9.000000e+001
2.219763e+001, 9.000000e+001
2.355126e+001, 9.000000e+001
2.489193e+001, 9.000000e+001
2.621899e+001, 9.000000e+001
2.753180e+001, 9.000000e+001
2.882970e+001, 9.000000e+001
3.011201e+001, 9.000000e+001
3.137803e+001, 9.000000e+001
3.262704e+001, 9.000000e+001
3.385829e+001, 9.000000e+001
3.507100e+001, 9.000000e+001
3.626432e+001, 9.000000e+001
3.743740e+001, 9.000000e+001
3.858929e+001, 9.000000e+001
3.971903e+001, 9.000000e+001
4.082558e+001, 9.000000e+001
4.190785e+001, 9.000000e+001
4.296469e+001, 9.000000e+001
4.399486e+001, 9.000000e+001
4.499711e+001, 9.000000e+001
4.597006e+001, 9.000000e+001
4.691232e+001, 9.000000e+001
4.782241e+001, 9.000000e+001
4.869879e+001, 9.000000e+001
4.953985e+001, 9.000000e+001
5.034396e+001, 9.000000e+001
5.110939e+001, 9.000000e+001
5.183440e+001, 9.000000e+001
5.251719e+001, 9.000000e+001
5.315593e+001, 9.000000e+001
5.374874e+001, 9.000000e+001
5.429375e+001, 9.000000e+001
5.478907e+001, 9.000000e+001
5.523278e+001, 9.000000e+001
5.562299e+001, 9.000000e+001
5.595783e+001, 9.000000e+001
5.623542e+001, 9.000000e+001
5.645396e+001, 9.000000e+001
5.661166e+001, 9.000000e+001
5.670682e+001, 9.000000e+001
5.673779e+001, 9.000000e+001
5.670300e+001, 9.000000e+001
5.660099e+001, 9.000000e+001
5.643039e+001, 9.000000e+001
5.618995e+001, 9.000000e+001
5.587854e+001, 9.000000e+001
5.549519e+001, 9.000000e+001
5.503904e+001, 9.000000e+001
5.450943e+001, 9.000000e+001
5.390583e+001, 9.000000e+001
5.322790e+001, 9.000000e+001
5.247548e+001, 9.000000e+001
5.164859e+001, 9.000000e+001
5.074746e+001, 9.000000e+001
4.977250e+001, 9.000000e+001
4.872432e+001, 9.000000e+001
4.760376e+001, 9.000000e+001
4.641183e+001, 9.000000e+001
4.514977e+001, 9.000000e+001
4.381902e+001, 9.000000e+001
4.242120e+001, 9.000000e+001
4.095815e+001, 9.000000e+001
3.943191e+001, 9.000000e+001
3.784469e+001, 9.000000e+001
3.619889e+001, 9.000000e+001
3.449709e+001, 9.000000e+001
3.274202e+001, 9.000000e+001
3.093658e+001, 9.000000e+001
2.908381e+001, 9.000000e+001
2.718689e+001, 9.000000e+001
2.524910e+001, 9.000000e+001
2.327387e+001, 9.000000e+001
2.126468e+001, 9.000000e+001
1.922512e+001, 9.000000e+001
1.715885e+001, 9.000000e+001
1.506957e+001, 9.000000e+001
1.296103e+001, 9.000000e+001
1.083700e+001, 9.000000e+001
8.701247e+000, 9.000000e+001
6.557553e+000, 9.000000e+001
4.409670e+000, 9.000000e+001
2.261316e+000, 9.000000e+001
1.161605e-001, 9.000005e+001
2.022190e+000, 2.700000e+002
4.150203e+000, 2.700000e+002
6.264437e+000, 2.700000e+002
8.361550e+000, 2.700000e+002
1.043831e+001, 2.700000e+002
1.249162e+001, 2.700000e+002
1.451850e+001, 2.700000e+002
1.651613e+001, 2.700000e+002
1.848182e+001, 2.700000e+002
2.041306e+001, 2.700000e+002
2.230749e+001, 2.700000e+002
2.416295e+001, 2.700000e+002
2.597741e+001, 2.700000e+002
2.774907e+001, 2.700000e+002
2.947629e+001, 2.700000e+002
3.115761e+001, 2.700000e+002
3.279177e+001, 2.700000e+002
3.437768e+001, 2.700000e+002
3.591448e+001, 2.700000e+002
3.740143e+001, 2.700000e+002
3.883803e+001, 2.700000e+002
4.022394e+001, 2.700000e+002
4.155897e+001, 2.700000e+002
4.284313e+001, 2.700000e+002
4.407659e+001, 2.700000e+002
4.525966e+001, 2.700000e+002
4.639282e+001, 2.700000e+002
4.747667e+001, 2.700000e+002
4.851195e+001, 2.700000e+002
4.949953e+001, 2.700000e+002
5.044038e+001, 2.700000e+002
5.133558e+001, 2.700000e+002
5.218631e+001, 2.700000e+002
5.299381e+001, 2.700000e+002
5.375940e+001, 2.700000e+002
5.448445e+001, 2.700000e+002
5.517038e+001, 2.700000e+002
5.581865e+001, 2.700000e+002
5.643072e+001, 2.700000e+002
5.700808e+001, 2.700000e+002
5.755220e+001, 2.700000e+002
5.806455e+001, 2.700000e+002
5.854654e+001, 2.700000e+002
5.899958e+001, 2.700000e+002
5.942502e+001, 2.700000e+002
5.982412e+001, 2.700000e+002
6.019811e+001, 2.700000e+002
6.054812e+001, 2.700000e+002
6.087518e+001, 2.700000e+002
6.118024e+001, 2.700000e+002
6.146413e+001, 2.700000e+002
6.172758e+001, 2.700000e+002
6.197120e+001, 2.700000e+002
6.219545e+001, 2.700000e+002
6.240070e+001, 2.700000e+002
6.258715e+001, 2.700000e+002
6.275488e+001, 2.700000e+002
6.290384e+001, 2.700000e+002
6.303382e+001, 2.700000e+002
6.314449e+001, 2.700000e+002
6.323537e+001, 2.700000e+002
6.330584e+001, 2.700000e+002
6.335517e+001, 2.700000e+002
6.338247e+001, 2.700000e+002
6.338674e+001, 2.700000e+002
6.336686e+001, 2.700000e+002
6.332159e+001, 2.700000e+002
6.324958e+001, 2.700000e+002
6.314939e+001, 2.700000e+002
6.301950e+001, 2.700000e+002
6.285829e+001, 2.700000e+002
6.266408e+001, 2.700000e+002
6.243512e+001, 2.700000e+002
6.216962e+001, 2.700000e+002
6.186576e+001, 2.700000e+002
6.152168e+001, 2.700000e+002
6.113552e+001, 2.700000e+002
6.070542e+001, 2.700000e+002
6.022952e+001, 2.700000e+002
5.970599e+001, 2.700000e+002
5.913305e+001, 2.700000e+002
5.850897e+001, 2.700000e+002
5.783207e+001, 2.700000e+002
5.710076e+001, 2.700000e+002
5.631354e+001, 2.700000e+002
5.546901e+001, 2.700000e+002
5.456588e+001, 2.700000e+002
5.360299e+001, 2.700000e+002
5.257930e+001, 2.700000e+002
5.149395e+001, 2.700000e+002
5.034619e+001, 2.700000e+002
4.913548e+001, 2.700000e+002
4.786142e+001, 2.700000e+002
4.652381e+001, 2.700000e+002
4.512261e+001, 2.700000e+002
4.365799e+001, 2.700000e+002
4.213033e+001, 2.700000e+002
4.054018e+001, 2.700000e+002
3.888832e+001, 2.700000e+002
3.717571e+001, 2.700000e+002
3.540354e+001, 2.700000e+002
3.357320e+001, 2.700000e+002
3.168626e+001, 2.700000e+002
2.974454e+001, 2.700000e+002
2.775002e+001, 2.700000e+002
2.570489e+001, 2.700000e+002
2.361154e+001, 2.700000e+002
2.147254e+001, 2.700000e+002
1.929063e+001, 2.700000e+002
1.706874e+001, 2.700000e+002
1.480995e+001, 2.700000e+002
1.251750e+001, 2.700000e+002
1.019476e+001, 2.700000e+002
7.845266e+000, 2.700000e+002
5.472642e+000, 2.700000e+002
3.080641e+000, 2.700000e+002
6.731085e-001, 2.700001e+002
1.746025e+000, 8.999995e+001
4.172756e+000, 8.999998e+001
6.603026e+000, 8.999999e+001
9.032732e+000, 8.999999e+001
1.145774e+001, 8.999999e+001
1.387391e+001, 8.999999e+001
1.627710e+001, 9.000000e+001
1.866316e+001, 9.000000e+001
2.102802e+001, 9.000000e+001
2.336760e+001, 9.000000e+001
2.567791e+001, 9.000000e+001
2.795504e+001, 9.000000e+001
3.019514e+001, 9.000000e+001
3.239448e+001, 9.000000e+001
3.454944e+001, 9.000000e+001
3.665651e+001, 9.000000e+001
3.871234e+001, 9.000000e+001
4.071371e+001, 9.000000e+001
4.265756e+001, 9.000000e+001
4.454102e+001, 9.000000e+001
4.636135e+001, 9.000000e+001
4.811603e+001, 9.000000e+001
4.980272e+001, 9.000000e+001
5.141927e+001, 9.000000e+001
5.296373e+001, 9.000000e+001
5.443436e+001, 9.000000e+001
5.582960e+001, 9.000000e+001
5.714813e+001, 9.000000e+001
5.838881e+001, 9.000000e+001
5.955073e+001, 9.000000e+001
6.063315e+001, 9.000000e+001
6.163556e+001, 9.000000e+001
6.255764e+001, 9.000000e+001
6.339926e+001, 9.000000e+001
6.416047e+001, 9.000000e+001
6.484151e+001, 9.000000e+001
6.544278e+001, 9.000000e+001
6.596488e+001, 9.000000e+001
6.640852e+001, 9.000000e+001
6.677460e+001, 9.000000e+001
6.706413e+001, 9.000000e+001
6.727826e+001, 9.000000e+001
6.741827e+001, 9.000000e+001
6.748552e+001, 9.000000e+001
6.748151e+001, 9.000000e+001
6.740779e+001, 9.000000e+001
6.726602e+001, 9.000000e+001
6.705789e+001, 9.000000e+001
6.678519e+001, 9.000000e+001
6.644972e+001, 9.000000e+001
6.605334e+001, 9.000000e+001
6.559793e+001, 9.000000e+001
6.508540e+001, 9.000000e+001
6.451766e+001, 9.000000e+001
6.389661e+001, 9.000000e+001
6.322419e+001, 9.000000e+001
6.250228e+001, 9.000000e+001
6.173277e+001, 9.000000e+001
6.091753e+001, 9.000000e+001
6.005839e+001, 9.000000e+001
5.915714e+001, 9.000000e+001
5.821556e+001, 9.000000e+001
5.723538e+001, 9.000000e+001
5.621829e+001, 9.000000e+001
5.516592e+001, 9.000000e+001
5.407990e+001, 9.000000e+001
5.296176e+001, 9.000000e+001
5.181304e+001, 9.000000e+001
5.063520e+001, 9.000000e+001
4.942968e+001, 9.000000e+001
4.819786e+001, 9.000000e+001
4.694111e+001, 9.000000e+001
4.566075e+001, 9.000000e+001
4.435805e+001, 9.000000e+001
4.303427e+001, 9.000000e+001
4.169065e+001, 9.000000e+001
4.032840e+001, 9.000000e+001
3.894869e+001, 9.000000e+001
3.755271e+001, 9.000000e+001
3.614162e+001, 9.000000e+001
3.471657e+001, 9.000000e+001
3.327871e+001, 9.000000e+001
3.182919e+001, 9.000000e+001
3.036916e+001, 9.000000e+001
2.889978e+001, 9.000000e+001
2.742222e+001, 9.000000e+001
2.593766e+001, 9.000000e+001
2.444729e+001, 9.000000e+001
2.295232e+001, 9.000000e+001
2.145399e+001, 9.000000e+001
1.995354e+001, 9.000000e+001
1.845224e+001, 9.000000e+001
1.695139e+001, 9.000000e+001
1.545231e+001, 9.000000e+001
1.395633e+001, 8.999999e+001
1.246480e+001, 8.999999e+001
1.097912e+001, 8.999999e+001
9.500679e+000, 8.999999e+001
8.030897e+000, 8.999999e+001
6.571209e+000, 8.999999e+001
5.123062e+000, 8.999998e+001
3.687913e+000, 8.999998e+001
2.267230e+000, 8.999996e+001
8.624811e-001, 8.999989e+001
5.248611e-001, 2.700002e+002
1.893329e+000, 2.700001e+002
3.241463e+000, 2.700000e+002
4.567814e+000, 2.700000e+002
5.870947e+000, 2.700000e+002
7.149451e+000, 2.700000e+002
8.401939e+000, 2.700000e+002
9.627051e+000, 2.700000e+002
1.082346e+001, 2.700000e+002
1.198990e+001, 2.700000e+002
1.312511e+001, 2.700000e+002
1.422790e+001, 2.700000e+002
1.529714e+001, 2.700000e+002
1.633175e+001, 2.700000e+002
1.733070e+001, 2.700000e+002
1.829304e+001, 2.700000e+002
1.921788e+001, 2.700000e+002
2.010443e+001, 2.700000e+002
2.095193e+001, 2.700000e+002
2.175973e+001, 2.700000e+002
2.252727e+001, 2.700000e+002
2.325405e+001, 2.700000e+002
2.393968e+001, 2.700000e+002
2.458384e+001, 2.700000e+002
2.518631e+001, 2.700000e+002
2.574697e+001, 2.700000e+002
2.626578e+001, 2.700000e+002
2.674281e+001, 2.700000e+002
2.717819e+001, 2.700000e+002
2.757218e+001, 2.700000e+002
2.792512e+001, 2.700000e+002
2.823743e+001, 2.700000e+002
2.850963e+001, 2.700000e+002
2.874232e+001, 2.700000e+002
2.893619e+001, 2.700000e+002
2.909201e+001, 2.700000e+002
2.921064e+001, 2.700000e+002
2.929300e+001, 2.700000e+002
2.934007e+001, 2.700000e+002
2.935293e+001, 2.700000e+002
2.933269e+001, 2.700000e+002
2.928054e+001, 2.700000e+002
2.919769e+001, 2.700000e+002
2.908543e+001, 2.700000e+002
2.894506e+001, 2.700000e+002
2.877793e+001, 2.700000e+002
2.858540e+001, 2.700000e+002
2.836886e+001, 2.700000e+002
2.812971e+001, 2.700000e+002
2.786935e+001, 2.700000e+002
2.758918e+001, 2.700000e+002
2.729059e+001, 2.700000e+002
2.697494e+001, 2.700000e+002
2.664360e+001, 2.700000e+002
2.629786e+001, 2.700000e+002
2.593902e+001, 2.700000e+002
2.556831e+001, 2.700000e+002
2.518691e+001, 2.700000e+002
2.479595e+001, 2.700000e+002
2.439649e+001, 2.700000e+002
2.398955e+001, 2.700000e+002
2.357603e+001, 2.700000e+002
2.315681e+001, 2.700000e+002
2.273264e+001, 2.700000e+002
2.230423e+001, 2.700000e+002
2.187218e+001, 2.700000e+002
2.143702e+001, 2.700000e+002
2.099917e+001, 2.700000e+002
2.055900e+001, 2.700000e+002
2.011675e+001, 2.700000e+002
1.967260e+001, 2.700000e+002
1.922665e+001, 2.700000e+002
1.877889e+001, 2.700000e+002
1.832926e+001, 2.700000e+002
1.787761e+001, 2.700000e+002
1.742372e+001, 2.700000e+002
1.696729e+001, 2.700000e+002
1.650798e+001, 2.700000e+002
1.604538e+001, 2.700000e+002
1.557904e+001, 2.700000e+002
1.510844e+001, 2.700000e+002
1.463305e+001, 2.700000e+002
1.415230e+001, 2.700000e+002
1.366559e+001, 2.700000e+002
1.317232e+001, 2.700000e+002
1.267187e+001, 2.700000e+002
1.216362e+001, 2.700000e+002
1.164695e+001, 2.700000e+002
1.112127e+001, 2.700000e+002
1.058601e+001, 2.700000e+002
1.004062e+001, 2.700000e+002
9.484583e+000, 2.700000e+002
8.917438e+000, 2.700000e+002
8.338763e+000, 2.700000e+002
7.748193e+000, 2.700000e+002
7.145422e+000, 2.700000e+002
6.530210e+000, 2.700000e+002
5.902385e+000, 2.700000e+002
5.261850e+000, 2.700000e+002
4.608581e+000, 2.700000e+002
3.942636e+000, 2.700000e+002
3.264152e+000, 2.700000e+002
2.573349e+000, 2.700000e+002
1.870529e+000, 2.700000e+002
1.156078e+000, 2.700000e+002
4.304644e-001, 2.700001e+002
3.057622e-001, 8.999988e+001
1.051973e+000, 8.999997e+001
1.807461e+000, 8.999998e+001
2.571448e+000, 8.999999e+001
3.343081e+000, 8.999999e+001
4.121445e+000, 8.999999e+001
4.905560e+000, 8.999999e+001
5.694392e+000, 8.999999e+001
6.486853e+000, 8.999999e+001
7.281813e+000, 9.000000e+001
8.078101e+000, 9.000000e+001
8.874514e+000, 9.000000e+001
9.669824e+000, 9.000000e+001
1.046278e+001, 9.000000e+001
1.125214e+001, 9.000000e+001
1.203662e+001, 9.000000e+001
1.281497e+001, 9.000000e+001
1.358594e+001, 9.000000e+001
1.434830e+001, 9.000000e+001
1.510084e+001, 9.000000e+001
1.584239e+001, 9.000000e+001
1.657181e+001, 9.000000e+001
1.728801e+001, 9.000000e+001
1.798995e+001, 9.000000e+001
1.867664e+001, 9.000000e+001
1.934716e+001, 9.000000e+001
2.000065e+001, 9.000000e+001
2.063634e+001, 9.000000e+001
2.125351e+001, 9.000000e+001
2.185152e+001, 9.000000e+001
2.242984e+001, 9.000000e+001
2.298800e+001, 9.000000e+001
2.352561e+001, 9.000000e+001
2.404239e+001, 9.000000e+001
2.453813e+001, 9.000000e+001
2.501271e+001, 9.000000e+001
2.546609e+001, 9.000000e+001
2.589833e+001, 9.000000e+001
2.630956e+001, 9.000000e+001
2.669999e+001, 9.000000e+001
2.706992e+001, 9.000000e+001
2.741971e+001, 9.000000e+001
2.774979e+001, 9.000000e+001
2.806066e+001, 9.000000e+001
2.835288e+001, 9.000000e+001
2.862706e+001, 9.000000e+001
2.888384e+001, 9.000000e+001
2.912394e+001, 9.000000e+001
2.934809e+001, 9.000000e+001
2.955705e+001, 9.000000e+001
2.975160e+001, 9.000000e+001
2.993253e+001, 9.000000e+001
3.010066e+001, 9.000000e+001
3.025679e+001, 9.000000e+001
3.040171e+001, 9.000000e+001
3.053620e+001, 9.000000e+001
3.066103e+001, 9.000000e+001
3.077692e+001, 9.000000e+001
3.088456e+001, 9.000000e+001
3.098462e+001, 9.000000e+001
3.107769e+001, 9.000000e+001
3.116433e+001, 9.000000e+001
3.124503e+001, 9.000000e+001
3.132021e+001, 9.000000e+001
3.139025e+001, 9.000000e+001
3.145542e+001, 9.000000e+001
3.151593e+001, 9.000000e+001
3.157193e+001, 9.000000e+001
3.162346e+001, 9.000000e+001
3.167050e+001, 9.000000e+001
3.171292e+001, 9.000000e+001
3.175054e+001, 9.000000e+001
3.178307e+001, 9.000000e+001
3.181015e+001, 9.000000e+001
3.183133e+001, 9.000000e+001
3.184610e+001, 9.000000e+001
3.185386e+001, 9.000000e+001
3.185393e+001, 9.000000e+001
3.184558e+001, 9.000000e+001
3.182801e+001, 9.000000e+001
3.180036e+001, 9.000000e+001
3.176171e+001, 9.000000e+001
3.171111e+001, 9.000000e+001
3.164756e+001, 9.000000e+001
3.157003e+001, 9.000000e+001
3.147748e+001, 9.000000e+001
3.136882e+001, 9.000000e+001
3.124299e+001, 9.000000e+001
3.109890e+001, 9.000000e+001
3.093549e+001, 9.000000e+001
3.075169e+001, 9.000000e+001
3.054648e+001, 9.000000e+001
3.031886e+001, 9.000000e+001
3.006789e+001, 9.000000e+001
2.979264e+001, 9.000000e+001
2.949228e+001, 9.000000e+001
2.916603e+001, 9.000000e+001
2.881317e+001, 9.000000e+001
2.843308e+001, 9.000000e+001
2.802522e+001, 9.000000e+001
2.758912e+001, 9.000000e+001
2.712444e+001, 9.000000e+001
2.663092e+001, 9.000000e+001
2.610843e+001, 9.000000e+001
2.555692e+001, 9.000000e+001
2.497646e+001, 9.000000e+001
2.436726e+001, 9.000000e+001
2.372962e+001, 9.000000e+001
2.306397e+001, 9.000000e+001
2.237085e+001, 9.000000e+001
2.165092e+001, 9.000000e+001
2.090496e+001, 9.000000e+001
2.013385e+001, 9.000000e+001
1.933861e+001, 9.000000e+001
1.852034e+001, 9.000000e+001
1.768025e+001, 9.000000e+001
1.681966e+001, 9.000000e+001
1.593998e+001, 9.000000e+001
1.504271e+001, 9.000000e+001
1.412943e+001, 8.999999e+001
1.320180e+001, 8.999999e+001
1.226155e+001, 8.999999e+001
1.131048e+001, 8.999999e+001
1.035045e+001, 8.999999e+001
9.383350e+000, 8.999999e+001
8.411130e+000, 8.999999e+001
7.435770e+000, 8.999999e+001
6.459275e+000, 8.999999e+001
5.483671e+000, 8.999999e+001
4.510995e+000, 8.999999e+001
3.543288e+000, 8.999998e+001
2.582586e+000, 8.999997e+001
1.630917e+000, 8.999996e+001
6.902871e-001, 8.999991e+001
2.373190e-001, 2.700003e+002
1.149950e+000, 2.700001e+002
2.045693e+000, 2.700000e+002
2.922678e+000, 2.700000e+002
3.779085e+000, 2.700000e+002
4.613150e+000, 2.700000e+002
5.423168e+000, 2.700000e+002
6.207501e+000, 2.700000e+002
6.964576e+000, 2.700000e+002
7.692896e+000, 2.700000e+002
8.391039e+000, 2.700000e+002
9.057664e+000, 2.700000e+002
9.691510e+000, 2.700000e+002
1.029140e+001, 2.700000e+002
1.085624e+001, 2.700000e+002
1.138504e+001, 2.700000e+002
1.187687e+001, 2.700000e+002
1.233091e+001, 2.700000e+002
1.274642e+001, 2.700000e+002
1.312275e+001, 2.700000e+002
1.345936e+001, 2.700000e+002
1.375576e+001, 2.700000e+002
1.401157e+001, 2.700000e+002
1.422650e+001, 2.700000e+002
1.440032e+001, 2.700000e+002
1.453292e+001, 2.700000e+002
1.462424e+001, 2.700000e+002
1.467430e+001, 2.700000e+002
1.468322e+001, 2.700000e+002
1.465116e+001, 2.700000e+002
1.457837e+001, 2.700000e+002
1.446517e+001, 2.700000e+002
1.431194e+001, 2.700000e+002
1.411912e+001, 2.700000e+002
1.388720e+001, 2.700000e+002
1.361675e+001, 2.700000e+002
1.330837e+001, 2.700000e+002
1.296273e+001, 2.700000e+002
1.258051e+001, 2.700000e+002
1.216248e+001, 2.700000e+002
3.643028e+001, 9.000000e+001
3.602419e+001, 9.000000e+001
3.564383e+001, 9.000000e+001
3.528958e+001, 9.000000e+001
3.496172e+001, 9.000000e+001
3.466044e+001, 9.000000e+001
3.438585e+001, 9.000000e+001
3.413795e+001, 9.000000e+001
3.391670e+001, 9.000000e+001
3.372194e+001, 9.000000e+001
3.355345e+001, 9.000000e+001
3.341095e+001, 9.000000e+001
3.329408e+001, 9.000000e+001
3.320241e+001, 9.000000e+001
3.313546e+001, 9.000000e+001
3.309270e+001, 9.000000e+001
3.307353e+001, 9.000000e+001
3.307731e+001, 9.000000e+001
3.310336e+001, 9.000000e+001
3.315095e+001, 9.000000e+001
3.321932e+001, 9.000000e+001
3.330765e+001, 9.000000e+001
3.341513e+001, 9.000000e+001
3.354088e+001, 9.000000e+001
3.368402e+001, 9.000000e+001
3.384363e+001, 9.000000e+001
3.401879e+001, 9.000000e+001
3.420853e+001, 9.000000e+001
3.441188e+001, 9.000000e+001
3.462786e+001, 9.000000e+001
3.485546e+001, 9.000000e+001
3.509367e+001, 9.000000e+001
3.534146e+001, 9.000000e+001
3.559779e+001, 9.000000e+001
3.586161e+001, 9.000000e+001
3.613186e+001, 9.000000e+001
3.640747e+001, 9.000000e+001
3.668736e+001, 9.000000e+001
3.697045e+001, 9.000000e+001
3.725563e+001, 9.000000e+001
3.754182e+001, 9.000000e+001
3.782789e+001, 9.000000e+001
3.811273e+001, 9.000000e+001
3.839520e+001, 9.000000e+001
3.867419e+001, 9.000000e+001
3.894854e+001, 9.000000e+001
3.921711e+001, 9.000000e+001
3.947874e+001, 9.000000e+001
3.973229e+001, 9.000000e+001
3.997658e+001, 9.000000e+001
4.021045e+001, 9.000000e+001
4.043275e+001, 9.000000e+001
4.064230e+001, 9.000000e+001
4.083795e+001, 9.000000e+001
4.101853e+001, 9.000000e+001
4.118290e+001, 9.000000e+001
4.132991e+001, 9.000000e+001
4.145844e+001, 9.000000e+001
4.156737e+001, 9.000000e+001
4.165561e+001, 9.000000e+001
4.172209e+001, 9.000000e+001
4.176576e+001, 9.000000e+001
4.178561e+001, 9.000000e+001
4.178066e+001, 9.000000e+001
4.174998e+001, 9.000000e+001
4.169267e+001, 9.000000e+001
4.160789e+001, 9.000000e+001
4.149484e+001, 9.000000e+001
4.135280e+001, 9.000000e+001
4.118111e+001, 9.000000e+001
4.097917e+001, 9.000000e+001
4.074646e+001, 9.000000e+001
4.048254e+001, 9.000000e+001
4.018707e+001, 9.000000e+001
3.985977e+001, 9.000000e+001
3.950049e+001, 9.000000e+001
3.910916e+001, 9.000000e+001
3.868581e+001, 9.000000e+001
3.823060e+001, 9.000000e+001
3.774378e+001, 9.000000e+001
3.722573e+001, 9.000000e+001
3.667695e+001, 9.000000e+001
3.609806e+001, 9.000000e+001
3.548979e+001, 9.000000e+001
3.485301e+001, 9.000000e+001
3.418873e+001, 9.000000e+001
3.349806e+001, 9.000000e+001
3.278227e+001, 9.000000e+001
3.204273e+001, 9.000000e+001
3.128095e+001, 9.000000e+001
3.049857e+001, 9.000000e+001
2.969737e+001, 9.000000e+001
2.887921e+001, 9.000000e+001
2.804612e+001, 9.000000e+001
2.720020e+001, 9.000000e+001
2.634370e+001, 9.000000e+001
2.547896e+001, 9.000000e+001
2.460841e+001, 9.000000e+001
2.373461e+001, 9.000000e+001
2.286018e+001, 9.000000e+001
2.198783e+001, 9.000000e+001
2.112036e+001, 9.000000e+001
2.026062e+001, 9.000000e+001
1.941155e+001, 9.000000e+001
1.857610e+001, 9.000000e+001
1.775731e+001, 9.000000e+001
1.695822e+001, 9.000000e+001
1.618191e+001, 9.000000e+001
1.543148e+001, 9.000000e+001
1.471004e+001, 9.000000e+001
1.402069e+001, 9.000000e+001
1.336651e+001, 9.000000e+001
1.275060e+001, 9.000000e+001
1.217597e+001, 9.000000e+001
1.164564e+001, 9.000000e+001
1.116256e+001, 9.000000e+001
1.072963e+001, 9.000000e+001
1.034966e+001, 9.000000e+001
1.002542e+001, 9.000000e+001
9.759577e+000, 9.000000e+001
9.554703e+000, 9.000000e+001
9.413280e+000, 9.000000e+001
9.337678e+000, 9.000000e+001
9.330156e+000, 9.000000e+001
9.392851e+000, 9.000000e+001
9.527777e+000, 9.000000e+001
9.736813e+000, 9.000000e+001
1.002170e+001, 9.000000e+001
1.038405e+001, 9.000000e+001
1.082532e+001, 9.000000e+001
1.134681e+001, 9.000000e+001
1.194969e+001, 9.000000e+001
1.263495e+001, 9.000000e+001
1.340345e+001, 9.000000e+001
1.425587e+001, 9.000000e+001
1.519274e+001, 9.000000e+001
1.621442e+001, 9.000000e+001
1.732113e+001, 9.000000e+001
1.851291e+001, 9.000000e+001
1.978964e+001, 9.000000e+001
2.115104e+001, 9.000000e+001
2.259669e+001, 9.000000e+001
2.412599e+001, 9.000000e+001
2.573818e+001, 9.000000e+001
2.743237e+001, 9.000000e+001
2.920748e+001, 9.000000e+001
3.106231e+001, 9.000000e+001
3.299550e+001, 9.000000e+001
3.500553e+001, 9.000000e+001
3.709075e+001, 9.000000e+001
3.924937e+001, 9.000000e+001
4.147945e+001, 9.000000e+001
4.377890e+001, 9.000000e+001
4.614552e+001, 9.000000e+001
4.857695e+001, 9.000000e+001
5.107071e+001, 9.000000e+001
5.362421e+001, 9.000000e+001
5.623469e+001, 9.000000e+001
5.889930e+001, 9.000000e+001
6.161505e+001, 9.000000e+001
6.437883e+001, 9.000000e+001
6.718741e+001, 9.000000e+001
7.003745e+001, 9.000000e+001
7.292548e+001, 9.000000e+001
7.584791e+001, 9.000000e+001
7.880107e+001, 9.000000e+001
8.178114e+001, 9.000000e+001
8.478421e+001, 9.000000e+001
8.780626e+001, 9.000000e+001
9.084314e+001, 9.000000e+001
9.389064e+001, 9.000000e+001
9.694441e+001, 9.000000e+001
1.000000e+002, 9.000000e+001
##END
