##TITLE= Pf1-1t8-0h9138
##JCAMP-DX= 5.00 Bruker JCAMP library
##DATA TYPE= Shape Data
##ORIGIN= Bruker BioSpin GmbH
##OWNER= <Alexej Jerschow>
##DATE= 2009/01/20
##TIME= 17:13:11
##$SHAPE_PARAMETERS= 
##MINX= 3.263241e-003
##MAXX= 1.000000e+002
##MINY= 8.999976e+001
##MAXY= 2.700007e+002
##$SHAPE_EXMODE= 
##$SHAPE_TOTROT= 
##$SHAPE_TYPE= 
##$SHAPE_USER_DEF= 
##$SHAPE_REPHFAC= 
##$SHAPE_BWFAC= 
##$SHAPE_BWFAC50= 
##$SHAPE_INTEGFAC= 
##$SHAPE_MODE= 
##NPOINTS= 1000
##XYPOINTS= (XY..XY)
1.160494e+001, 2.700000e+002
1.096537e+001, 2.700000e+002
1.032507e+001, 2.700000e+002
9.684245e+000, 2.700000e+002
9.043085e+000, 2.700000e+002
8.401742e+000, 2.700000e+002
7.760350e+000, 2.700000e+002
7.119013e+000, 2.700000e+002
6.477811e+000, 2.700000e+002
5.836796e+000, 2.700000e+002
5.195997e+000, 2.700000e+002
4.555413e+000, 2.700000e+002
3.915024e+000, 2.700000e+002
3.274780e+000, 2.700000e+002
2.634612e+000, 2.700000e+002
1.994428e+000, 2.700000e+002
1.354116e+000, 2.700000e+002
7.135463e-001, 2.700001e+002
7.257105e-002, 2.700007e+002
5.689713e-001, 8.999991e+001
1.211255e+000, 8.999996e+001
1.854465e+000, 8.999997e+001
2.498793e+000, 8.999998e+001
3.144438e+000, 8.999998e+001
3.791599e+000, 8.999999e+001
4.440479e+000, 8.999999e+001
5.091274e+000, 8.999999e+001
5.744179e+000, 8.999999e+001
6.399378e+000, 8.999999e+001
7.057047e+000, 8.999999e+001
7.717347e+000, 8.999999e+001
8.380424e+000, 8.999999e+001
9.046406e+000, 8.999999e+001
9.715400e+000, 9.000000e+001
1.038749e+001, 9.000000e+001
1.106274e+001, 9.000000e+001
1.174117e+001, 9.000000e+001
1.242280e+001, 9.000000e+001
1.310760e+001, 9.000000e+001
1.379551e+001, 9.000000e+001
1.448644e+001, 9.000000e+001
1.518027e+001, 9.000000e+001
1.587684e+001, 9.000000e+001
1.657595e+001, 9.000000e+001
1.727739e+001, 9.000000e+001
1.798088e+001, 9.000000e+001
1.868614e+001, 9.000000e+001
1.939282e+001, 9.000000e+001
2.010056e+001, 9.000000e+001
2.080898e+001, 9.000000e+001
2.151763e+001, 9.000000e+001
2.222606e+001, 9.000000e+001
2.293377e+001, 9.000000e+001
2.364027e+001, 9.000000e+001
2.434500e+001, 9.000000e+001
2.504740e+001, 9.000000e+001
2.574689e+001, 9.000000e+001
2.644288e+001, 9.000000e+001
2.713474e+001, 9.000000e+001
2.782185e+001, 9.000000e+001
2.850357e+001, 9.000000e+001
2.917925e+001, 9.000000e+001
2.984825e+001, 9.000000e+001
3.050990e+001, 9.000000e+001
3.116358e+001, 9.000000e+001
3.180862e+001, 9.000000e+001
3.244439e+001, 9.000000e+001
3.307028e+001, 9.000000e+001
3.368565e+001, 9.000000e+001
3.428992e+001, 9.000000e+001
3.488251e+001, 9.000000e+001
3.546286e+001, 9.000000e+001
3.603044e+001, 9.000000e+001
3.658474e+001, 9.000000e+001
3.712528e+001, 9.000000e+001
3.765162e+001, 9.000000e+001
3.816334e+001, 9.000000e+001
3.866006e+001, 9.000000e+001
3.914143e+001, 9.000000e+001
3.960714e+001, 9.000000e+001
4.005693e+001, 9.000000e+001
4.049055e+001, 9.000000e+001
4.090782e+001, 9.000000e+001
4.130857e+001, 9.000000e+001
4.169270e+001, 9.000000e+001
4.206013e+001, 9.000000e+001
4.241081e+001, 9.000000e+001
4.274476e+001, 9.000000e+001
4.306201e+001, 9.000000e+001
4.336264e+001, 9.000000e+001
4.364676e+001, 9.000000e+001
4.391451e+001, 9.000000e+001
4.416608e+001, 9.000000e+001
4.440167e+001, 9.000000e+001
4.462152e+001, 9.000000e+001
4.482590e+001, 9.000000e+001
4.501509e+001, 9.000000e+001
4.518940e+001, 9.000000e+001
4.534917e+001, 9.000000e+001
4.549473e+001, 9.000000e+001
4.562646e+001, 9.000000e+001
4.574473e+001, 9.000000e+001
4.584991e+001, 9.000000e+001
4.594239e+001, 9.000000e+001
4.602256e+001, 9.000000e+001
4.609082e+001, 9.000000e+001
4.614756e+001, 9.000000e+001
4.619315e+001, 9.000000e+001
4.622797e+001, 9.000000e+001
4.625239e+001, 9.000000e+001
4.626677e+001, 9.000000e+001
4.627144e+001, 9.000000e+001
4.626673e+001, 9.000000e+001
4.625294e+001, 9.000000e+001
4.623036e+001, 9.000000e+001
4.619924e+001, 9.000000e+001
4.615983e+001, 9.000000e+001
4.611234e+001, 9.000000e+001
4.605695e+001, 9.000000e+001
4.599384e+001, 9.000000e+001
4.592314e+001, 9.000000e+001
4.584495e+001, 9.000000e+001
4.575936e+001, 9.000000e+001
4.566642e+001, 9.000000e+001
4.556616e+001, 9.000000e+001
4.545858e+001, 9.000000e+001
4.534365e+001, 9.000000e+001
4.522133e+001, 9.000000e+001
4.509154e+001, 9.000000e+001
4.495420e+001, 9.000000e+001
4.480919e+001, 9.000000e+001
4.465639e+001, 9.000000e+001
4.449563e+001, 9.000000e+001
4.432677e+001, 9.000000e+001
4.414963e+001, 9.000000e+001
4.396404e+001, 9.000000e+001
4.376979e+001, 9.000000e+001
4.356671e+001, 9.000000e+001
4.335459e+001, 9.000000e+001
4.313324e+001, 9.000000e+001
4.290248e+001, 9.000000e+001
4.266212e+001, 9.000000e+001
4.241198e+001, 9.000000e+001
4.215191e+001, 9.000000e+001
4.188176e+001, 9.000000e+001
4.160138e+001, 9.000000e+001
4.131067e+001, 9.000000e+001
4.100954e+001, 9.000000e+001
4.069790e+001, 9.000000e+001
4.037572e+001, 9.000000e+001
4.004297e+001, 9.000000e+001
3.969966e+001, 9.000000e+001
3.934583e+001, 9.000000e+001
3.898153e+001, 9.000000e+001
3.860685e+001, 9.000000e+001
3.822194e+001, 9.000000e+001
3.782693e+001, 9.000000e+001
3.742201e+001, 9.000000e+001
3.700741e+001, 9.000000e+001
3.658336e+001, 9.000000e+001
3.615015e+001, 9.000000e+001
3.570807e+001, 9.000000e+001
3.525746e+001, 9.000000e+001
3.479867e+001, 9.000000e+001
3.433209e+001, 9.000000e+001
3.385811e+001, 9.000000e+001
3.337717e+001, 9.000000e+001
3.288970e+001, 9.000000e+001
3.239616e+001, 9.000000e+001
3.189703e+001, 9.000000e+001
3.139278e+001, 9.000000e+001
3.088391e+001, 9.000000e+001
3.037092e+001, 9.000000e+001
2.985431e+001, 9.000000e+001
2.933458e+001, 9.000000e+001
2.881224e+001, 9.000000e+001
2.828777e+001, 9.000000e+001
2.776168e+001, 9.000000e+001
2.723445e+001, 9.000000e+001
2.670654e+001, 9.000000e+001
2.617841e+001, 9.000000e+001
2.565050e+001, 9.000000e+001
2.512323e+001, 9.000000e+001
2.459701e+001, 9.000000e+001
2.407222e+001, 9.000000e+001
2.354922e+001, 9.000000e+001
2.302833e+001, 9.000000e+001
2.250987e+001, 9.000000e+001
2.199411e+001, 9.000000e+001
2.148131e+001, 9.000000e+001
2.097169e+001, 9.000000e+001
2.046545e+001, 9.000000e+001
1.996274e+001, 9.000000e+001
1.946371e+001, 9.000000e+001
1.896845e+001, 9.000000e+001
1.847705e+001, 9.000000e+001
1.798955e+001, 9.000000e+001
1.750597e+001, 9.000000e+001
1.702629e+001, 9.000000e+001
1.655048e+001, 9.000000e+001
1.607848e+001, 9.000000e+001
1.561020e+001, 9.000000e+001
1.514553e+001, 9.000000e+001
1.468433e+001, 9.000000e+001
1.422645e+001, 9.000000e+001
1.377172e+001, 9.000000e+001
1.331994e+001, 9.000000e+001
1.287092e+001, 9.000000e+001
1.242443e+001, 9.000000e+001
1.198025e+001, 9.000000e+001
1.153814e+001, 9.000000e+001
1.109784e+001, 9.000000e+001
1.065912e+001, 9.000000e+001
1.022171e+001, 9.000000e+001
9.785365e+000, 9.000000e+001
9.349829e+000, 9.000000e+001
8.914853e+000, 9.000000e+001
8.480194e+000, 9.000000e+001
8.045616e+000, 9.000000e+001
7.610893e+000, 9.000000e+001
7.175809e+000, 9.000000e+001
6.740163e+000, 9.000000e+001
6.303769e+000, 9.000000e+001
5.866457e+000, 9.000000e+001
5.428074e+000, 9.000000e+001
4.988487e+000, 9.000000e+001
4.547586e+000, 9.000000e+001
4.105277e+000, 8.999999e+001
3.661494e+000, 8.999999e+001
3.216191e+000, 8.999999e+001
2.769345e+000, 8.999999e+001
2.320958e+000, 8.999999e+001
1.871055e+000, 8.999999e+001
1.419686e+000, 8.999999e+001
9.669231e-001, 8.999998e+001
5.128616e-001, 8.999997e+001
5.761930e-002, 8.999976e+001
3.986648e-001, 2.700000e+002
8.558313e-001, 2.700000e+002
1.313702e+000, 2.700000e+002
1.772081e+000, 2.700000e+002
2.230756e+000, 2.700000e+002
2.689501e+000, 2.700000e+002
3.148077e+000, 2.700000e+002
3.606235e+000, 2.700000e+002
4.063719e+000, 2.700000e+002
4.520263e+000, 2.700000e+002
4.975603e+000, 2.700000e+002
5.429468e+000, 2.700000e+002
5.881591e+000, 2.700000e+002
6.331708e+000, 2.700000e+002
6.779561e+000, 2.700000e+002
7.224899e+000, 2.700000e+002
7.667483e+000, 2.700000e+002
8.107087e+000, 2.700000e+002
8.543497e+000, 2.700000e+002
8.976520e+000, 2.700000e+002
9.405979e+000, 2.700000e+002
9.831722e+000, 2.700000e+002
1.025362e+001, 2.700000e+002
1.067155e+001, 2.700000e+002
1.108545e+001, 2.700000e+002
1.149525e+001, 2.700000e+002
1.190093e+001, 2.700000e+002
1.230249e+001, 2.700000e+002
1.269995e+001, 2.700000e+002
1.309337e+001, 2.700000e+002
1.348284e+001, 2.700000e+002
1.386847e+001, 2.700000e+002
1.425040e+001, 2.700000e+002
1.462880e+001, 2.700000e+002
1.500387e+001, 2.700000e+002
1.537581e+001, 2.700000e+002
1.574486e+001, 2.700000e+002
1.611129e+001, 2.700000e+002
1.647538e+001, 2.700000e+002
1.683741e+001, 2.700000e+002
1.719768e+001, 2.700000e+002
1.755653e+001, 2.700000e+002
1.791426e+001, 2.700000e+002
1.827122e+001, 2.700000e+002
1.862772e+001, 2.700000e+002
1.898409e+001, 2.700000e+002
1.934065e+001, 2.700000e+002
1.969772e+001, 2.700000e+002
2.005559e+001, 2.700000e+002
2.041455e+001, 2.700000e+002
2.077487e+001, 2.700000e+002
2.113677e+001, 2.700000e+002
2.150049e+001, 2.700000e+002
2.186621e+001, 2.700000e+002
2.223407e+001, 2.700000e+002
2.260422e+001, 2.700000e+002
2.297673e+001, 2.700000e+002
2.335164e+001, 2.700000e+002
2.372897e+001, 2.700000e+002
2.410868e+001, 2.700000e+002
2.449068e+001, 2.700000e+002
2.487486e+001, 2.700000e+002
2.526104e+001, 2.700000e+002
2.564900e+001, 2.700000e+002
2.603850e+001, 2.700000e+002
2.642921e+001, 2.700000e+002
2.682079e+001, 2.700000e+002
2.721284e+001, 2.700000e+002
2.760493e+001, 2.700000e+002
2.799658e+001, 2.700000e+002
2.838728e+001, 2.700000e+002
2.877647e+001, 2.700000e+002
2.916357e+001, 2.700000e+002
2.954798e+001, 2.700000e+002
2.992904e+001, 2.700000e+002
3.030610e+001, 2.700000e+002
3.067848e+001, 2.700000e+002
3.104547e+001, 2.700000e+002
3.140638e+001, 2.700000e+002
3.176048e+001, 2.700000e+002
3.210706e+001, 2.700000e+002
3.244541e+001, 2.700000e+002
3.277481e+001, 2.700000e+002
3.309456e+001, 2.700000e+002
3.340398e+001, 2.700000e+002
3.370240e+001, 2.700000e+002
3.398919e+001, 2.700000e+002
3.426372e+001, 2.700000e+002
3.452543e+001, 2.700000e+002
3.477375e+001, 2.700000e+002
3.500818e+001, 2.700000e+002
3.522827e+001, 2.700000e+002
3.543358e+001, 2.700000e+002
3.562375e+001, 2.700000e+002
3.579846e+001, 2.700000e+002
3.595745e+001, 2.700000e+002
3.610051e+001, 2.700000e+002
3.622749e+001, 2.700000e+002
3.633830e+001, 2.700000e+002
3.643292e+001, 2.700000e+002
3.651136e+001, 2.700000e+002
3.657374e+001, 2.700000e+002
3.662020e+001, 2.700000e+002
3.665097e+001, 2.700000e+002
3.666632e+001, 2.700000e+002
3.666662e+001, 2.700000e+002
3.665225e+001, 2.700000e+002
3.662368e+001, 2.700000e+002
3.658144e+001, 2.700000e+002
3.652609e+001, 2.700000e+002
3.645828e+001, 2.700000e+002
3.637868e+001, 2.700000e+002
3.628802e+001, 2.700000e+002
3.618708e+001, 2.700000e+002
3.607666e+001, 2.700000e+002
3.595764e+001, 2.700000e+002
3.583089e+001, 2.700000e+002
3.569733e+001, 2.700000e+002
3.555793e+001, 2.700000e+002
3.541364e+001, 2.700000e+002
3.526546e+001, 2.700000e+002
3.511439e+001, 2.700000e+002
3.496146e+001, 2.700000e+002
3.480767e+001, 2.700000e+002
3.465405e+001, 2.700000e+002
3.450163e+001, 2.700000e+002
3.435140e+001, 2.700000e+002
3.420438e+001, 2.700000e+002
3.406154e+001, 2.700000e+002
3.392384e+001, 2.700000e+002
3.379222e+001, 2.700000e+002
3.366759e+001, 2.700000e+002
3.355080e+001, 2.700000e+002
3.344271e+001, 2.700000e+002
3.334409e+001, 2.700000e+002
3.325569e+001, 2.700000e+002
3.317822e+001, 2.700000e+002
3.311230e+001, 2.700000e+002
3.305854e+001, 2.700000e+002
3.301746e+001, 2.700000e+002
3.298952e+001, 2.700000e+002
3.297515e+001, 2.700000e+002
3.297466e+001, 2.700000e+002
3.298835e+001, 2.700000e+002
3.301641e+001, 2.700000e+002
3.305898e+001, 2.700000e+002
3.311612e+001, 2.700000e+002
3.318783e+001, 2.700000e+002
3.327403e+001, 2.700000e+002
3.337457e+001, 2.700000e+002
3.348923e+001, 2.700000e+002
3.361772e+001, 2.700000e+002
3.375967e+001, 2.700000e+002
3.391467e+001, 2.700000e+002
3.408223e+001, 2.700000e+002
3.426177e+001, 2.700000e+002
3.445269e+001, 2.700000e+002
3.465430e+001, 2.700000e+002
3.486588e+001, 2.700000e+002
3.508663e+001, 2.700000e+002
3.531571e+001, 2.700000e+002
3.555224e+001, 2.700000e+002
3.579530e+001, 2.700000e+002
3.604392e+001, 2.700000e+002
3.629709e+001, 2.700000e+002
3.655379e+001, 2.700000e+002
3.681296e+001, 2.700000e+002
3.707352e+001, 2.700000e+002
3.733437e+001, 2.700000e+002
3.759441e+001, 2.700000e+002
3.785252e+001, 2.700000e+002
3.810759e+001, 2.700000e+002
3.835849e+001, 2.700000e+002
3.860412e+001, 2.700000e+002
3.884339e+001, 2.700000e+002
3.907521e+001, 2.700000e+002
3.929852e+001, 2.700000e+002
3.951229e+001, 2.700000e+002
3.971551e+001, 2.700000e+002
3.990721e+001, 2.700000e+002
4.008645e+001, 2.700000e+002
4.025234e+001, 2.700000e+002
4.040404e+001, 2.700000e+002
4.054073e+001, 2.700000e+002
4.066167e+001, 2.700000e+002
4.076618e+001, 2.700000e+002
4.085359e+001, 2.700000e+002
4.092335e+001, 2.700000e+002
4.097492e+001, 2.700000e+002
4.100785e+001, 2.700000e+002
4.102175e+001, 2.700000e+002
4.101629e+001, 2.700000e+002
4.099120e+001, 2.700000e+002
4.094630e+001, 2.700000e+002
4.088143e+001, 2.700000e+002
4.079655e+001, 2.700000e+002
4.069165e+001, 2.700000e+002
4.056679e+001, 2.700000e+002
4.042210e+001, 2.700000e+002
4.025777e+001, 2.700000e+002
4.007404e+001, 2.700000e+002
3.987121e+001, 2.700000e+002
3.964966e+001, 2.700000e+002
3.940977e+001, 2.700000e+002
3.915203e+001, 2.700000e+002
3.887693e+001, 2.700000e+002
3.858502e+001, 2.700000e+002
3.827689e+001, 2.700000e+002
3.795316e+001, 2.700000e+002
3.761450e+001, 2.700000e+002
3.726158e+001, 2.700000e+002
3.689511e+001, 2.700000e+002
3.651582e+001, 2.700000e+002
3.612445e+001, 2.700000e+002
3.572175e+001, 2.700000e+002
3.530847e+001, 2.700000e+002
3.488540e+001, 2.700000e+002
3.445327e+001, 2.700000e+002
3.401286e+001, 2.700000e+002
3.356490e+001, 2.700000e+002
3.311012e+001, 2.700000e+002
3.264925e+001, 2.700000e+002
3.218297e+001, 2.700000e+002
3.171196e+001, 2.700000e+002
3.123686e+001, 2.700000e+002
3.075828e+001, 2.700000e+002
3.027681e+001, 2.700000e+002
2.979300e+001, 2.700000e+002
2.930735e+001, 2.700000e+002
2.882035e+001, 2.700000e+002
2.833241e+001, 2.700000e+002
2.784395e+001, 2.700000e+002
2.735531e+001, 2.700000e+002
2.686679e+001, 2.700000e+002
2.637868e+001, 2.700000e+002
2.589119e+001, 2.700000e+002
2.540451e+001, 2.700000e+002
2.491879e+001, 2.700000e+002
2.443413e+001, 2.700000e+002
2.395061e+001, 2.700000e+002
2.346825e+001, 2.700000e+002
2.298705e+001, 2.700000e+002
2.250697e+001, 2.700000e+002
2.202796e+001, 2.700000e+002
2.154992e+001, 2.700000e+002
2.107272e+001, 2.700000e+002
2.059623e+001, 2.700000e+002
2.012029e+001, 2.700000e+002
1.964472e+001, 2.700000e+002
1.916932e+001, 2.700000e+002
1.869390e+001, 2.700000e+002
1.821823e+001, 2.700000e+002
1.774210e+001, 2.700000e+002
1.726530e+001, 2.700000e+002
1.678759e+001, 2.700000e+002
1.630876e+001, 2.700000e+002
1.582860e+001, 2.700000e+002
1.534690e+001, 2.700000e+002
1.486346e+001, 2.700000e+002
1.437809e+001, 2.700000e+002
1.389062e+001, 2.700000e+002
1.340090e+001, 2.700000e+002
1.290879e+001, 2.700000e+002
1.241415e+001, 2.700000e+002
1.191689e+001, 2.700000e+002
1.141691e+001, 2.700000e+002
1.091415e+001, 2.700000e+002
1.040857e+001, 2.700000e+002
9.900136e+000, 2.700000e+002
9.388843e+000, 2.700000e+002
8.874706e+000, 2.700000e+002
8.357755e+000, 2.700000e+002
7.838043e+000, 2.700000e+002
7.315637e+000, 2.700000e+002
6.790622e+000, 2.700000e+002
6.263098e+000, 2.700000e+002
5.733178e+000, 2.700000e+002
5.200986e+000, 2.700000e+002
4.666659e+000, 2.700000e+002
4.130340e+000, 2.700000e+002
3.592180e+000, 2.700000e+002
3.052335e+000, 2.700000e+002
2.510964e+000, 2.700000e+002
1.968225e+000, 2.700000e+002
1.424279e+000, 2.700000e+002
8.792792e-001, 2.699999e+002
3.333777e-001, 2.699998e+002
2.132818e-001, 9.000025e+001
7.605638e-001, 9.000007e+001
1.308343e+000, 9.000004e+001
1.856506e+000, 9.000003e+001
2.404953e+000, 9.000002e+001
2.953598e+000, 9.000002e+001
3.502371e+000, 9.000001e+001
4.051220e+000, 9.000001e+001
4.600110e+000, 9.000001e+001
5.149024e+000, 9.000001e+001
5.697966e+000, 9.000001e+001
6.246957e+000, 9.000001e+001
6.796041e+000, 9.000001e+001
7.345278e+000, 9.000001e+001
7.894750e+000, 9.000001e+001
8.444559e+000, 9.000000e+001
8.994822e+000, 9.000000e+001
9.545679e+000, 9.000000e+001
1.009728e+001, 9.000000e+001
1.064981e+001, 9.000000e+001
1.120343e+001, 9.000000e+001
1.175837e+001, 9.000000e+001
1.231481e+001, 9.000000e+001
1.287300e+001, 9.000000e+001
1.343316e+001, 9.000000e+001
1.399553e+001, 9.000000e+001
1.456036e+001, 9.000000e+001
1.512788e+001, 9.000000e+001
1.569837e+001, 9.000000e+001
1.627206e+001, 9.000000e+001
1.684919e+001, 9.000000e+001
1.743003e+001, 9.000000e+001
1.801480e+001, 9.000000e+001
1.860372e+001, 9.000000e+001
1.919703e+001, 9.000000e+001
1.979492e+001, 9.000000e+001
2.039758e+001, 9.000000e+001
2.100520e+001, 9.000000e+001
2.161792e+001, 9.000000e+001
2.223589e+001, 9.000000e+001
2.285922e+001, 9.000000e+001
2.348800e+001, 9.000000e+001
2.412231e+001, 9.000000e+001
2.476218e+001, 9.000000e+001
2.540763e+001, 9.000000e+001
2.605866e+001, 9.000000e+001
2.671521e+001, 9.000000e+001
2.737722e+001, 9.000000e+001
2.804460e+001, 9.000000e+001
2.871720e+001, 9.000000e+001
2.939487e+001, 9.000000e+001
3.007741e+001, 9.000000e+001
3.076460e+001, 9.000000e+001
3.145618e+001, 9.000000e+001
3.215186e+001, 9.000000e+001
3.285133e+001, 9.000000e+001
3.355424e+001, 9.000000e+001
3.426021e+001, 9.000000e+001
3.496885e+001, 9.000000e+001
3.567971e+001, 9.000000e+001
3.639234e+001, 9.000000e+001
3.710626e+001, 9.000000e+001
3.782097e+001, 9.000000e+001
3.853594e+001, 9.000000e+001
3.925063e+001, 9.000000e+001
3.996449e+001, 9.000000e+001
4.067693e+001, 9.000000e+001
4.138737e+001, 9.000000e+001
4.209522e+001, 9.000000e+001
4.279987e+001, 9.000000e+001
4.350071e+001, 9.000000e+001
4.419713e+001, 9.000000e+001
4.488852e+001, 9.000000e+001
4.557428e+001, 9.000000e+001
4.625379e+001, 9.000000e+001
4.692647e+001, 9.000000e+001
4.759174e+001, 9.000000e+001
4.824901e+001, 9.000000e+001
4.889775e+001, 9.000000e+001
4.953741e+001, 9.000000e+001
5.016748e+001, 9.000000e+001
5.078747e+001, 9.000000e+001
5.139691e+001, 9.000000e+001
5.199536e+001, 9.000000e+001
5.258241e+001, 9.000000e+001
5.315768e+001, 9.000000e+001
5.372082e+001, 9.000000e+001
5.427151e+001, 9.000000e+001
5.480947e+001, 9.000000e+001
5.533445e+001, 9.000000e+001
5.584623e+001, 9.000000e+001
5.634464e+001, 9.000000e+001
5.682952e+001, 9.000000e+001
5.730078e+001, 9.000000e+001
5.775832e+001, 9.000000e+001
5.820211e+001, 9.000000e+001
5.863214e+001, 9.000000e+001
5.904842e+001, 9.000000e+001
5.945100e+001, 9.000000e+001
5.983996e+001, 9.000000e+001
6.021540e+001, 9.000000e+001
6.057744e+001, 9.000000e+001
6.092624e+001, 9.000000e+001
6.126196e+001, 9.000000e+001
6.158477e+001, 9.000000e+001
6.189489e+001, 9.000000e+001
6.219252e+001, 9.000000e+001
6.247787e+001, 9.000000e+001
6.275117e+001, 9.000000e+001
6.301266e+001, 9.000000e+001
6.326255e+001, 9.000000e+001
6.350108e+001, 9.000000e+001
6.372848e+001, 9.000000e+001
6.394494e+001, 9.000000e+001
6.415070e+001, 9.000000e+001
6.434593e+001, 9.000000e+001
6.453082e+001, 9.000000e+001
6.470554e+001, 9.000000e+001
6.487023e+001, 9.000000e+001
6.502504e+001, 9.000000e+001
6.517005e+001, 9.000000e+001
6.530536e+001, 9.000000e+001
6.543104e+001, 9.000000e+001
6.554713e+001, 9.000000e+001
6.565363e+001, 9.000000e+001
6.575054e+001, 9.000000e+001
6.583783e+001, 9.000000e+001
6.591543e+001, 9.000000e+001
6.598327e+001, 9.000000e+001
6.604123e+001, 9.000000e+001
6.608919e+001, 9.000000e+001
6.612699e+001, 9.000000e+001
6.615447e+001, 9.000000e+001
6.617142e+001, 9.000000e+001
6.617763e+001, 9.000000e+001
6.617289e+001, 9.000000e+001
6.615695e+001, 9.000000e+001
6.612956e+001, 9.000000e+001
6.609045e+001, 9.000000e+001
6.603935e+001, 9.000000e+001
6.597600e+001, 9.000000e+001
6.590011e+001, 9.000000e+001
6.581141e+001, 9.000000e+001
6.570962e+001, 9.000000e+001
6.559446e+001, 9.000000e+001
6.546569e+001, 9.000000e+001
6.532305e+001, 9.000000e+001
6.516630e+001, 9.000000e+001
6.499521e+001, 9.000000e+001
6.480958e+001, 9.000000e+001
6.460923e+001, 9.000000e+001
6.439400e+001, 9.000000e+001
6.416374e+001, 9.000000e+001
6.391834e+001, 9.000000e+001
6.365772e+001, 9.000000e+001
6.338183e+001, 9.000000e+001
6.309064e+001, 9.000000e+001
6.278416e+001, 9.000000e+001
6.246244e+001, 9.000000e+001
6.212555e+001, 9.000000e+001
6.177360e+001, 9.000000e+001
6.140675e+001, 9.000000e+001
6.102517e+001, 9.000000e+001
6.062908e+001, 9.000000e+001
6.021873e+001, 9.000000e+001
5.979441e+001, 9.000000e+001
5.935643e+001, 9.000000e+001
5.890516e+001, 9.000000e+001
5.844098e+001, 9.000000e+001
5.796429e+001, 9.000000e+001
5.747554e+001, 9.000000e+001
5.697520e+001, 9.000000e+001
5.646375e+001, 9.000000e+001
5.594172e+001, 9.000000e+001
5.540963e+001, 9.000000e+001
5.486804e+001, 9.000000e+001
5.431750e+001, 9.000000e+001
5.375861e+001, 9.000000e+001
5.319195e+001, 9.000000e+001
5.261810e+001, 9.000000e+001
5.203767e+001, 9.000000e+001
5.145125e+001, 9.000000e+001
5.085943e+001, 9.000000e+001
5.026282e+001, 9.000000e+001
4.966198e+001, 9.000000e+001
4.905748e+001, 9.000000e+001
4.844989e+001, 9.000000e+001
4.783973e+001, 9.000000e+001
4.722753e+001, 9.000000e+001
4.661379e+001, 9.000000e+001
4.599898e+001, 9.000000e+001
4.538355e+001, 9.000000e+001
4.476790e+001, 9.000000e+001
4.415244e+001, 9.000000e+001
4.353750e+001, 9.000000e+001
4.292342e+001, 9.000000e+001
4.231048e+001, 9.000000e+001
4.169892e+001, 9.000000e+001
4.108896e+001, 9.000000e+001
4.048077e+001, 9.000000e+001
3.987449e+001, 9.000000e+001
3.927021e+001, 9.000000e+001
3.866799e+001, 9.000000e+001
3.806785e+001, 9.000000e+001
3.746977e+001, 9.000000e+001
3.687371e+001, 9.000000e+001
3.627957e+001, 9.000000e+001
3.568723e+001, 9.000000e+001
3.509653e+001, 9.000000e+001
3.450729e+001, 9.000000e+001
3.391930e+001, 9.000000e+001
3.333231e+001, 9.000000e+001
3.274606e+001, 9.000000e+001
3.216026e+001, 9.000000e+001
3.157462e+001, 9.000000e+001
3.098880e+001, 9.000000e+001
3.040249e+001, 9.000000e+001
2.981532e+001, 9.000000e+001
2.922697e+001, 9.000000e+001
2.863706e+001, 9.000000e+001
2.804526e+001, 9.000000e+001
2.745121e+001, 9.000000e+001
2.685457e+001, 9.000000e+001
2.625500e+001, 9.000000e+001
2.565219e+001, 9.000000e+001
2.504584e+001, 9.000000e+001
2.443565e+001, 9.000000e+001
2.382136e+001, 9.000000e+001
2.320273e+001, 9.000000e+001
2.257956e+001, 9.000000e+001
2.195165e+001, 9.000000e+001
2.131885e+001, 9.000000e+001
2.068105e+001, 9.000000e+001
2.003815e+001, 9.000000e+001
1.939012e+001, 9.000000e+001
1.873694e+001, 9.000000e+001
1.807863e+001, 9.000000e+001
1.741527e+001, 9.000000e+001
1.674695e+001, 9.000000e+001
1.607383e+001, 9.000000e+001
1.539610e+001, 9.000000e+001
1.471396e+001, 9.000000e+001
1.402770e+001, 9.000000e+001
1.333761e+001, 9.000000e+001
1.264403e+001, 9.000000e+001
1.194733e+001, 9.000000e+001
1.124792e+001, 9.000000e+001
1.054625e+001, 9.000000e+001
9.842777e+000, 9.000000e+001
9.138007e+000, 9.000000e+001
8.432465e+000, 9.000000e+001
7.726702e+000, 9.000000e+001
7.021290e+000, 9.000001e+001
6.316820e+000, 9.000001e+001
5.613898e+000, 9.000001e+001
4.913148e+000, 9.000001e+001
4.215202e+000, 9.000001e+001
3.520701e+000, 9.000001e+001
2.830293e+000, 9.000001e+001
2.144629e+000, 9.000002e+001
1.464359e+000, 9.000003e+001
7.901336e-001, 9.000005e+001
1.225964e-001, 9.000033e+001
5.376150e-001, 2.699999e+002
1.189873e+000, 2.700000e+002
1.833561e+000, 2.700000e+002
2.468078e+000, 2.700000e+002
3.092838e+000, 2.700000e+002
3.707273e+000, 2.700000e+002
4.310836e+000, 2.700000e+002
4.903001e+000, 2.700000e+002
5.483265e+000, 2.700000e+002
6.051149e+000, 2.700000e+002
6.606203e+000, 2.700000e+002
7.148001e+000, 2.700000e+002
7.676146e+000, 2.700000e+002
8.190270e+000, 2.700000e+002
8.690034e+000, 2.700000e+002
9.175130e+000, 2.700000e+002
9.645281e+000, 2.700000e+002
1.010024e+001, 2.700000e+002
1.053979e+001, 2.700000e+002
1.096374e+001, 2.700000e+002
1.137194e+001, 2.700000e+002
1.176427e+001, 2.700000e+002
1.214062e+001, 2.700000e+002
1.250094e+001, 2.700000e+002
1.284519e+001, 2.700000e+002
1.317336e+001, 2.700000e+002
1.348547e+001, 2.700000e+002
1.378157e+001, 2.700000e+002
1.406172e+001, 2.700000e+002
1.432602e+001, 2.700000e+002
1.457459e+001, 2.700000e+002
1.480757e+001, 2.700000e+002
1.502512e+001, 2.700000e+002
1.522743e+001, 2.700000e+002
1.541470e+001, 2.700000e+002
1.558714e+001, 2.700000e+002
1.574499e+001, 2.700000e+002
1.588850e+001, 2.700000e+002
1.601793e+001, 2.700000e+002
1.613356e+001, 2.700000e+002
2.263021e+000, 9.000002e+001
1.828297e+000, 9.000002e+001
1.401912e+000, 9.000002e+001
9.840758e-001, 9.000003e+001
5.749709e-001, 9.000005e+001
1.747565e-001, 9.000017e+001
2.164324e-001, 2.699999e+002
5.984833e-001, 2.700000e+002
9.713055e-001, 2.700000e+002
1.334829e+000, 2.700000e+002
1.689003e+000, 2.700000e+002
2.033795e+000, 2.700000e+002
2.369190e+000, 2.700000e+002
2.695187e+000, 2.700000e+002
3.011802e+000, 2.700000e+002
3.319063e+000, 2.700000e+002
3.617010e+000, 2.700000e+002
3.905694e+000, 2.700000e+002
4.185175e+000, 2.700000e+002
4.455522e+000, 2.700000e+002
4.716812e+000, 2.700000e+002
4.969128e+000, 2.700000e+002
5.212559e+000, 2.700000e+002
5.447198e+000, 2.700000e+002
5.673142e+000, 2.700000e+002
5.890492e+000, 2.700000e+002
6.099351e+000, 2.700000e+002
6.299825e+000, 2.700000e+002
6.492019e+000, 2.700000e+002
6.676043e+000, 2.700000e+002
6.852005e+000, 2.700000e+002
7.020015e+000, 2.700000e+002
7.180185e+000, 2.700000e+002
7.332625e+000, 2.700000e+002
7.477447e+000, 2.700000e+002
7.614764e+000, 2.700000e+002
7.744690e+000, 2.700000e+002
7.867340e+000, 2.700000e+002
7.982828e+000, 2.700000e+002
8.091273e+000, 2.700000e+002
8.192794e+000, 2.700000e+002
8.287512e+000, 2.700000e+002
8.375550e+000, 2.700000e+002
8.457035e+000, 2.700000e+002
8.532096e+000, 2.700000e+002
8.600864e+000, 2.700000e+002
8.663474e+000, 2.700000e+002
8.720064e+000, 2.700000e+002
8.770776e+000, 2.700000e+002
8.815756e+000, 2.700000e+002
8.855150e+000, 2.700000e+002
8.889111e+000, 2.700000e+002
8.917791e+000, 2.700000e+002
8.941348e+000, 2.700000e+002
8.959940e+000, 2.700000e+002
8.973726e+000, 2.700000e+002
8.982868e+000, 2.700000e+002
8.987525e+000, 2.700000e+002
8.987857e+000, 2.700000e+002
8.984023e+000, 2.700000e+002
8.976177e+000, 2.700000e+002
8.964471e+000, 2.700000e+002
8.949050e+000, 2.700000e+002
8.930054e+000, 2.700000e+002
8.907612e+000, 2.700000e+002
8.881848e+000, 2.700000e+002
8.852870e+000, 2.700000e+002
8.820776e+000, 2.700000e+002
8.785650e+000, 2.700000e+002
8.747558e+000, 2.700000e+002
8.706548e+000, 2.700000e+002
8.662650e+000, 2.700000e+002
8.615871e+000, 2.700000e+002
8.566195e+000, 2.700000e+002
8.513583e+000, 2.700000e+002
8.457966e+000, 2.700000e+002
8.399249e+000, 2.700000e+002
8.337307e+000, 2.700000e+002
8.271984e+000, 2.700000e+002
8.203090e+000, 2.700000e+002
8.130403e+000, 2.700000e+002
8.053663e+000, 2.700000e+002
7.972576e+000, 2.700000e+002
7.886812e+000, 2.700000e+002
7.795999e+000, 2.700000e+002
7.699732e+000, 2.700000e+002
7.597562e+000, 2.700000e+002
7.489004e+000, 2.700000e+002
7.373534e+000, 2.700000e+002
7.250586e+000, 2.700000e+002
7.119559e+000, 2.700000e+002
6.979811e+000, 2.700000e+002
6.830662e+000, 2.700000e+002
6.671398e+000, 2.700000e+002
6.501267e+000, 2.700000e+002
6.319484e+000, 2.700000e+002
6.125229e+000, 2.700000e+002
5.917653e+000, 2.700000e+002
5.695877e+000, 2.700000e+002
5.458992e+000, 2.700000e+002
5.206066e+000, 2.700000e+002
4.936144e+000, 2.700000e+002
4.648249e+000, 2.700000e+002
4.341387e+000, 2.700000e+002
4.014546e+000, 2.700000e+002
3.666704e+000, 2.700000e+002
3.296827e+000, 2.700000e+002
2.903877e+000, 2.700000e+002
2.486809e+000, 2.700000e+002
2.044577e+000, 2.700000e+002
1.576140e+000, 2.700000e+002
1.080460e+000, 2.700000e+002
5.565070e-001, 2.700000e+002
3.263241e-003, 2.699993e+002
5.802750e-001, 9.000001e+001
1.195094e+000, 9.000000e+001
1.842160e+000, 9.000000e+001
2.522416e+000, 9.000000e+001
3.236779e+000, 9.000000e+001
3.986138e+000, 9.000000e+001
4.771351e+000, 9.000000e+001
5.593241e+000, 9.000000e+001
6.452597e+000, 9.000000e+001
7.350169e+000, 9.000000e+001
8.286667e+000, 9.000000e+001
9.262759e+000, 9.000000e+001
1.027907e+001, 9.000000e+001
1.133618e+001, 9.000000e+001
1.243461e+001, 9.000000e+001
1.357486e+001, 9.000000e+001
1.475736e+001, 9.000000e+001
1.598248e+001, 9.000000e+001
1.725056e+001, 9.000000e+001
1.856189e+001, 9.000000e+001
1.991668e+001, 9.000000e+001
2.131510e+001, 9.000000e+001
2.275728e+001, 9.000000e+001
2.424328e+001, 9.000000e+001
2.577310e+001, 9.000000e+001
2.734669e+001, 9.000000e+001
2.896395e+001, 9.000000e+001
3.062471e+001, 9.000000e+001
3.232876e+001, 9.000000e+001
3.407582e+001, 9.000000e+001
3.586555e+001, 9.000000e+001
3.769757e+001, 9.000000e+001
3.957141e+001, 9.000000e+001
4.148658e+001, 9.000000e+001
4.344251e+001, 9.000000e+001
4.543856e+001, 9.000000e+001
4.747405e+001, 9.000000e+001
4.954823e+001, 9.000000e+001
5.166028e+001, 9.000000e+001
5.380933e+001, 9.000000e+001
5.599444e+001, 9.000000e+001
5.821461e+001, 9.000000e+001
6.046875e+001, 9.000000e+001
6.275574e+001, 9.000000e+001
6.507437e+001, 9.000000e+001
6.742334e+001, 9.000000e+001
6.980132e+001, 9.000000e+001
7.220688e+001, 9.000000e+001
7.463850e+001, 9.000000e+001
7.709461e+001, 9.000000e+001
7.957356e+001, 9.000000e+001
8.207359e+001, 9.000000e+001
8.459289e+001, 9.000000e+001
8.712953e+001, 9.000000e+001
8.968153e+001, 9.000000e+001
9.224680e+001, 9.000000e+001
9.482316e+001, 9.000000e+001
9.740835e+001, 9.000000e+001
1.000000e+002, 9.000000e+001
##END
