##TITLE= Pf1-3t0-0h4825
##JCAMP-DX= 5.00 Bruker JCAMP library
##DATA TYPE= Shape Data
##ORIGIN= Bruker BioSpin GmbH
##OWNER= <Alexej Jerschow>
##DATE= 2009/01/20
##TIME= 17:10:24
##$SHAPE_PARAMETERS= 
##MINX= 3.648840e-002
##MAXX= 1.000000e+002
##MINY= 8.999979e+001
##MAXY= 2.700007e+002
##$SHAPE_EXMODE= 
##$SHAPE_TOTROT= 
##$SHAPE_TYPE= 
##$SHAPE_USER_DEF= 
##$SHAPE_REPHFAC= 
##$SHAPE_BWFAC= 
##$SHAPE_BWFAC50= 
##$SHAPE_INTEGFAC= 
##$SHAPE_MODE= 
##NPOINTS= 1000
##XYPOINTS= (XY..XY)
4.175233e+001, 2.700000e+002
4.197946e+001, 2.700000e+002
4.220731e+001, 2.700000e+002
4.243598e+001, 2.700000e+002
4.266550e+001, 2.700000e+002
4.289587e+001, 2.700000e+002
4.312700e+001, 2.700000e+002
4.335879e+001, 2.700000e+002
4.359106e+001, 2.700000e+002
4.382358e+001, 2.700000e+002
4.405606e+001, 2.700000e+002
4.428817e+001, 2.700000e+002
4.451953e+001, 2.700000e+002
4.474969e+001, 2.700000e+002
4.497819e+001, 2.700000e+002
4.520448e+001, 2.700000e+002
4.542801e+001, 2.700000e+002
4.564815e+001, 2.700000e+002
4.586429e+001, 2.700000e+002
4.607572e+001, 2.700000e+002
4.628177e+001, 2.700000e+002
4.648170e+001, 2.700000e+002
4.667477e+001, 2.700000e+002
4.686024e+001, 2.700000e+002
4.703733e+001, 2.700000e+002
4.720528e+001, 2.700000e+002
4.736333e+001, 2.700000e+002
4.751073e+001, 2.700000e+002
4.764672e+001, 2.700000e+002
4.777060e+001, 2.700000e+002
4.788164e+001, 2.700000e+002
4.797919e+001, 2.700000e+002
4.806259e+001, 2.700000e+002
4.813124e+001, 2.700000e+002
4.818459e+001, 2.700000e+002
4.822210e+001, 2.700000e+002
4.824332e+001, 2.700000e+002
4.824782e+001, 2.700000e+002
4.823525e+001, 2.700000e+002
4.820532e+001, 2.700000e+002
4.815777e+001, 2.700000e+002
4.809243e+001, 2.700000e+002
4.800920e+001, 2.700000e+002
4.790802e+001, 2.700000e+002
4.778892e+001, 2.700000e+002
4.765199e+001, 2.700000e+002
4.749737e+001, 2.700000e+002
4.732529e+001, 2.700000e+002
4.713603e+001, 2.700000e+002
4.692994e+001, 2.700000e+002
4.670742e+001, 2.700000e+002
4.646895e+001, 2.700000e+002
4.621503e+001, 2.700000e+002
4.594626e+001, 2.700000e+002
4.566324e+001, 2.700000e+002
4.536665e+001, 2.700000e+002
4.505719e+001, 2.700000e+002
4.473562e+001, 2.700000e+002
4.440271e+001, 2.700000e+002
4.405927e+001, 2.700000e+002
4.370612e+001, 2.700000e+002
4.334411e+001, 2.700000e+002
4.297410e+001, 2.700000e+002
4.259695e+001, 2.700000e+002
4.221353e+001, 2.700000e+002
4.182469e+001, 2.700000e+002
4.143129e+001, 2.700000e+002
4.103417e+001, 2.700000e+002
4.063414e+001, 2.700000e+002
4.023201e+001, 2.700000e+002
3.982852e+001, 2.700000e+002
3.942441e+001, 2.700000e+002
3.902038e+001, 2.700000e+002
3.861706e+001, 2.700000e+002
3.821507e+001, 2.700000e+002
3.781495e+001, 2.700000e+002
3.741720e+001, 2.700000e+002
3.702227e+001, 2.700000e+002
3.663053e+001, 2.700000e+002
3.624231e+001, 2.700000e+002
3.585787e+001, 2.700000e+002
3.547740e+001, 2.700000e+002
3.510104e+001, 2.700000e+002
3.472885e+001, 2.700000e+002
3.436083e+001, 2.700000e+002
3.399692e+001, 2.700000e+002
3.363699e+001, 2.700000e+002
3.328084e+001, 2.700000e+002
3.292823e+001, 2.700000e+002
3.257883e+001, 2.700000e+002
3.223229e+001, 2.700000e+002
3.188819e+001, 2.700000e+002
3.154604e+001, 2.700000e+002
3.120532e+001, 2.700000e+002
3.086549e+001, 2.700000e+002
3.052592e+001, 2.700000e+002
3.018599e+001, 2.700000e+002
2.984502e+001, 2.700000e+002
2.950233e+001, 2.700000e+002
2.915720e+001, 2.700000e+002
2.880889e+001, 2.700000e+002
2.845668e+001, 2.700000e+002
2.809981e+001, 2.700000e+002
2.773755e+001, 2.700000e+002
2.736914e+001, 2.700000e+002
2.699387e+001, 2.700000e+002
2.661102e+001, 2.700000e+002
2.621990e+001, 2.700000e+002
2.581983e+001, 2.700000e+002
2.541020e+001, 2.700000e+002
2.499038e+001, 2.700000e+002
2.455983e+001, 2.700000e+002
2.411802e+001, 2.700000e+002
2.366447e+001, 2.700000e+002
2.319877e+001, 2.700000e+002
2.272055e+001, 2.700000e+002
2.222948e+001, 2.700000e+002
2.172532e+001, 2.700000e+002
2.120786e+001, 2.700000e+002
2.067696e+001, 2.700000e+002
2.013256e+001, 2.700000e+002
1.957463e+001, 2.700000e+002
1.900324e+001, 2.700000e+002
1.841849e+001, 2.700000e+002
1.782054e+001, 2.700000e+002
1.720965e+001, 2.700000e+002
1.658610e+001, 2.700000e+002
1.595024e+001, 2.700000e+002
1.530246e+001, 2.700000e+002
1.464324e+001, 2.700000e+002
1.397306e+001, 2.700000e+002
1.329248e+001, 2.700000e+002
1.260208e+001, 2.700000e+002
1.190249e+001, 2.700000e+002
1.119436e+001, 2.700000e+002
1.047838e+001, 2.700000e+002
9.755248e+000, 2.700000e+002
9.025700e+000, 2.700000e+002
8.290468e+000, 2.700000e+002
7.550298e+000, 2.700000e+002
6.805938e+000, 2.700000e+002
6.058135e+000, 2.700000e+002
5.307625e+000, 2.700000e+002
4.555136e+000, 2.700000e+002
3.801374e+000, 2.700000e+002
3.047026e+000, 2.700000e+002
2.292752e+000, 2.700000e+002
1.539181e+000, 2.700000e+002
7.869076e-001, 2.700000e+002
3.648840e-002, 2.700007e+002
7.115618e-001, 8.999996e+001
1.456772e+000, 8.999998e+001
2.198719e+000, 8.999999e+001
2.937026e+000, 8.999999e+001
3.671370e+000, 8.999999e+001
4.401476e+000, 8.999999e+001
5.127125e+000, 8.999999e+001
5.848147e+000, 8.999999e+001
6.564428e+000, 8.999999e+001
7.275902e+000, 8.999999e+001
7.982557e+000, 8.999999e+001
8.684427e+000, 9.000000e+001
9.381597e+000, 9.000000e+001
1.007419e+001, 9.000000e+001
1.076239e+001, 9.000000e+001
1.144638e+001, 9.000000e+001
1.212643e+001, 9.000000e+001
1.280280e+001, 9.000000e+001
1.347581e+001, 9.000000e+001
1.414577e+001, 9.000000e+001
1.481304e+001, 9.000000e+001
1.547797e+001, 9.000000e+001
1.614095e+001, 9.000000e+001
1.680235e+001, 9.000000e+001
1.746255e+001, 9.000000e+001
1.812193e+001, 9.000000e+001
1.878085e+001, 9.000000e+001
1.943966e+001, 9.000000e+001
2.009872e+001, 9.000000e+001
2.075832e+001, 9.000000e+001
2.141876e+001, 9.000000e+001
2.208030e+001, 9.000000e+001
2.274316e+001, 9.000000e+001
2.340753e+001, 9.000000e+001
2.407357e+001, 9.000000e+001
2.474136e+001, 9.000000e+001
2.541099e+001, 9.000000e+001
2.608244e+001, 9.000000e+001
2.675569e+001, 9.000000e+001
2.743065e+001, 9.000000e+001
2.810716e+001, 9.000000e+001
2.878504e+001, 9.000000e+001
2.946403e+001, 9.000000e+001
3.014382e+001, 9.000000e+001
3.082406e+001, 9.000000e+001
3.150433e+001, 9.000000e+001
3.218416e+001, 9.000000e+001
3.286304e+001, 9.000000e+001
3.354039e+001, 9.000000e+001
3.421560e+001, 9.000000e+001
3.488801e+001, 9.000000e+001
3.555691e+001, 9.000000e+001
3.622155e+001, 9.000000e+001
3.688115e+001, 9.000000e+001
3.753488e+001, 9.000000e+001
3.818190e+001, 9.000000e+001
3.882132e+001, 9.000000e+001
3.945223e+001, 9.000000e+001
4.007372e+001, 9.000000e+001
4.068484e+001, 9.000000e+001
4.128464e+001, 9.000000e+001
4.187216e+001, 9.000000e+001
4.244643e+001, 9.000000e+001
4.300650e+001, 9.000000e+001
4.355140e+001, 9.000000e+001
4.408018e+001, 9.000000e+001
4.459191e+001, 9.000000e+001
4.508569e+001, 9.000000e+001
4.556060e+001, 9.000000e+001
4.601579e+001, 9.000000e+001
4.645041e+001, 9.000000e+001
4.686367e+001, 9.000000e+001
4.725481e+001, 9.000000e+001
4.762309e+001, 9.000000e+001
4.796785e+001, 9.000000e+001
4.828843e+001, 9.000000e+001
4.858428e+001, 9.000000e+001
4.885484e+001, 9.000000e+001
4.909965e+001, 9.000000e+001
4.931827e+001, 9.000000e+001
4.951036e+001, 9.000000e+001
4.967558e+001, 9.000000e+001
4.981370e+001, 9.000000e+001
4.992452e+001, 9.000000e+001
5.000789e+001, 9.000000e+001
5.006375e+001, 9.000000e+001
5.009206e+001, 9.000000e+001
5.009285e+001, 9.000000e+001
5.006620e+001, 9.000000e+001
5.001224e+001, 9.000000e+001
4.993115e+001, 9.000000e+001
4.982315e+001, 9.000000e+001
4.968850e+001, 9.000000e+001
4.952749e+001, 9.000000e+001
4.934047e+001, 9.000000e+001
4.912779e+001, 9.000000e+001
4.888984e+001, 9.000000e+001
4.862703e+001, 9.000000e+001
4.833978e+001, 9.000000e+001
4.802854e+001, 9.000000e+001
4.769374e+001, 9.000000e+001
4.733583e+001, 9.000000e+001
4.695526e+001, 9.000000e+001
4.655246e+001, 9.000000e+001
4.612786e+001, 9.000000e+001
4.568188e+001, 9.000000e+001
4.521490e+001, 9.000000e+001
4.472730e+001, 9.000000e+001
4.421941e+001, 9.000000e+001
4.369155e+001, 9.000000e+001
4.314400e+001, 9.000000e+001
4.257699e+001, 9.000000e+001
4.199074e+001, 9.000000e+001
4.138541e+001, 9.000000e+001
4.076112e+001, 9.000000e+001
4.011795e+001, 9.000000e+001
3.945595e+001, 9.000000e+001
3.877512e+001, 9.000000e+001
3.807540e+001, 9.000000e+001
3.735672e+001, 9.000000e+001
3.661895e+001, 9.000000e+001
3.586194e+001, 9.000000e+001
3.508549e+001, 9.000000e+001
3.428938e+001, 9.000000e+001
3.347336e+001, 9.000000e+001
3.263717e+001, 9.000000e+001
3.178050e+001, 9.000000e+001
3.090306e+001, 9.000000e+001
3.000454e+001, 9.000000e+001
2.908462e+001, 9.000000e+001
2.814300e+001, 9.000000e+001
2.717937e+001, 9.000000e+001
2.619346e+001, 9.000000e+001
2.518499e+001, 9.000000e+001
2.415375e+001, 9.000000e+001
2.309953e+001, 9.000000e+001
2.202218e+001, 9.000000e+001
2.092158e+001, 9.000000e+001
1.979770e+001, 9.000000e+001
1.865054e+001, 9.000000e+001
1.748016e+001, 9.000000e+001
1.628672e+001, 9.000000e+001
1.507044e+001, 9.000000e+001
1.383163e+001, 9.000000e+001
1.257066e+001, 9.000000e+001
1.128801e+001, 9.000000e+001
9.984258e+000, 9.000001e+001
8.660057e+000, 9.000001e+001
7.316164e+000, 9.000001e+001
5.953433e+000, 9.000001e+001
4.572813e+000, 9.000001e+001
3.175349e+000, 9.000002e+001
1.762182e+000, 9.000003e+001
3.345476e-001, 9.000018e+001
1.106230e+000, 2.699999e+002
2.558736e+000, 2.700000e+002
4.021474e+000, 2.700000e+002
5.492867e+000, 2.700000e+002
6.971264e+000, 2.700000e+002
8.454945e+000, 2.700000e+002
9.942128e+000, 2.700000e+002
1.143098e+001, 2.700000e+002
1.291960e+001, 2.700000e+002
1.440609e+001, 2.700000e+002
1.588846e+001, 2.700000e+002
1.736476e+001, 2.700000e+002
1.883297e+001, 2.700000e+002
2.029110e+001, 2.700000e+002
2.173714e+001, 2.700000e+002
2.316911e+001, 2.700000e+002
2.458504e+001, 2.700000e+002
2.598300e+001, 2.700000e+002
2.736108e+001, 2.700000e+002
2.871744e+001, 2.700000e+002
3.005029e+001, 2.700000e+002
3.135790e+001, 2.700000e+002
3.263861e+001, 2.700000e+002
3.389085e+001, 2.700000e+002
3.511314e+001, 2.700000e+002
3.630409e+001, 2.700000e+002
3.746240e+001, 2.700000e+002
3.858690e+001, 2.700000e+002
3.967652e+001, 2.700000e+002
4.073030e+001, 2.700000e+002
4.174742e+001, 2.700000e+002
4.272717e+001, 2.700000e+002
4.366898e+001, 2.700000e+002
4.457239e+001, 2.700000e+002
4.543710e+001, 2.700000e+002
4.626290e+001, 2.700000e+002
4.704977e+001, 2.700000e+002
4.779777e+001, 2.700000e+002
4.850712e+001, 2.700000e+002
4.917816e+001, 2.700000e+002
4.981135e+001, 2.700000e+002
5.040730e+001, 2.700000e+002
5.096671e+001, 2.700000e+002
5.149041e+001, 2.700000e+002
5.197934e+001, 2.700000e+002
5.243455e+001, 2.700000e+002
5.285718e+001, 2.700000e+002
5.324847e+001, 2.700000e+002
5.360976e+001, 2.700000e+002
5.394245e+001, 2.700000e+002
5.424801e+001, 2.700000e+002
5.452800e+001, 2.700000e+002
5.478402e+001, 2.700000e+002
5.501771e+001, 2.700000e+002
5.523077e+001, 2.700000e+002
5.542492e+001, 2.700000e+002
5.560189e+001, 2.700000e+002
5.576346e+001, 2.700000e+002
5.591136e+001, 2.700000e+002
5.604736e+001, 2.700000e+002
5.617320e+001, 2.700000e+002
5.629058e+001, 2.700000e+002
5.640119e+001, 2.700000e+002
5.650667e+001, 2.700000e+002
5.660861e+001, 2.700000e+002
5.670854e+001, 2.700000e+002
5.680792e+001, 2.700000e+002
5.690815e+001, 2.700000e+002
5.701052e+001, 2.700000e+002
5.711626e+001, 2.700000e+002
5.722649e+001, 2.700000e+002
5.734222e+001, 2.700000e+002
5.746438e+001, 2.700000e+002
5.759376e+001, 2.700000e+002
5.773104e+001, 2.700000e+002
5.787679e+001, 2.700000e+002
5.803143e+001, 2.700000e+002
5.819528e+001, 2.700000e+002
5.836851e+001, 2.700000e+002
5.855117e+001, 2.700000e+002
5.874316e+001, 2.700000e+002
5.894428e+001, 2.700000e+002
5.915415e+001, 2.700000e+002
5.937230e+001, 2.700000e+002
5.959811e+001, 2.700000e+002
5.983084e+001, 2.700000e+002
6.006961e+001, 2.700000e+002
6.031343e+001, 2.700000e+002
6.056120e+001, 2.700000e+002
6.081169e+001, 2.700000e+002
6.106358e+001, 2.700000e+002
6.131544e+001, 2.700000e+002
6.156573e+001, 2.700000e+002
6.181286e+001, 2.700000e+002
6.205513e+001, 2.700000e+002
6.229076e+001, 2.700000e+002
6.251794e+001, 2.700000e+002
6.273478e+001, 2.700000e+002
6.293934e+001, 2.700000e+002
6.312965e+001, 2.700000e+002
6.330371e+001, 2.700000e+002
6.345951e+001, 2.700000e+002
6.359501e+001, 2.700000e+002
6.370818e+001, 2.700000e+002
6.379701e+001, 2.700000e+002
6.385950e+001, 2.700000e+002
6.389368e+001, 2.700000e+002
6.389761e+001, 2.700000e+002
6.386941e+001, 2.700000e+002
6.380725e+001, 2.700000e+002
6.370937e+001, 2.700000e+002
6.357408e+001, 2.700000e+002
6.339977e+001, 2.700000e+002
6.318494e+001, 2.700000e+002
6.292816e+001, 2.700000e+002
6.262813e+001, 2.700000e+002
6.228363e+001, 2.700000e+002
6.189359e+001, 2.700000e+002
6.145704e+001, 2.700000e+002
6.097314e+001, 2.700000e+002
6.044120e+001, 2.700000e+002
5.986064e+001, 2.700000e+002
5.923103e+001, 2.700000e+002
5.855208e+001, 2.700000e+002
5.782364e+001, 2.700000e+002
5.704569e+001, 2.700000e+002
5.621838e+001, 2.700000e+002
5.534198e+001, 2.700000e+002
5.441690e+001, 2.700000e+002
5.344371e+001, 2.700000e+002
5.242310e+001, 2.700000e+002
5.135590e+001, 2.700000e+002
5.024306e+001, 2.700000e+002
4.908567e+001, 2.700000e+002
4.788493e+001, 2.700000e+002
4.664217e+001, 2.700000e+002
4.535881e+001, 2.700000e+002
4.403640e+001, 2.700000e+002
4.267655e+001, 2.700000e+002
4.128100e+001, 2.700000e+002
3.985154e+001, 2.700000e+002
3.839005e+001, 2.700000e+002
3.689847e+001, 2.700000e+002
3.537881e+001, 2.700000e+002
3.383310e+001, 2.700000e+002
3.226344e+001, 2.700000e+002
3.067195e+001, 2.700000e+002
2.906076e+001, 2.700000e+002
2.743204e+001, 2.700000e+002
2.578793e+001, 2.700000e+002
2.413060e+001, 2.700000e+002
2.246220e+001, 2.700000e+002
2.078483e+001, 2.700000e+002
1.910060e+001, 2.700000e+002
1.741157e+001, 2.700000e+002
1.571974e+001, 2.700000e+002
1.402708e+001, 2.700000e+002
1.233551e+001, 2.700000e+002
1.064686e+001, 2.700000e+002
8.962919e+000, 2.700000e+002
7.285384e+000, 2.700000e+002
5.615886e+000, 2.700000e+002
3.955973e+000, 2.700000e+002
2.307110e+000, 2.700000e+002
6.706747e-001, 2.700001e+002
9.520406e-001, 8.999992e+001
2.559834e+000, 8.999997e+001
4.151592e+000, 8.999998e+001
5.726291e+000, 8.999999e+001
7.282995e+000, 8.999999e+001
8.820856e+000, 8.999999e+001
1.033911e+001, 8.999999e+001
1.183708e+001, 8.999999e+001
1.331416e+001, 9.000000e+001
1.476983e+001, 9.000000e+001
1.620365e+001, 9.000000e+001
1.761522e+001, 9.000000e+001
1.900424e+001, 9.000000e+001
2.037044e+001, 9.000000e+001
2.171363e+001, 9.000000e+001
2.303366e+001, 9.000000e+001
2.433041e+001, 9.000000e+001
2.560383e+001, 9.000000e+001
2.685387e+001, 9.000000e+001
2.808053e+001, 9.000000e+001
2.928383e+001, 9.000000e+001
3.046380e+001, 9.000000e+001
3.162050e+001, 9.000000e+001
3.275397e+001, 9.000000e+001
3.386428e+001, 9.000000e+001
3.495148e+001, 9.000000e+001
3.601564e+001, 9.000000e+001
3.705678e+001, 9.000000e+001
3.807495e+001, 9.000000e+001
3.907015e+001, 9.000000e+001
4.004239e+001, 9.000000e+001
4.099165e+001, 9.000000e+001
4.191788e+001, 9.000000e+001
4.282102e+001, 9.000000e+001
4.370096e+001, 9.000000e+001
4.455761e+001, 9.000000e+001
4.539081e+001, 9.000000e+001
4.620039e+001, 9.000000e+001
4.698619e+001, 9.000000e+001
4.774797e+001, 9.000000e+001
4.848551e+001, 9.000000e+001
4.919857e+001, 9.000000e+001
4.988686e+001, 9.000000e+001
5.055012e+001, 9.000000e+001
5.118805e+001, 9.000000e+001
5.180035e+001, 9.000000e+001
5.238671e+001, 9.000000e+001
5.294683e+001, 9.000000e+001
5.348041e+001, 9.000000e+001
5.398714e+001, 9.000000e+001
5.446674e+001, 9.000000e+001
5.491893e+001, 9.000000e+001
5.534346e+001, 9.000000e+001
5.574008e+001, 9.000000e+001
5.610859e+001, 9.000000e+001
5.644880e+001, 9.000000e+001
5.676056e+001, 9.000000e+001
5.704376e+001, 9.000000e+001
5.729830e+001, 9.000000e+001
5.752416e+001, 9.000000e+001
5.772134e+001, 9.000000e+001
5.788988e+001, 9.000000e+001
5.802989e+001, 9.000000e+001
5.814150e+001, 9.000000e+001
5.822491e+001, 9.000000e+001
5.828038e+001, 9.000000e+001
5.830819e+001, 9.000000e+001
5.830870e+001, 9.000000e+001
5.828230e+001, 9.000000e+001
5.822945e+001, 9.000000e+001
5.815065e+001, 9.000000e+001
5.804646e+001, 9.000000e+001
5.791746e+001, 9.000000e+001
5.776431e+001, 9.000000e+001
5.758769e+001, 9.000000e+001
5.738833e+001, 9.000000e+001
5.716700e+001, 9.000000e+001
5.692449e+001, 9.000000e+001
5.666165e+001, 9.000000e+001
5.637932e+001, 9.000000e+001
5.607841e+001, 9.000000e+001
5.575981e+001, 9.000000e+001
5.542445e+001, 9.000000e+001
5.507327e+001, 9.000000e+001
5.470721e+001, 9.000000e+001
5.432724e+001, 9.000000e+001
5.393429e+001, 9.000000e+001
5.352932e+001, 9.000000e+001
5.311328e+001, 9.000000e+001
5.268708e+001, 9.000000e+001
5.225166e+001, 9.000000e+001
5.180790e+001, 9.000000e+001
5.135668e+001, 9.000000e+001
5.089884e+001, 9.000000e+001
5.043520e+001, 9.000000e+001
4.996654e+001, 9.000000e+001
4.949361e+001, 9.000000e+001
4.901711e+001, 9.000000e+001
4.853771e+001, 9.000000e+001
4.805603e+001, 9.000000e+001
4.757264e+001, 9.000000e+001
4.708807e+001, 9.000000e+001
4.660278e+001, 9.000000e+001
4.611720e+001, 9.000000e+001
4.563171e+001, 9.000000e+001
4.514661e+001, 9.000000e+001
4.466216e+001, 9.000000e+001
4.417858e+001, 9.000000e+001
4.369602e+001, 9.000000e+001
4.321458e+001, 9.000000e+001
4.273430e+001, 9.000000e+001
4.225518e+001, 9.000000e+001
4.177716e+001, 9.000000e+001
4.130014e+001, 9.000000e+001
4.082396e+001, 9.000000e+001
4.034844e+001, 9.000000e+001
3.987332e+001, 9.000000e+001
3.939835e+001, 9.000000e+001
3.892320e+001, 9.000000e+001
3.844752e+001, 9.000000e+001
3.797095e+001, 9.000000e+001
3.749308e+001, 9.000000e+001
3.701350e+001, 9.000000e+001
3.653177e+001, 9.000000e+001
3.604743e+001, 9.000000e+001
3.556004e+001, 9.000000e+001
3.506912e+001, 9.000000e+001
3.457423e+001, 9.000000e+001
3.407490e+001, 9.000000e+001
3.357070e+001, 9.000000e+001
3.306120e+001, 9.000000e+001
3.254599e+001, 9.000000e+001
3.202468e+001, 9.000000e+001
3.149693e+001, 9.000000e+001
3.096240e+001, 9.000000e+001
3.042082e+001, 9.000000e+001
2.987195e+001, 9.000000e+001
2.931557e+001, 9.000000e+001
2.875154e+001, 9.000000e+001
2.817976e+001, 9.000000e+001
2.760017e+001, 9.000000e+001
2.701278e+001, 9.000000e+001
2.641764e+001, 9.000000e+001
2.581487e+001, 9.000000e+001
2.520465e+001, 9.000000e+001
2.458722e+001, 9.000000e+001
2.396285e+001, 9.000000e+001
2.333191e+001, 9.000000e+001
2.269479e+001, 9.000000e+001
2.205196e+001, 9.000000e+001
2.140394e+001, 9.000000e+001
2.075129e+001, 9.000000e+001
2.009462e+001, 9.000000e+001
1.943460e+001, 9.000000e+001
1.877193e+001, 9.000000e+001
1.810735e+001, 9.000000e+001
1.744163e+001, 9.000000e+001
1.677557e+001, 9.000000e+001
1.611000e+001, 9.000000e+001
1.544578e+001, 9.000000e+001
1.478375e+001, 9.000000e+001
1.412480e+001, 9.000000e+001
1.346980e+001, 9.000000e+001
1.281963e+001, 9.000000e+001
1.217516e+001, 9.000000e+001
1.153724e+001, 9.000000e+001
1.090671e+001, 9.000000e+001
1.028440e+001, 9.000000e+001
9.671101e+000, 9.000000e+001
9.067573e+000, 8.999999e+001
8.474541e+000, 8.999999e+001
7.892693e+000, 8.999999e+001
7.322672e+000, 8.999999e+001
6.765071e+000, 8.999999e+001
6.220437e+000, 8.999999e+001
5.689260e+000, 8.999999e+001
5.171975e+000, 8.999999e+001
4.668959e+000, 8.999999e+001
4.180531e+000, 8.999999e+001
3.706947e+000, 8.999999e+001
3.248403e+000, 8.999999e+001
2.805033e+000, 8.999999e+001
2.376910e+000, 8.999999e+001
1.964045e+000, 8.999998e+001
1.566390e+000, 8.999998e+001
1.183837e+000, 8.999998e+001
8.162234e-001, 8.999997e+001
4.633316e-001, 8.999994e+001
1.248920e-001, 8.999979e+001
1.994133e-001, 2.700001e+002
5.099479e-001, 2.700000e+002
8.071166e-001, 2.700000e+002
1.091362e+000, 2.700000e+002
1.363161e+000, 2.700000e+002
1.623019e+000, 2.700000e+002
1.871467e+000, 2.700000e+002
2.109053e+000, 2.700000e+002
2.336344e+000, 2.700000e+002
2.553914e+000, 2.700000e+002
2.762345e+000, 2.700000e+002
2.962216e+000, 2.700000e+002
3.154104e+000, 2.700000e+002
3.338575e+000, 2.700000e+002
3.516179e+000, 2.700000e+002
3.687451e+000, 2.700000e+002
3.852898e+000, 2.700000e+002
4.013002e+000, 2.700000e+002
4.168211e+000, 2.700000e+002
4.318938e+000, 2.700000e+002
4.465556e+000, 2.700000e+002
4.608398e+000, 2.700000e+002
4.747747e+000, 2.700000e+002
4.883841e+000, 2.700000e+002
5.016868e+000, 2.700000e+002
5.146962e+000, 2.700000e+002
5.274205e+000, 2.700000e+002
5.398624e+000, 2.700000e+002
5.520192e+000, 2.700000e+002
5.638826e+000, 2.700000e+002
5.754389e+000, 2.700000e+002
5.866689e+000, 2.700000e+002
5.975483e+000, 2.700000e+002
6.080475e+000, 2.700000e+002
6.181321e+000, 2.700000e+002
6.277630e+000, 2.700000e+002
6.368966e+000, 2.700000e+002
6.454851e+000, 2.700000e+002
6.534774e+000, 2.700000e+002
6.608184e+000, 2.700000e+002
6.674505e+000, 2.700000e+002
6.733132e+000, 2.700000e+002
6.783443e+000, 2.700000e+002
6.824795e+000, 2.700000e+002
6.856538e+000, 2.700000e+002
6.878013e+000, 2.700000e+002
6.888560e+000, 2.700000e+002
6.887525e+000, 2.700000e+002
6.874262e+000, 2.700000e+002
6.848140e+000, 2.700000e+002
6.808548e+000, 2.700000e+002
6.754898e+000, 2.700000e+002
6.686637e+000, 2.700000e+002
6.603241e+000, 2.700000e+002
6.504232e+000, 2.700000e+002
6.389170e+000, 2.700000e+002
6.257670e+000, 2.700000e+002
6.109395e+000, 2.700000e+002
5.944068e+000, 2.700000e+002
5.761468e+000, 2.700000e+002
5.561441e+000, 2.700000e+002
5.343897e+000, 2.700000e+002
5.108814e+000, 2.700000e+002
4.856240e+000, 2.700000e+002
4.586295e+000, 2.700000e+002
4.299172e+000, 2.700000e+002
3.995136e+000, 2.700000e+002
3.674526e+000, 2.700000e+002
3.337753e+000, 2.700000e+002
2.985302e+000, 2.700000e+002
2.617727e+000, 2.700000e+002
2.235651e+000, 2.700000e+002
1.839766e+000, 2.700000e+002
1.430824e+000, 2.700000e+002
1.009642e+000, 2.700000e+002
5.770929e-001, 2.699999e+002
1.341022e-001, 2.699997e+002
3.183544e-001, 9.000014e+001
7.792573e-001, 9.000006e+001
1.247547e+000, 9.000004e+001
1.722131e+000, 9.000003e+001
2.201888e+000, 9.000002e+001
2.685673e+000, 9.000002e+001
3.172325e+000, 9.000002e+001
3.660674e+000, 9.000002e+001
4.149543e+000, 9.000001e+001
4.637759e+000, 9.000001e+001
5.124158e+000, 9.000001e+001
5.607589e+000, 9.000001e+001
6.086923e+000, 9.000001e+001
6.561059e+000, 9.000001e+001
7.028926e+000, 9.000001e+001
7.489497e+000, 9.000001e+001
7.941785e+000, 9.000001e+001
8.384854e+000, 9.000001e+001
8.817825e+000, 9.000001e+001
9.239875e+000, 9.000001e+001
9.650248e+000, 9.000001e+001
1.004825e+001, 9.000001e+001
1.043327e+001, 9.000001e+001
1.080475e+001, 9.000001e+001
1.116224e+001, 9.000001e+001
1.150533e+001, 9.000001e+001
1.183371e+001, 9.000001e+001
1.214716e+001, 9.000001e+001
1.244553e+001, 9.000001e+001
1.272875e+001, 9.000001e+001
1.299684e+001, 9.000001e+001
1.324988e+001, 9.000001e+001
1.348805e+001, 9.000001e+001
1.371160e+001, 9.000001e+001
1.392086e+001, 9.000001e+001
1.411622e+001, 9.000001e+001
1.429814e+001, 9.000001e+001
1.446715e+001, 9.000001e+001
1.462385e+001, 9.000001e+001
1.476888e+001, 9.000001e+001
1.490295e+001, 9.000001e+001
1.502681e+001, 9.000001e+001
1.514124e+001, 9.000001e+001
1.524708e+001, 9.000001e+001
1.534521e+001, 9.000001e+001
1.543651e+001, 9.000001e+001
1.552191e+001, 9.000001e+001
1.560235e+001, 9.000001e+001
1.567877e+001, 9.000001e+001
1.575214e+001, 9.000001e+001
1.582341e+001, 9.000001e+001
1.589356e+001, 9.000001e+001
1.596353e+001, 9.000001e+001
1.603427e+001, 9.000001e+001
1.610671e+001, 9.000001e+001
1.618175e+001, 9.000001e+001
1.626028e+001, 9.000001e+001
1.634315e+001, 9.000001e+001
1.643119e+001, 9.000001e+001
1.652518e+001, 9.000001e+001
1.662587e+001, 9.000001e+001
1.673398e+001, 9.000001e+001
1.685017e+001, 9.000001e+001
1.697505e+001, 9.000001e+001
1.710920e+001, 9.000001e+001
1.725314e+001, 9.000001e+001
1.740735e+001, 9.000001e+001
1.757223e+001, 9.000001e+001
1.774816e+001, 9.000001e+001
1.793545e+001, 9.000001e+001
1.813435e+001, 9.000001e+001
1.834507e+001, 9.000001e+001
1.856777e+001, 9.000001e+001
1.880253e+001, 9.000001e+001
1.904939e+001, 9.000001e+001
1.930836e+001, 9.000001e+001
1.957938e+001, 9.000001e+001
1.986232e+001, 9.000001e+001
2.015705e+001, 9.000001e+001
2.046334e+001, 9.000001e+001
2.078097e+001, 9.000001e+001
2.110962e+001, 9.000001e+001
2.144898e+001, 9.000001e+001
2.179867e+001, 9.000001e+001
2.215827e+001, 9.000001e+001
2.252736e+001, 9.000001e+001
2.290545e+001, 9.000001e+001
2.329204e+001, 9.000001e+001
2.368660e+001, 9.000001e+001
2.408856e+001, 9.000000e+001
2.449735e+001, 9.000000e+001
2.491236e+001, 9.000000e+001
6.036519e+001, 9.000000e+001
6.012935e+001, 9.000000e+001
5.988488e+001, 9.000000e+001
5.963213e+001, 9.000000e+001
5.937143e+001, 9.000000e+001
5.910306e+001, 9.000000e+001
5.882726e+001, 9.000000e+001
5.854424e+001, 9.000000e+001
5.825418e+001, 9.000000e+001
5.795721e+001, 9.000000e+001
5.765347e+001, 9.000000e+001
5.734303e+001, 9.000000e+001
5.702596e+001, 9.000000e+001
5.670230e+001, 9.000000e+001
5.637207e+001, 9.000000e+001
5.603527e+001, 9.000000e+001
5.569189e+001, 9.000000e+001
5.534190e+001, 9.000000e+001
5.498526e+001, 9.000000e+001
5.462191e+001, 9.000000e+001
5.425180e+001, 9.000000e+001
5.387486e+001, 9.000000e+001
5.349103e+001, 9.000000e+001
5.310022e+001, 9.000000e+001
5.270237e+001, 9.000000e+001
5.229739e+001, 9.000000e+001
5.188520e+001, 9.000000e+001
5.146574e+001, 9.000000e+001
5.103893e+001, 9.000000e+001
5.060469e+001, 9.000000e+001
5.016295e+001, 9.000000e+001
4.971366e+001, 9.000000e+001
4.925674e+001, 9.000000e+001
4.879213e+001, 9.000000e+001
4.831978e+001, 9.000000e+001
4.783963e+001, 9.000000e+001
4.735163e+001, 9.000000e+001
4.685572e+001, 9.000000e+001
4.635186e+001, 9.000000e+001
4.583998e+001, 9.000000e+001
4.532006e+001, 9.000000e+001
4.479202e+001, 9.000000e+001
4.425582e+001, 9.000000e+001
4.371141e+001, 9.000000e+001
4.315873e+001, 9.000000e+001
4.259771e+001, 9.000000e+001
4.202830e+001, 9.000000e+001
4.145043e+001, 9.000000e+001
4.086402e+001, 9.000000e+001
4.026901e+001, 9.000000e+001
3.966531e+001, 9.000000e+001
3.905284e+001, 9.000000e+001
3.843152e+001, 9.000000e+001
3.780125e+001, 9.000000e+001
3.716195e+001, 9.000000e+001
3.651353e+001, 9.000000e+001
3.585590e+001, 9.000000e+001
3.518896e+001, 9.000000e+001
3.451264e+001, 9.000000e+001
3.382684e+001, 9.000000e+001
3.313150e+001, 9.000000e+001
3.242655e+001, 9.000000e+001
3.171194e+001, 9.000000e+001
3.098762e+001, 9.000000e+001
3.025358e+001, 9.000000e+001
2.950981e+001, 9.000000e+001
2.875633e+001, 9.000000e+001
2.799318e+001, 9.000000e+001
2.722044e+001, 9.000000e+001
2.643820e+001, 9.000000e+001
2.564661e+001, 9.000000e+001
2.484584e+001, 9.000000e+001
2.403612e+001, 9.000000e+001
2.321770e+001, 9.000000e+001
2.239089e+001, 9.000000e+001
2.155606e+001, 9.000000e+001
2.071362e+001, 9.000000e+001
1.986404e+001, 9.000000e+001
1.900786e+001, 9.000000e+001
1.814567e+001, 9.000000e+001
1.727813e+001, 9.000000e+001
1.640595e+001, 9.000000e+001
1.552994e+001, 9.000000e+001
1.465096e+001, 9.000000e+001
1.376995e+001, 9.000000e+001
1.288790e+001, 9.000000e+001
1.200590e+001, 9.000000e+001
1.112510e+001, 9.000000e+001
1.024673e+001, 9.000001e+001
9.372085e+000, 9.000001e+001
8.502542e+000, 9.000001e+001
7.639543e+000, 9.000001e+001
6.784599e+000, 9.000001e+001
5.939293e+000, 9.000001e+001
5.105270e+000, 9.000001e+001
4.284241e+000, 9.000001e+001
3.477976e+000, 9.000002e+001
2.688302e+000, 9.000002e+001
1.917100e+000, 9.000003e+001
1.166301e+000, 9.000005e+001
4.378793e-001, 9.000012e+001
2.661484e-001, 2.699998e+002
9.437298e-001, 2.699999e+002
1.592782e+000, 2.700000e+002
2.211196e+000, 2.700000e+002
2.796843e+000, 2.700000e+002
3.347580e+000, 2.700000e+002
3.861253e+000, 2.700000e+002
4.335709e+000, 2.700000e+002
4.768794e+000, 2.700000e+002
5.158365e+000, 2.700000e+002
5.502295e+000, 2.700000e+002
5.798475e+000, 2.700000e+002
6.044826e+000, 2.700000e+002
6.239301e+000, 2.700000e+002
6.379890e+000, 2.700000e+002
6.464630e+000, 2.700000e+002
6.491606e+000, 2.700000e+002
6.458959e+000, 2.700000e+002
6.364890e+000, 2.700000e+002
6.207667e+000, 2.700000e+002
5.985625e+000, 2.700000e+002
5.697176e+000, 2.700000e+002
5.340809e+000, 2.700000e+002
4.915096e+000, 2.700000e+002
4.418695e+000, 2.700000e+002
3.850354e+000, 2.700000e+002
3.208911e+000, 2.700000e+002
2.493302e+000, 2.700000e+002
1.702558e+000, 2.700000e+002
8.358116e-001, 2.699999e+002
1.077057e-001, 9.000049e+001
1.128658e+000, 9.000005e+001
2.227606e+000, 9.000002e+001
3.405006e+000, 9.000002e+001
4.661206e+000, 9.000001e+001
5.996449e+000, 9.000001e+001
7.410873e+000, 9.000001e+001
8.904507e+000, 9.000001e+001
1.047727e+001, 9.000001e+001
1.212898e+001, 9.000000e+001
1.385935e+001, 9.000000e+001
1.566798e+001, 9.000000e+001
1.755435e+001, 9.000000e+001
1.951788e+001, 9.000000e+001
2.155782e+001, 9.000000e+001
2.367338e+001, 9.000000e+001
2.586361e+001, 9.000000e+001
2.812749e+001, 9.000000e+001
3.046389e+001, 9.000000e+001
3.287156e+001, 9.000000e+001
3.534916e+001, 9.000000e+001
3.789524e+001, 9.000000e+001
4.050825e+001, 9.000000e+001
4.318652e+001, 9.000000e+001
4.592829e+001, 9.000000e+001
4.873168e+001, 9.000000e+001
5.159471e+001, 9.000000e+001
5.451529e+001, 9.000000e+001
5.749121e+001, 9.000000e+001
6.052017e+001, 9.000000e+001
6.359973e+001, 9.000000e+001
6.672734e+001, 9.000000e+001
6.990035e+001, 9.000000e+001
7.311596e+001, 9.000000e+001
7.637129e+001, 9.000000e+001
7.966329e+001, 9.000000e+001
8.298882e+001, 9.000000e+001
8.634460e+001, 9.000000e+001
8.972721e+001, 9.000000e+001
9.313312e+001, 9.000000e+001
9.655865e+001, 9.000000e+001
1.000000e+002, 9.000000e+001
##END
