##TITLE= Pf1-2t75-0h5314
##JCAMP-DX= 5.00 Bruker JCAMP library
##DATA TYPE= Shape Data
##ORIGIN= Bruker BioSpin GmbH
##OWNER= <Alexej Jerschow>
##DATE= 2009/01/20
##TIME= 17:11:21
##$SHAPE_PARAMETERS= 
##MINX= 1.656167e-001
##MAXX= 1.000000e+002
##MINY= 8.999997e+001
##MAXY= 2.700002e+002
##$SHAPE_EXMODE= 
##$SHAPE_TOTROT= 
##$SHAPE_TYPE= 
##$SHAPE_USER_DEF= 
##$SHAPE_REPHFAC= 
##$SHAPE_BWFAC= 
##$SHAPE_BWFAC50= 
##$SHAPE_INTEGFAC= 
##$SHAPE_MODE= 
##NPOINTS= 1000
##XYPOINTS= (XY..XY)
5.202000e+001, 2.700000e+002
5.199440e+001, 2.700000e+002
5.196545e+001, 2.700000e+002
5.193333e+001, 2.700000e+002
5.189817e+001, 2.700000e+002
5.186006e+001, 2.700000e+002
5.181903e+001, 2.700000e+002
5.177507e+001, 2.700000e+002
5.172813e+001, 2.700000e+002
5.167810e+001, 2.700000e+002
5.162483e+001, 2.700000e+002
5.156812e+001, 2.700000e+002
5.150771e+001, 2.700000e+002
5.144333e+001, 2.700000e+002
5.137464e+001, 2.700000e+002
5.130128e+001, 2.700000e+002
5.122282e+001, 2.700000e+002
5.113883e+001, 2.700000e+002
5.104884e+001, 2.700000e+002
5.095233e+001, 2.700000e+002
5.084880e+001, 2.700000e+002
5.073768e+001, 2.700000e+002
5.061842e+001, 2.700000e+002
5.049045e+001, 2.700000e+002
5.035317e+001, 2.700000e+002
5.020602e+001, 2.700000e+002
5.004840e+001, 2.700000e+002
4.987975e+001, 2.700000e+002
4.969950e+001, 2.700000e+002
4.950709e+001, 2.700000e+002
4.930201e+001, 2.700000e+002
4.908376e+001, 2.700000e+002
4.885185e+001, 2.700000e+002
4.860585e+001, 2.700000e+002
4.834535e+001, 2.700000e+002
4.807000e+001, 2.700000e+002
4.777948e+001, 2.700000e+002
4.747351e+001, 2.700000e+002
4.715187e+001, 2.700000e+002
4.681441e+001, 2.700000e+002
4.646100e+001, 2.700000e+002
4.609159e+001, 2.700000e+002
4.570617e+001, 2.700000e+002
4.530482e+001, 2.700000e+002
4.488764e+001, 2.700000e+002
4.445481e+001, 2.700000e+002
4.400657e+001, 2.700000e+002
4.354322e+001, 2.700000e+002
4.306511e+001, 2.700000e+002
4.257264e+001, 2.700000e+002
4.206627e+001, 2.700000e+002
4.154652e+001, 2.700000e+002
4.101396e+001, 2.700000e+002
4.046918e+001, 2.700000e+002
3.991284e+001, 2.700000e+002
3.934563e+001, 2.700000e+002
3.876827e+001, 2.700000e+002
3.818154e+001, 2.700000e+002
3.758620e+001, 2.700000e+002
3.698307e+001, 2.700000e+002
3.637299e+001, 2.700000e+002
3.575678e+001, 2.700000e+002
3.513531e+001, 2.700000e+002
3.450942e+001, 2.700000e+002
3.387998e+001, 2.700000e+002
3.324784e+001, 2.700000e+002
3.261384e+001, 2.700000e+002
3.197881e+001, 2.700000e+002
3.134355e+001, 2.700000e+002
3.070884e+001, 2.700000e+002
3.007545e+001, 2.700000e+002
2.944410e+001, 2.700000e+002
2.881548e+001, 2.700000e+002
2.819023e+001, 2.700000e+002
2.756896e+001, 2.700000e+002
2.695223e+001, 2.700000e+002
2.634055e+001, 2.700000e+002
2.573437e+001, 2.700000e+002
2.513409e+001, 2.700000e+002
2.454006e+001, 2.700000e+002
2.395257e+001, 2.700000e+002
2.337185e+001, 2.700000e+002
2.279807e+001, 2.700000e+002
2.223133e+001, 2.700000e+002
2.167169e+001, 2.700000e+002
2.111912e+001, 2.700000e+002
2.057358e+001, 2.700000e+002
2.003492e+001, 2.700000e+002
1.950296e+001, 2.700000e+002
1.897746e+001, 2.700000e+002
1.845813e+001, 2.700000e+002
1.794463e+001, 2.700000e+002
1.743656e+001, 2.700000e+002
1.693351e+001, 2.700000e+002
1.643499e+001, 2.700000e+002
1.594050e+001, 2.700000e+002
1.544950e+001, 2.700000e+002
1.496141e+001, 2.700000e+002
1.447564e+001, 2.700000e+002
1.399157e+001, 2.700000e+002
1.350858e+001, 2.700000e+002
1.302603e+001, 2.700000e+002
1.254327e+001, 2.700000e+002
1.205966e+001, 2.700000e+002
1.157455e+001, 2.700000e+002
1.108730e+001, 2.700000e+002
1.059730e+001, 2.700000e+002
1.010394e+001, 2.700000e+002
9.606648e+000, 2.700000e+002
9.104857e+000, 2.700000e+002
8.598045e+000, 2.700000e+002
8.085723e+000, 2.700000e+002
7.567435e+000, 2.700000e+002
7.042770e+000, 2.700000e+002
6.511358e+000, 2.700000e+002
5.972879e+000, 2.700000e+002
5.427060e+000, 2.700000e+002
4.873678e+000, 2.700000e+002
4.312565e+000, 2.700000e+002
3.743607e+000, 2.700000e+002
3.166742e+000, 2.700000e+002
2.581968e+000, 2.700000e+002
1.989334e+000, 2.700000e+002
1.388948e+000, 2.700000e+002
7.809708e-001, 2.700000e+002
1.656167e-001, 2.700001e+002
4.568475e-001, 8.999997e+001
1.086105e+000, 8.999999e+001
1.721790e+000, 8.999999e+001
2.363492e+000, 8.999999e+001
3.010759e+000, 8.999999e+001
3.663096e+000, 8.999999e+001
4.319977e+000, 8.999999e+001
4.980838e+000, 8.999999e+001
5.645092e+000, 8.999999e+001
6.312124e+000, 8.999999e+001
6.981300e+000, 8.999999e+001
7.651972e+000, 9.000000e+001
8.323479e+000, 9.000000e+001
8.995155e+000, 9.000000e+001
9.666333e+000, 9.000000e+001
1.033635e+001, 9.000000e+001
1.100454e+001, 9.000000e+001
1.167027e+001, 9.000000e+001
1.233290e+001, 9.000000e+001
1.299183e+001, 9.000000e+001
1.364647e+001, 9.000000e+001
1.429627e+001, 9.000000e+001
1.494070e+001, 9.000000e+001
1.557929e+001, 9.000000e+001
1.621157e+001, 9.000000e+001
1.683714e+001, 9.000000e+001
1.745563e+001, 9.000000e+001
1.806674e+001, 9.000000e+001
1.867017e+001, 9.000000e+001
1.926570e+001, 9.000000e+001
1.985316e+001, 9.000000e+001
2.043242e+001, 9.000000e+001
2.100340e+001, 9.000000e+001
2.156606e+001, 9.000000e+001
2.212041e+001, 9.000000e+001
2.266652e+001, 9.000000e+001
2.320449e+001, 9.000000e+001
2.373446e+001, 9.000000e+001
2.425662e+001, 9.000000e+001
2.477118e+001, 9.000000e+001
2.527840e+001, 9.000000e+001
2.577856e+001, 9.000000e+001
2.627198e+001, 9.000000e+001
2.675897e+001, 9.000000e+001
2.723991e+001, 9.000000e+001
2.771514e+001, 9.000000e+001
2.818505e+001, 9.000000e+001
2.865001e+001, 9.000000e+001
2.911042e+001, 9.000000e+001
2.956666e+001, 9.000000e+001
3.001909e+001, 9.000000e+001
3.046809e+001, 9.000000e+001
3.091400e+001, 9.000000e+001
3.135717e+001, 9.000000e+001
3.179789e+001, 9.000000e+001
3.223645e+001, 9.000000e+001
3.267310e+001, 9.000000e+001
3.310807e+001, 9.000000e+001
3.354155e+001, 9.000000e+001
3.397367e+001, 9.000000e+001
3.440456e+001, 9.000000e+001
3.483427e+001, 9.000000e+001
3.526283e+001, 9.000000e+001
3.569021e+001, 9.000000e+001
3.611634e+001, 9.000000e+001
3.654112e+001, 9.000000e+001
3.696436e+001, 9.000000e+001
3.738586e+001, 9.000000e+001
3.780535e+001, 9.000000e+001
3.822253e+001, 9.000000e+001
3.863705e+001, 9.000000e+001
3.904849e+001, 9.000000e+001
3.945642e+001, 9.000000e+001
3.986035e+001, 9.000000e+001
4.025975e+001, 9.000000e+001
4.065406e+001, 9.000000e+001
4.104267e+001, 9.000000e+001
4.142494e+001, 9.000000e+001
4.180022e+001, 9.000000e+001
4.216781e+001, 9.000000e+001
4.252699e+001, 9.000000e+001
4.287702e+001, 9.000000e+001
4.321715e+001, 9.000000e+001
4.354662e+001, 9.000000e+001
4.386463e+001, 9.000000e+001
4.417041e+001, 9.000000e+001
4.446318e+001, 9.000000e+001
4.474214e+001, 9.000000e+001
4.500653e+001, 9.000000e+001
4.525556e+001, 9.000000e+001
4.548849e+001, 9.000000e+001
4.570458e+001, 9.000000e+001
4.590311e+001, 9.000000e+001
4.608339e+001, 9.000000e+001
4.624475e+001, 9.000000e+001
4.638657e+001, 9.000000e+001
4.650824e+001, 9.000000e+001
4.660921e+001, 9.000000e+001
4.668896e+001, 9.000000e+001
4.674701e+001, 9.000000e+001
4.678293e+001, 9.000000e+001
4.679633e+001, 9.000000e+001
4.678688e+001, 9.000000e+001
4.675429e+001, 9.000000e+001
4.669833e+001, 9.000000e+001
4.661881e+001, 9.000000e+001
4.651560e+001, 9.000000e+001
4.638862e+001, 9.000000e+001
4.623784e+001, 9.000000e+001
4.606328e+001, 9.000000e+001
4.586502e+001, 9.000000e+001
4.564316e+001, 9.000000e+001
4.539788e+001, 9.000000e+001
4.512938e+001, 9.000000e+001
4.483792e+001, 9.000000e+001
4.452378e+001, 9.000000e+001
4.418729e+001, 9.000000e+001
4.382881e+001, 9.000000e+001
4.344872e+001, 9.000000e+001
4.304743e+001, 9.000000e+001
4.262538e+001, 9.000000e+001
4.218302e+001, 9.000000e+001
4.172082e+001, 9.000000e+001
4.123923e+001, 9.000000e+001
4.073875e+001, 9.000000e+001
4.021985e+001, 9.000000e+001
3.968301e+001, 9.000000e+001
3.912868e+001, 9.000000e+001
3.855734e+001, 9.000000e+001
3.796940e+001, 9.000000e+001
3.736529e+001, 9.000000e+001
3.674541e+001, 9.000000e+001
3.611013e+001, 9.000000e+001
3.545977e+001, 9.000000e+001
3.479465e+001, 9.000000e+001
3.411504e+001, 9.000000e+001
3.342118e+001, 9.000000e+001
3.271325e+001, 9.000000e+001
3.199142e+001, 9.000000e+001
3.125579e+001, 9.000000e+001
3.050645e+001, 9.000000e+001
2.974343e+001, 9.000000e+001
2.896672e+001, 9.000000e+001
2.817628e+001, 9.000000e+001
2.737202e+001, 9.000000e+001
2.655382e+001, 9.000000e+001
2.572154e+001, 9.000000e+001
2.487499e+001, 9.000000e+001
2.401396e+001, 9.000000e+001
2.313822e+001, 9.000000e+001
2.224752e+001, 9.000000e+001
2.134159e+001, 9.000000e+001
2.042016e+001, 9.000000e+001
1.948295e+001, 9.000000e+001
1.852967e+001, 9.000000e+001
1.756005e+001, 9.000000e+001
1.657383e+001, 9.000000e+001
1.557076e+001, 9.000000e+001
1.455062e+001, 9.000000e+001
1.351322e+001, 9.000000e+001
1.245840e+001, 9.000000e+001
1.138605e+001, 9.000000e+001
1.029609e+001, 9.000000e+001
9.188502e+000, 9.000000e+001
8.063327e+000, 9.000000e+001
6.920665e+000, 9.000000e+001
5.760682e+000, 9.000000e+001
4.583615e+000, 9.000001e+001
3.389776e+000, 9.000001e+001
2.179552e+000, 9.000001e+001
9.534117e-001, 9.000003e+001
2.880931e-001, 2.699999e+002
1.544328e+000, 2.700000e+002
2.814574e+000, 2.700000e+002
4.098026e+000, 2.700000e+002
5.393794e+000, 2.700000e+002
6.700906e+000, 2.700000e+002
8.018304e+000, 2.700000e+002
9.344853e+000, 2.700000e+002
1.067934e+001, 2.700000e+002
1.202048e+001, 2.700000e+002
1.336690e+001, 2.700000e+002
1.471720e+001, 2.700000e+002
1.606988e+001, 2.700000e+002
1.742341e+001, 2.700000e+002
1.877620e+001, 2.700000e+002
2.012662e+001, 2.700000e+002
2.147301e+001, 2.700000e+002
2.281368e+001, 2.700000e+002
2.414691e+001, 2.700000e+002
2.547098e+001, 2.700000e+002
2.678416e+001, 2.700000e+002
2.808473e+001, 2.700000e+002
2.937097e+001, 2.700000e+002
3.064119e+001, 2.700000e+002
3.189373e+001, 2.700000e+002
3.312694e+001, 2.700000e+002
3.433925e+001, 2.700000e+002
3.552912e+001, 2.700000e+002
3.669507e+001, 2.700000e+002
3.783570e+001, 2.700000e+002
3.894966e+001, 2.700000e+002
4.003571e+001, 2.700000e+002
4.109266e+001, 2.700000e+002
4.211945e+001, 2.700000e+002
4.311507e+001, 2.700000e+002
4.407866e+001, 2.700000e+002
4.500944e+001, 2.700000e+002
4.590673e+001, 2.700000e+002
4.676998e+001, 2.700000e+002
4.759874e+001, 2.700000e+002
4.839270e+001, 2.700000e+002
4.915163e+001, 2.700000e+002
4.987546e+001, 2.700000e+002
5.056421e+001, 2.700000e+002
5.121803e+001, 2.700000e+002
5.183717e+001, 2.700000e+002
5.242203e+001, 2.700000e+002
5.297308e+001, 2.700000e+002
5.349093e+001, 2.700000e+002
5.397630e+001, 2.700000e+002
5.442998e+001, 2.700000e+002
5.485290e+001, 2.700000e+002
5.524605e+001, 2.700000e+002
5.561053e+001, 2.700000e+002
5.594752e+001, 2.700000e+002
5.625827e+001, 2.700000e+002
5.654410e+001, 2.700000e+002
5.680640e+001, 2.700000e+002
5.704662e+001, 2.700000e+002
5.726624e+001, 2.700000e+002
5.746681e+001, 2.700000e+002
5.764988e+001, 2.700000e+002
5.781707e+001, 2.700000e+002
5.796997e+001, 2.700000e+002
5.811022e+001, 2.700000e+002
5.823942e+001, 2.700000e+002
5.835921e+001, 2.700000e+002
5.847118e+001, 2.700000e+002
5.857691e+001, 2.700000e+002
5.867795e+001, 2.700000e+002
5.877580e+001, 2.700000e+002
5.887193e+001, 2.700000e+002
5.896774e+001, 2.700000e+002
5.906457e+001, 2.700000e+002
5.916370e+001, 2.700000e+002
5.926632e+001, 2.700000e+002
5.937357e+001, 2.700000e+002
5.948646e+001, 2.700000e+002
5.960593e+001, 2.700000e+002
5.973281e+001, 2.700000e+002
5.986785e+001, 2.700000e+002
6.001166e+001, 2.700000e+002
6.016477e+001, 2.700000e+002
6.032757e+001, 2.700000e+002
6.050035e+001, 2.700000e+002
6.068326e+001, 2.700000e+002
6.087636e+001, 2.700000e+002
6.107957e+001, 2.700000e+002
6.129268e+001, 2.700000e+002
6.151538e+001, 2.700000e+002
6.174723e+001, 2.700000e+002
6.198765e+001, 2.700000e+002
6.223598e+001, 2.700000e+002
6.249143e+001, 2.700000e+002
6.275308e+001, 2.700000e+002
6.301993e+001, 2.700000e+002
6.329086e+001, 2.700000e+002
6.356466e+001, 2.700000e+002
6.384002e+001, 2.700000e+002
6.411555e+001, 2.700000e+002
6.438977e+001, 2.700000e+002
6.466113e+001, 2.700000e+002
6.492801e+001, 2.700000e+002
6.518874e+001, 2.700000e+002
6.544159e+001, 2.700000e+002
6.568477e+001, 2.700000e+002
6.591647e+001, 2.700000e+002
6.613486e+001, 2.700000e+002
6.633806e+001, 2.700000e+002
6.652422e+001, 2.700000e+002
6.669146e+001, 2.700000e+002
6.683790e+001, 2.700000e+002
6.696170e+001, 2.700000e+002
6.706102e+001, 2.700000e+002
6.713406e+001, 2.700000e+002
6.717908e+001, 2.700000e+002
6.719436e+001, 2.700000e+002
6.717825e+001, 2.700000e+002
6.712916e+001, 2.700000e+002
6.704559e+001, 2.700000e+002
6.692608e+001, 2.700000e+002
6.676930e+001, 2.700000e+002
6.657398e+001, 2.700000e+002
6.633897e+001, 2.700000e+002
6.606321e+001, 2.700000e+002
6.574574e+001, 2.700000e+002
6.538574e+001, 2.700000e+002
6.498248e+001, 2.700000e+002
6.453537e+001, 2.700000e+002
6.404393e+001, 2.700000e+002
6.350779e+001, 2.700000e+002
6.292675e+001, 2.700000e+002
6.230069e+001, 2.700000e+002
6.162965e+001, 2.700000e+002
6.091378e+001, 2.700000e+002
6.015336e+001, 2.700000e+002
5.934880e+001, 2.700000e+002
5.850062e+001, 2.700000e+002
5.760948e+001, 2.700000e+002
5.667613e+001, 2.700000e+002
5.570147e+001, 2.700000e+002
5.468647e+001, 2.700000e+002
5.363223e+001, 2.700000e+002
5.253994e+001, 2.700000e+002
5.141089e+001, 2.700000e+002
5.024643e+001, 2.700000e+002
4.904804e+001, 2.700000e+002
4.781723e+001, 2.700000e+002
4.655559e+001, 2.700000e+002
4.526479e+001, 2.700000e+002
4.394652e+001, 2.700000e+002
4.260254e+001, 2.700000e+002
4.123463e+001, 2.700000e+002
3.984461e+001, 2.700000e+002
3.843432e+001, 2.700000e+002
3.700561e+001, 2.700000e+002
3.556033e+001, 2.700000e+002
3.410034e+001, 2.700000e+002
3.262747e+001, 2.700000e+002
3.114356e+001, 2.700000e+002
2.965041e+001, 2.700000e+002
2.814978e+001, 2.700000e+002
2.664341e+001, 2.700000e+002
2.513299e+001, 2.700000e+002
2.362016e+001, 2.700000e+002
2.210650e+001, 2.700000e+002
2.059355e+001, 2.700000e+002
1.908275e+001, 2.700000e+002
1.757551e+001, 2.700000e+002
1.607314e+001, 2.700000e+002
1.457691e+001, 2.700000e+002
1.308799e+001, 2.700000e+002
1.160746e+001, 2.700000e+002
1.013636e+001, 2.700000e+002
8.675629e+000, 2.700000e+002
7.226124e+000, 2.700000e+002
5.788636e+000, 2.700000e+002
4.363873e+000, 2.700000e+002
2.952471e+000, 2.700000e+002
1.554994e+000, 2.700000e+002
1.719334e-001, 2.700002e+002
1.196283e+000, 8.999997e+001
2.549293e+000, 8.999999e+001
3.886792e+000, 8.999999e+001
5.208533e+000, 9.000000e+001
6.514319e+000, 9.000000e+001
7.804000e+000, 9.000000e+001
9.077467e+000, 9.000000e+001
1.033465e+001, 9.000000e+001
1.157551e+001, 9.000000e+001
1.280004e+001, 9.000000e+001
1.400824e+001, 9.000000e+001
1.520015e+001, 9.000000e+001
1.637581e+001, 9.000000e+001
1.753526e+001, 9.000000e+001
1.867857e+001, 9.000000e+001
1.980578e+001, 9.000000e+001
2.091694e+001, 9.000000e+001
2.201209e+001, 9.000000e+001
2.309127e+001, 9.000000e+001
2.415448e+001, 9.000000e+001
2.520172e+001, 9.000000e+001
2.623298e+001, 9.000000e+001
2.724820e+001, 9.000000e+001
2.824732e+001, 9.000000e+001
2.923024e+001, 9.000000e+001
3.019684e+001, 9.000000e+001
3.114699e+001, 9.000000e+001
3.208051e+001, 9.000000e+001
3.299721e+001, 9.000000e+001
3.389686e+001, 9.000000e+001
3.477923e+001, 9.000000e+001
3.564404e+001, 9.000000e+001
3.649101e+001, 9.000000e+001
3.731984e+001, 9.000000e+001
3.813021e+001, 9.000000e+001
3.892177e+001, 9.000000e+001
3.969419e+001, 9.000000e+001
4.044712e+001, 9.000000e+001
4.118019e+001, 9.000000e+001
4.189305e+001, 9.000000e+001
4.258535e+001, 9.000000e+001
4.325673e+001, 9.000000e+001
4.390685e+001, 9.000000e+001
4.453539e+001, 9.000000e+001
4.514204e+001, 9.000000e+001
4.572650e+001, 9.000000e+001
4.628850e+001, 9.000000e+001
4.682782e+001, 9.000000e+001
4.734422e+001, 9.000000e+001
4.783753e+001, 9.000000e+001
4.830761e+001, 9.000000e+001
4.875434e+001, 9.000000e+001
4.917765e+001, 9.000000e+001
4.957752e+001, 9.000000e+001
4.995396e+001, 9.000000e+001
5.030703e+001, 9.000000e+001
5.063682e+001, 9.000000e+001
5.094349e+001, 9.000000e+001
5.122724e+001, 9.000000e+001
5.148828e+001, 9.000000e+001
5.172692e+001, 9.000000e+001
5.194349e+001, 9.000000e+001
5.213835e+001, 9.000000e+001
5.231191e+001, 9.000000e+001
5.246465e+001, 9.000000e+001
5.259704e+001, 9.000000e+001
5.270963e+001, 9.000000e+001
5.280298e+001, 9.000000e+001
5.287769e+001, 9.000000e+001
5.293438e+001, 9.000000e+001
5.297372e+001, 9.000000e+001
5.299637e+001, 9.000000e+001
5.300304e+001, 9.000000e+001
5.299443e+001, 9.000000e+001
5.297127e+001, 9.000000e+001
5.293430e+001, 9.000000e+001
5.288426e+001, 9.000000e+001
5.282189e+001, 9.000000e+001
5.274792e+001, 9.000000e+001
5.266310e+001, 9.000000e+001
5.256814e+001, 9.000000e+001
5.246376e+001, 9.000000e+001
5.235067e+001, 9.000000e+001
5.222952e+001, 9.000000e+001
5.210098e+001, 9.000000e+001
5.196568e+001, 9.000000e+001
5.182421e+001, 9.000000e+001
5.167715e+001, 9.000000e+001
5.152502e+001, 9.000000e+001
5.136833e+001, 9.000000e+001
5.120753e+001, 9.000000e+001
5.104304e+001, 9.000000e+001
5.087524e+001, 9.000000e+001
5.070446e+001, 9.000000e+001
5.053098e+001, 9.000000e+001
5.035505e+001, 9.000000e+001
5.017685e+001, 9.000000e+001
4.999655e+001, 9.000000e+001
4.981423e+001, 9.000000e+001
4.962995e+001, 9.000000e+001
4.944371e+001, 9.000000e+001
4.925548e+001, 9.000000e+001
4.906516e+001, 9.000000e+001
4.887264e+001, 9.000000e+001
4.867773e+001, 9.000000e+001
4.848023e+001, 9.000000e+001
4.827989e+001, 9.000000e+001
4.807641e+001, 9.000000e+001
4.786949e+001, 9.000000e+001
4.765877e+001, 9.000000e+001
4.744388e+001, 9.000000e+001
4.722440e+001, 9.000000e+001
4.699993e+001, 9.000000e+001
4.677002e+001, 9.000000e+001
4.653422e+001, 9.000000e+001
4.629207e+001, 9.000000e+001
4.604310e+001, 9.000000e+001
4.578685e+001, 9.000000e+001
4.552285e+001, 9.000000e+001
4.525065e+001, 9.000000e+001
4.496980e+001, 9.000000e+001
4.467986e+001, 9.000000e+001
4.438044e+001, 9.000000e+001
4.407115e+001, 9.000000e+001
4.375164e+001, 9.000000e+001
4.342157e+001, 9.000000e+001
4.308065e+001, 9.000000e+001
4.272865e+001, 9.000000e+001
4.236534e+001, 9.000000e+001
4.199057e+001, 9.000000e+001
4.160421e+001, 9.000000e+001
4.120621e+001, 9.000000e+001
4.079653e+001, 9.000000e+001
4.037523e+001, 9.000000e+001
3.994238e+001, 9.000000e+001
3.949814e+001, 9.000000e+001
3.904270e+001, 9.000000e+001
3.857631e+001, 9.000000e+001
3.809928e+001, 9.000000e+001
3.761198e+001, 9.000000e+001
3.711482e+001, 9.000000e+001
3.660825e+001, 9.000000e+001
3.609280e+001, 9.000000e+001
3.556900e+001, 9.000000e+001
3.503747e+001, 9.000000e+001
3.449884e+001, 9.000000e+001
3.395378e+001, 9.000000e+001
3.340300e+001, 9.000000e+001
3.284723e+001, 9.000000e+001
3.228723e+001, 9.000000e+001
3.172377e+001, 9.000000e+001
3.115764e+001, 9.000000e+001
3.058965e+001, 9.000000e+001
3.002059e+001, 9.000000e+001
2.945128e+001, 9.000000e+001
2.888251e+001, 9.000000e+001
2.831507e+001, 9.000000e+001
2.774975e+001, 9.000000e+001
2.718730e+001, 9.000000e+001
2.662845e+001, 9.000000e+001
2.607392e+001, 9.000000e+001
2.552438e+001, 9.000000e+001
2.498046e+001, 9.000000e+001
2.444278e+001, 9.000000e+001
2.391190e+001, 9.000000e+001
2.338832e+001, 9.000000e+001
2.287251e+001, 9.000000e+001
2.236490e+001, 9.000000e+001
2.186585e+001, 9.000000e+001
2.137567e+001, 9.000000e+001
2.089462e+001, 9.000000e+001
2.042290e+001, 9.000000e+001
1.996066e+001, 9.000000e+001
1.950800e+001, 9.000000e+001
1.906496e+001, 9.000000e+001
1.863151e+001, 9.000000e+001
1.820761e+001, 9.000000e+001
1.779312e+001, 9.000000e+001
1.738788e+001, 9.000000e+001
1.699169e+001, 9.000000e+001
1.660429e+001, 9.000000e+001
1.622538e+001, 9.000000e+001
1.585463e+001, 9.000000e+001
1.549169e+001, 9.000000e+001
1.513614e+001, 9.000000e+001
1.478759e+001, 9.000000e+001
1.444558e+001, 9.000000e+001
1.410965e+001, 9.000000e+001
1.377934e+001, 9.000000e+001
1.345417e+001, 9.000000e+001
1.313365e+001, 9.000000e+001
1.281730e+001, 9.000000e+001
1.250464e+001, 9.000000e+001
1.219521e+001, 9.000000e+001
1.188855e+001, 9.000000e+001
1.158423e+001, 9.000000e+001
1.128183e+001, 9.000000e+001
1.098097e+001, 9.000000e+001
1.068129e+001, 9.000000e+001
1.038247e+001, 9.000000e+001
1.008421e+001, 9.000000e+001
9.786277e+000, 9.000000e+001
9.488455e+000, 9.000000e+001
9.190586e+000, 9.000000e+001
8.892553e+000, 9.000000e+001
8.594290e+000, 9.000000e+001
8.295778e+000, 9.000000e+001
7.997047e+000, 9.000000e+001
7.698179e+000, 9.000000e+001
7.399307e+000, 9.000000e+001
7.100612e+000, 9.000000e+001
6.802327e+000, 9.000000e+001
6.504732e+000, 9.000000e+001
6.208154e+000, 9.000000e+001
5.912965e+000, 9.000000e+001
5.619582e+000, 9.000000e+001
5.328460e+000, 9.000000e+001
5.040093e+000, 9.000000e+001
4.755010e+000, 9.000000e+001
4.473770e+000, 9.000000e+001
4.196962e+000, 9.000000e+001
3.925197e+000, 9.000000e+001
3.659104e+000, 9.000000e+001
3.399331e+000, 9.000000e+001
3.146533e+000, 9.000000e+001
2.901375e+000, 9.000000e+001
2.664521e+000, 9.000000e+001
2.436632e+000, 8.999999e+001
2.218363e+000, 8.999999e+001
2.010353e+000, 8.999999e+001
1.813228e+000, 8.999999e+001
1.627587e+000, 8.999999e+001
1.454005e+000, 8.999999e+001
1.293027e+000, 8.999999e+001
1.145159e+000, 8.999999e+001
1.010870e+000, 9.000000e+001
8.905840e-001, 9.000000e+001
7.846789e-001, 9.000000e+001
6.934810e-001, 9.000000e+001
6.172630e-001, 9.000000e+001
5.562409e-001, 9.000000e+001
5.105716e-001, 9.000000e+001
4.803508e-001, 9.000001e+001
4.656112e-001, 9.000001e+001
4.663208e-001, 9.000001e+001
4.823826e-001, 9.000001e+001
5.136336e-001, 9.000001e+001
5.598445e-001, 9.000002e+001
6.207205e-001, 9.000002e+001
6.959017e-001, 9.000002e+001
7.849642e-001, 9.000002e+001
8.874218e-001, 9.000002e+001
1.002728e+000, 9.000001e+001
1.130278e+000, 9.000001e+001
1.269412e+000, 9.000001e+001
1.419420e+000, 9.000001e+001
1.579539e+000, 9.000001e+001
1.748967e+000, 9.000001e+001
1.926857e+000, 9.000001e+001
2.112330e+000, 9.000001e+001
2.304472e+000, 9.000001e+001
2.502347e+000, 9.000001e+001
2.704996e+000, 9.000001e+001
2.911444e+000, 9.000001e+001
3.120708e+000, 9.000001e+001
3.331799e+000, 9.000001e+001
3.543730e+000, 9.000001e+001
3.755523e+000, 9.000001e+001
3.966209e+000, 9.000001e+001
4.174841e+000, 9.000001e+001
4.380494e+000, 9.000001e+001
4.582274e+000, 9.000001e+001
4.779319e+000, 9.000001e+001
4.970808e+000, 9.000001e+001
5.155965e+000, 9.000001e+001
5.334061e+000, 9.000001e+001
5.504423e+000, 9.000001e+001
5.666430e+000, 9.000001e+001
5.819526e+000, 9.000001e+001
5.963216e+000, 9.000001e+001
6.097069e+000, 9.000001e+001
6.220726e+000, 9.000001e+001
6.333895e+000, 9.000001e+001
6.436356e+000, 9.000001e+001
6.527963e+000, 9.000001e+001
6.608640e+000, 9.000001e+001
6.678385e+000, 9.000001e+001
6.737268e+000, 9.000001e+001
6.785430e+000, 9.000001e+001
6.823084e+000, 9.000001e+001
6.850508e+000, 9.000001e+001
6.868049e+000, 9.000001e+001
6.876117e+000, 9.000001e+001
6.875184e+000, 9.000001e+001
6.865778e+000, 9.000001e+001
6.848483e+000, 9.000001e+001
6.823934e+000, 9.000001e+001
6.792812e+000, 9.000001e+001
6.755842e+000, 9.000001e+001
6.713787e+000, 9.000001e+001
6.667444e+000, 9.000001e+001
6.617640e+000, 9.000001e+001
6.565227e+000, 9.000001e+001
6.511077e+000, 9.000001e+001
6.456078e+000, 9.000001e+001
6.401128e+000, 9.000001e+001
6.347134e+000, 9.000001e+001
6.295002e+000, 9.000001e+001
6.245636e+000, 9.000001e+001
6.199934e+000, 9.000001e+001
6.158781e+000, 9.000001e+001
6.123047e+000, 9.000001e+001
6.093584e+000, 9.000001e+001
6.071219e+000, 9.000001e+001
6.056754e+000, 9.000001e+001
6.050961e+000, 9.000001e+001
6.054577e+000, 9.000001e+001
6.068306e+000, 9.000001e+001
6.092813e+000, 9.000001e+001
6.128720e+000, 9.000001e+001
6.176609e+000, 9.000001e+001
6.237016e+000, 9.000001e+001
6.310431e+000, 9.000001e+001
6.397298e+000, 9.000001e+001
6.498010e+000, 9.000001e+001
6.612912e+000, 9.000001e+001
6.742300e+000, 9.000001e+001
6.886418e+000, 9.000001e+001
7.045460e+000, 9.000001e+001
7.219571e+000, 9.000001e+001
7.408845e+000, 9.000001e+001
7.613328e+000, 9.000001e+001
7.833016e+000, 9.000001e+001
8.067859e+000, 9.000001e+001
8.317758e+000, 9.000001e+001
8.582573e+000, 9.000001e+001
8.862116e+000, 9.000001e+001
9.156159e+000, 9.000001e+001
9.464433e+000, 9.000001e+001
9.786630e+000, 9.000001e+001
1.012240e+001, 9.000001e+001
1.047138e+001, 9.000001e+001
1.083314e+001, 9.000001e+001
1.120724e+001, 9.000001e+001
1.159320e+001, 9.000001e+001
1.199054e+001, 9.000001e+001
1.239872e+001, 9.000001e+001
1.281720e+001, 9.000001e+001
1.324541e+001, 9.000001e+001
4.549565e+001, 9.000000e+001
4.534126e+001, 9.000000e+001
4.518322e+001, 9.000000e+001
4.502179e+001, 9.000000e+001
4.485720e+001, 9.000000e+001
4.468963e+001, 9.000000e+001
4.451924e+001, 9.000000e+001
4.434614e+001, 9.000000e+001
4.417041e+001, 9.000000e+001
4.399213e+001, 9.000000e+001
4.381131e+001, 9.000000e+001
4.362796e+001, 9.000000e+001
4.344206e+001, 9.000000e+001
4.325357e+001, 9.000000e+001
4.306244e+001, 9.000000e+001
4.286857e+001, 9.000000e+001
4.267189e+001, 9.000000e+001
4.247228e+001, 9.000000e+001
4.226962e+001, 9.000000e+001
4.206379e+001, 9.000000e+001
4.185465e+001, 9.000000e+001
4.164206e+001, 9.000000e+001
4.142587e+001, 9.000000e+001
4.120593e+001, 9.000000e+001
4.098209e+001, 9.000000e+001
4.075419e+001, 9.000000e+001
4.052208e+001, 9.000000e+001
4.028561e+001, 9.000000e+001
4.004463e+001, 9.000000e+001
3.979898e+001, 9.000000e+001
3.954853e+001, 9.000000e+001
3.929312e+001, 9.000000e+001
3.903262e+001, 9.000000e+001
3.876689e+001, 9.000000e+001
3.849579e+001, 9.000000e+001
3.821919e+001, 9.000000e+001
3.793697e+001, 9.000000e+001
3.764898e+001, 9.000000e+001
3.735512e+001, 9.000000e+001
3.705524e+001, 9.000000e+001
3.674924e+001, 9.000000e+001
3.643697e+001, 9.000000e+001
3.611832e+001, 9.000000e+001
3.579317e+001, 9.000000e+001
3.546138e+001, 9.000000e+001
3.512282e+001, 9.000000e+001
3.477737e+001, 9.000000e+001
3.442488e+001, 9.000000e+001
3.406523e+001, 9.000000e+001
3.369828e+001, 9.000000e+001
3.332388e+001, 9.000000e+001
3.294190e+001, 9.000000e+001
3.255218e+001, 9.000000e+001
3.215458e+001, 9.000000e+001
3.174896e+001, 9.000000e+001
3.133516e+001, 9.000000e+001
3.091305e+001, 9.000000e+001
3.048247e+001, 9.000000e+001
3.004331e+001, 9.000000e+001
2.959541e+001, 9.000000e+001
2.913866e+001, 9.000000e+001
2.867294e+001, 9.000000e+001
2.819815e+001, 9.000000e+001
2.771420e+001, 9.000000e+001
2.722102e+001, 9.000000e+001
2.671855e+001, 9.000000e+001
2.620676e+001, 9.000000e+001
2.568564e+001, 9.000000e+001
2.515522e+001, 9.000000e+001
2.461554e+001, 9.000000e+001
2.406669e+001, 9.000000e+001
2.350878e+001, 9.000000e+001
2.294197e+001, 9.000000e+001
2.236645e+001, 9.000000e+001
2.178249e+001, 9.000000e+001
2.119035e+001, 9.000000e+001
2.059040e+001, 9.000000e+001
1.998301e+001, 9.000000e+001
1.936865e+001, 9.000000e+001
1.874781e+001, 9.000000e+001
1.812106e+001, 9.000000e+001
1.748904e+001, 9.000000e+001
1.685243e+001, 9.000000e+001
1.621199e+001, 9.000000e+001
1.556853e+001, 9.000000e+001
1.492295e+001, 9.000000e+001
1.427621e+001, 9.000000e+001
1.362931e+001, 9.000000e+001
1.298336e+001, 9.000000e+001
1.233951e+001, 9.000000e+001
1.169897e+001, 9.000000e+001
1.106304e+001, 9.000000e+001
1.043307e+001, 9.000000e+001
9.810470e+000, 9.000001e+001
9.196711e+000, 9.000001e+001
8.593324e+000, 9.000001e+001
8.001895e+000, 9.000001e+001
7.424059e+000, 9.000001e+001
6.861501e+000, 9.000001e+001
6.315950e+000, 9.000001e+001
5.789177e+000, 9.000001e+001
5.282989e+000, 9.000001e+001
4.799224e+000, 9.000001e+001
4.339749e+000, 9.000001e+001
3.906453e+000, 9.000002e+001
3.501244e+000, 9.000002e+001
3.126040e+000, 9.000002e+001
2.782769e+000, 9.000002e+001
2.473360e+000, 9.000003e+001
2.199738e+000, 9.000003e+001
1.963818e+000, 9.000003e+001
1.767505e+000, 9.000004e+001
1.612678e+000, 9.000004e+001
1.501196e+000, 9.000005e+001
1.434884e+000, 9.000005e+001
1.415533e+000, 9.000005e+001
1.444892e+000, 9.000005e+001
1.524664e+000, 9.000005e+001
1.656501e+000, 9.000004e+001
1.842000e+000, 9.000004e+001
2.082699e+000, 9.000004e+001
2.380071e+000, 9.000003e+001
2.735520e+000, 9.000003e+001
3.150380e+000, 9.000003e+001
3.625910e+000, 9.000002e+001
4.163289e+000, 9.000002e+001
4.763616e+000, 9.000002e+001
5.427907e+000, 9.000002e+001
6.157090e+000, 9.000001e+001
6.952007e+000, 9.000001e+001
7.813409e+000, 9.000001e+001
8.741956e+000, 9.000001e+001
9.738214e+000, 9.000001e+001
1.080266e+001, 9.000001e+001
1.193566e+001, 9.000001e+001
1.313752e+001, 9.000001e+001
1.440841e+001, 9.000001e+001
1.574843e+001, 9.000001e+001
1.715758e+001, 9.000001e+001
1.863576e+001, 9.000001e+001
2.018277e+001, 9.000001e+001
2.179833e+001, 9.000000e+001
2.348206e+001, 9.000000e+001
2.523348e+001, 9.000000e+001
2.705202e+001, 9.000000e+001
2.893701e+001, 9.000000e+001
3.088771e+001, 9.000000e+001
3.290326e+001, 9.000000e+001
3.498273e+001, 9.000000e+001
3.712508e+001, 9.000000e+001
3.932920e+001, 9.000000e+001
4.159387e+001, 9.000000e+001
4.391778e+001, 9.000000e+001
4.629955e+001, 9.000000e+001
4.873769e+001, 9.000000e+001
5.123062e+001, 9.000000e+001
5.377666e+001, 9.000000e+001
5.637406e+001, 9.000000e+001
5.902096e+001, 9.000000e+001
6.171541e+001, 9.000000e+001
6.445535e+001, 9.000000e+001
6.723865e+001, 9.000000e+001
7.006305e+001, 9.000000e+001
7.292621e+001, 9.000000e+001
7.582568e+001, 9.000000e+001
7.875892e+001, 9.000000e+001
8.172326e+001, 9.000000e+001
8.471594e+001, 9.000000e+001
8.773408e+001, 9.000000e+001
9.077472e+001, 9.000000e+001
9.383474e+001, 9.000000e+001
9.691094e+001, 9.000000e+001
1.000000e+002, 9.000000e+001
##END
